,0,1,2,3,4,5,6,7,8,9,10,11
Name,NUVEI SUBORDINATE VOTING - PRICE INDEX,NUVEI SUBORDINATE VOTING - TOT RETURN IND,NUVEI SUBORDINATE VOTING - DIVIDEND YIELD,NUVEI SUBORDINATE VOTING - MARKET VALUE,NUVEI SUBORDINATE VOTING - PER,NUVEI SUBORDINATE VOTING - EARNINGS PER SHR,NUVEI SUBORDINATE VOTING - EPS 12M FWD,NUVEI SUBORDINATE VOTING - PE RATIO 12M FWD,NUVEI SUBORDINATE VOTING - ASK PRICE,NUVEI SUBORDINATE VOTING - BID PRICE,NUVEI SUBORDINATE VOTING - PRICE LOW,NUVEI SUBORDINATE VOTING - PRICE HIGH
MNEM,C:NVEI,C:NVEI,C:NVEI,C:NVEI,C:NVEI,C:NVEI,C:NVEI,C:NVEI,C:NVEI,C:NVEI,C:NVEI,C:NVEI
DATATYPE,PI,RI,DY,MV,PE,EPS,DIEP,DIPE,PA,PB,PL,PH
NAME,NUVEI SUBORDINATE VOTING,NUVEI SUBORDINATE VOTING,NUVEI SUBORDINATE VOTING,NUVEI SUBORDINATE VOTING,NUVEI SUBORDINATE VOTING,NUVEI SUBORDINATE VOTING,NUVEI SUBORDINATE VOTING,NUVEI SUBORDINATE VOTING,NUVEI SUBORDINATE VOTING,NUVEI SUBORDINATE VOTING,NUVEI SUBORDINATE VOTING,NUVEI SUBORDINATE VOTING
SECD,BMFNHJ5,BMFNHJ5,BMFNHJ5,BMFNHJ5,BMFNHJ5,BMFNHJ5,BMFNHJ5,BMFNHJ5,BMFNHJ5,BMFNHJ5,BMFNHJ5,BMFNHJ5
ISIN,CA67079A1021,CA67079A1021,CA67079A1021,CA67079A1021,CA67079A1021,CA67079A1021,CA67079A1021,CA67079A1021,CA67079A1021,CA67079A1021,CA67079A1021,CA67079A1021
CODON,CANADA,CANADA,CANADA,CANADA,CANADA,CANADA,CANADA,CANADA,CANADA,CANADA,CANADA,CANADA
ISOCUR,CAD,CAD,CAD,CAD,CAD,CAD,CAD,CAD,CAD,CAD,CAD,CAD
2020-09-17 00:00:00+00:00,100.0,100.0,0.0,1766.5,,,,,45.05,44.11,42.0,46.01
2020-09-18 00:00:00+00:00,102.4,102.44,0.0,1809.63,,,,,48.5,45.9,44.32,47.31
2020-09-21 00:00:00+00:00,100.1,100.11,0.0,1768.46,,,,,45.24,45.05,43.51,46.37
2020-09-22 00:00:00+00:00,102.3,102.33,0.0,1807.67,,,,,46.1,45.5,44.63,46.3
2020-09-23 00:00:00+00:00,109.2,109.21,0.0,1929.23,,,,,49.2,48.9,45.58,49.88
2020-09-24 00:00:00+00:00,115.3,115.32,0.0,2037.06,,,,,52.52,51.95,49.2,52.88
2020-09-25 00:00:00+00:00,117.3,117.31,0.0,2072.35,,,,,53.4,52.81,52.57,54.62
2020-09-28 00:00:00+00:00,120.7,120.71,0.0,2132.35,,,,,54.9,54.38,54.01,55.31
2020-09-29 00:00:00+00:00,123.8,123.77,0.0,2186.46,,,,,56.17,55.68,54.9,57.66
2020-09-30 00:00:00+00:00,124.4,124.35,0.0,2196.65,,,,,56.17,55.85,55.75,56.99
2020-10-01 00:00:00+00:00,125.8,125.77,0.0,2221.75,,0.0,,,56.8,56.5,56.21,58.0
2020-10-02 00:00:00+00:00,127.6,127.64,0.0,2254.69,,0.0,,,57.5,57.0,55.72,57.77
2020-10-05 00:00:00+00:00,125.7,125.73,0.0,2220.96,,0.0,,,56.74,56.36,54.04,58.88
2020-10-06 00:00:00+00:00,117.2,117.16,0.0,2069.61,,0.0,,,53.0,52.5,52.59,56.6
2020-10-07 00:00:00+00:00,118.5,118.53,0.0,2093.92,,0.0,,,53.5,53.27,52.34,54.25
2020-10-08 00:00:00+00:00,114.0,114.03,0.0,2014.32,,0.0,,,52.29,51.37,51.02,53.67
2020-10-09 00:00:00+00:00,116.5,116.47,0.0,2057.45,,0.0,,,52.68,52.4,48.26,52.82
2020-10-12 00:00:00+00:00,116.5,116.47,0.0,2057.45,,0.0,,,,,,
2020-10-13 00:00:00+00:00,116.9,116.89,0.0,2064.9,,0.0,,,52.7,52.42,51.94,53.0
2020-10-14 00:00:00+00:00,117.1,117.11,0.0,2068.82,,0.0,,,53.05,52.3,51.95,53.0
2020-10-15 00:00:00+00:00,117.2,117.25,0.0,2071.18,,0.0,,,53.11,52.5,51.5,53.6
2020-10-16 00:00:00+00:00,121.8,121.78,0.0,2151.17,,0.0,,,54.89,54.7,53.25,55.12
2020-10-19 00:00:00+00:00,122.0,122.0,0.0,2155.09,,0.0,,,55.2,54.86,54.9,56.85
2020-10-20 00:00:00+00:00,123.6,123.64,0.0,2184.11,,0.0,,,55.87,55.0,55.01,56.34
2020-10-21 00:00:00+00:00,122.1,122.06,0.0,2156.27,,0.0,,,55.24,54.8,54.64,56.3
2020-10-22 00:00:00+00:00,119.0,118.98,0.0,2101.76,,0.0,,,53.61,52.5,52.53,55.26
2020-10-23 00:00:00+00:00,115.8,115.8,0.0,2045.69,,0.0,,,52.68,52.15,52.0,53.46
2020-10-26 00:00:00+00:00,112.2,112.16,0.0,1981.38,,0.0,,,51.26,50.51,50.53,52.21
2020-10-27 00:00:00+00:00,112.3,112.32,0.0,1984.12,,0.0,,,51.0,50.6,50.25,51.11
2020-10-28 00:00:00+00:00,112.1,112.08,0.0,1979.81,,0.0,,,51.04,50.46,49.96,51.2
2020-10-29 00:00:00+00:00,113.1,113.07,0.0,1997.46,,0.0,,,50.94,50.75,50.43,52.15
2020-10-30 00:00:00+00:00,109.3,109.32,0.0,1931.19,,0.0,,,49.37,49.22,49.25,50.58
2020-11-02 00:00:00+00:00,114.5,114.45,0.0,2367.83,,0.0,,,52.19,51.56,49.77,52.48
2020-11-03 00:00:00+00:00,121.6,121.64,0.0,2516.63,,0.0,,,54.8,54.72,52.85,54.85
2020-11-04 00:00:00+00:00,128.7,128.75,0.0,2663.58,,0.0,,,58.0,57.5,55.0,58.9
2020-11-05 00:00:00+00:00,129.2,129.23,0.0,2673.69,,0.0,,,58.46,57.73,57.3,58.75
2020-11-06 00:00:00+00:00,123.9,123.91,0.0,2563.47,,0.0,,,55.83,55.82,55.5,58.5
2020-11-09 00:00:00+00:00,117.9,117.87,0.0,2438.56,,0.0,,,53.22,52.95,52.9,58.05
2020-11-10 00:00:00+00:00,112.8,112.83,0.0,2334.31,,0.0,,,50.94,50.83,50.25,53.7
2020-11-11 00:00:00+00:00,121.0,121.02,0.0,2503.77,,0.0,,,54.98,54.4,52.3,55.75
2020-11-12 00:00:00+00:00,124.3,124.31,0.0,2571.74,,0.0,,,56.0,55.96,55.01,57.48
2020-11-13 00:00:00+00:00,124.3,124.31,0.0,2571.74,,0.0,,,56.0,55.94,55.22,56.95
2020-11-16 00:00:00+00:00,123.9,123.86,0.0,2562.55,,0.0,,,56.02,55.56,55.02,57.0
2020-11-17 00:00:00+00:00,122.4,122.44,0.0,2533.16,,0.0,,,55.6,55.16,54.11,55.73
2020-11-18 00:00:00+00:00,121.9,121.86,0.0,2521.22,,0.0,,,55.89,54.9,54.9,55.97
2020-11-19 00:00:00+00:00,123.0,122.95,0.0,2543.72,,0.0,0.84,49.72,55.69,55.05,54.8,56.44
2020-11-20 00:00:00+00:00,121.8,121.8,0.0,2519.84,,0.0,0.84,49.72,55.05,54.87,54.87,55.85
2020-11-23 00:00:00+00:00,123.3,123.31,0.0,2551.07,,0.0,0.84,49.72,55.93,55.01,54.77,55.93
2020-11-24 00:00:00+00:00,123.8,123.77,0.0,2560.71,,0.0,0.84,49.72,55.92,55.55,55.0,55.95
2020-11-25 00:00:00+00:00,128.3,128.32,0.0,2654.86,,0.0,0.84,49.72,58.26,57.52,56.0,58.51
2020-11-26 00:00:00+00:00,129.9,129.86,0.0,2686.55,,0.0,0.84,49.72,58.75,58.5,58.15,59.47
2020-11-27 00:00:00+00:00,132.7,132.7,0.0,2745.33,,0.0,0.84,49.72,60.3,59.75,58.5,61.01
2020-11-30 00:00:00+00:00,134.5,134.54,0.0,2783.44,,0.0,0.84,49.72,60.9,60.35,58.23,61.5
2020-12-01 00:00:00+00:00,136.4,136.36,0.0,2821.1,,0.0,0.84,49.72,61.55,61.43,61.43,62.95
2020-12-02 00:00:00+00:00,132.1,132.08,0.0,2732.47,,0.0,0.84,49.72,59.7,59.5,59.5,62.78
2020-12-03 00:00:00+00:00,133.3,133.27,0.0,2757.27,,0.0,0.84,49.72,60.5,60.01,60.04,60.91
2020-12-04 00:00:00+00:00,132.2,132.23,0.0,2735.69,,0.0,0.84,49.72,60.0,59.48,59.43,60.97
2020-12-07 00:00:00+00:00,136.5,136.51,0.0,2824.32,,0.0,0.84,49.72,61.5,61.3,60.11,61.54
2020-12-08 00:00:00+00:00,138.2,138.16,0.0,2858.3,,0.0,0.84,49.72,62.3,61.95,61.25,62.5
2020-12-09 00:00:00+00:00,141.4,141.44,0.0,2926.27,,0.0,0.84,49.72,64.05,63.0,62.3,66.08
2020-12-10 00:00:00+00:00,140.8,140.8,0.0,2912.95,,0.0,0.84,49.72,63.7,63.41,62.0,63.79
2020-12-11 00:00:00+00:00,142.5,142.49,0.0,2947.85,,0.0,0.84,49.72,64.48,64.1,63.15,64.5
2020-12-14 00:00:00+00:00,146.1,146.06,0.0,3021.79,,0.0,0.84,49.72,66.0,65.8,64.87,66.41
2020-12-15 00:00:00+00:00,145.3,145.28,0.0,3005.72,,0.0,0.84,49.72,65.45,65.25,65.29,66.71
2020-12-16 00:00:00+00:00,152.2,152.23,0.0,3149.46,,0.0,0.84,49.72,68.63,68.0,65.76,68.84
2020-12-17 00:00:00+00:00,159.9,159.93,0.0,3308.81,,0.0,0.91,59.14,72.1,71.75,69.0,73.49
2020-12-18 00:00:00+00:00,166.5,166.5,0.0,3444.75,,0.0,0.91,59.14,75.2,74.55,72.56,75.01
2020-12-21 00:00:00+00:00,171.2,171.21,0.0,3542.11,,0.0,0.91,59.14,77.35,77.0,75.03,79.38
2020-12-22 00:00:00+00:00,173.1,173.12,0.0,3581.6,,0.0,0.91,59.14,78.2,77.99,77.31,82.04
2020-12-23 00:00:00+00:00,165.8,165.77,0.0,3429.59,,0.0,0.91,59.14,75.2,74.68,74.52,79.0
2020-12-24 00:00:00+00:00,165.0,165.04,0.0,3414.44,,0.0,0.91,59.14,74.49,74.3,74.35,76.0
2020-12-25 00:00:00+00:00,165.0,165.04,0.0,3414.44,,0.0,0.91,59.14,,,,
2020-12-28 00:00:00+00:00,165.0,165.04,0.0,3414.44,,0.0,0.91,59.14,,,,
2020-12-29 00:00:00+00:00,168.9,168.86,0.0,3493.43,,0.0,0.91,59.14,76.5,75.95,75.16,77.51
2020-12-30 00:00:00+00:00,169.7,169.66,0.0,3509.96,,0.0,0.91,59.14,76.43,76.2,76.08,77.13
2020-12-31 00:00:00+00:00,172.7,172.67,0.0,3572.42,,0.0,0.91,59.14,77.95,77.68,76.4,78.39
2021-01-01 00:00:00+00:00,172.7,172.67,0.0,3572.42,,0.0,0.91,59.14,,,,
2021-01-04 00:00:00+00:00,160.0,160.04,0.0,3311.11,,0.0,0.91,59.14,72.64,72.0,71.55,79.33
2021-01-05 00:00:00+00:00,154.1,154.05,0.0,3187.12,,0.0,0.91,59.14,69.85,69.28,69.39,72.6
2021-01-06 00:00:00+00:00,143.1,143.13,0.0,2961.17,,0.0,0.91,59.14,64.81,64.3,64.01,68.9
2021-01-07 00:00:00+00:00,146.7,146.7,0.0,3035.11,,0.0,0.91,59.14,66.26,65.9,65.21,67.28
2021-01-08 00:00:00+00:00,146.6,146.64,0.0,3033.73,,0.0,0.91,59.14,66.06,65.9,65.82,66.92
2021-01-11 00:00:00+00:00,146.8,146.84,0.0,3037.86,,0.0,0.91,59.14,66.19,66.15,65.52,67.44
2021-01-12 00:00:00+00:00,140.0,140.04,0.0,2897.34,,0.0,0.91,59.14,63.18,63.09,62.92,66.82
2021-01-13 00:00:00+00:00,141.9,141.91,0.0,2935.91,,0.0,0.91,59.14,65.0,63.88,61.09,63.96
2021-01-14 00:00:00+00:00,152.8,152.76,0.0,3160.48,,0.0,0.93,54.3,69.0,68.82,64.28,69.11
2021-01-15 00:00:00+00:00,150.6,150.59,0.0,3115.47,,0.0,0.93,54.3,68.18,67.5,66.39,70.6
2021-01-18 00:00:00+00:00,153.4,153.39,0.0,3173.34,,0.0,0.93,54.3,69.1,68.89,67.52,69.5
2021-01-19 00:00:00+00:00,158.9,158.87,0.0,3286.77,,0.0,0.93,54.3,71.93,71.51,69.26,71.92
2021-01-20 00:00:00+00:00,168.3,168.28,0.0,3481.49,,0.0,0.93,54.3,75.91,75.8,71.79,76.7
2021-01-21 00:00:00+00:00,164.4,164.37,0.0,3400.66,,0.0,0.93,54.3,74.31,74.0,73.1,77.1
2021-01-22 00:00:00+00:00,165.4,165.39,0.0,3421.79,,0.0,0.93,54.3,74.59,74.51,72.0,75.76
2021-01-25 00:00:00+00:00,158.2,158.16,0.0,3272.07,,0.0,0.93,54.3,71.46,71.0,70.1,75.5
2021-01-26 00:00:00+00:00,151.5,151.52,0.0,3134.81,,0.0,0.93,54.3,68.46,68.26,67.93,71.58
2021-01-27 00:00:00+00:00,142.8,142.82,0.0,2954.79,,0.0,0.93,54.3,64.34,63.9,63.9,67.74
2021-01-28 00:00:00+00:00,145.4,145.39,0.0,3008.06,,0.0,0.93,54.3,65.76,65.42,63.95,66.43
2021-01-29 00:00:00+00:00,148.0,147.97,0.0,3061.33,,0.0,0.93,54.3,67.1,66.57,65.15,67.49
2021-02-01 00:00:00+00:00,151.8,151.83,0.0,3141.24,,0.0,0.93,54.3,68.75,68.31,65.85,69.02
2021-02-02 00:00:00+00:00,156.5,156.54,0.0,3238.6,,0.0,0.93,54.3,70.83,70.34,68.29,71.19
2021-02-03 00:00:00+00:00,156.8,156.83,0.0,3244.57,,0.0,0.93,54.3,70.65,70.15,68.82,71.0
2021-02-04 00:00:00+00:00,159.2,159.16,0.0,3292.79,,0.0,0.93,54.3,71.85,71.7,69.14,71.86
2021-02-05 00:00:00+00:00,164.3,164.26,0.0,3398.42,,0.0,0.93,54.3,74.05,73.53,72.03,75.15
2021-02-08 00:00:00+00:00,171.8,171.81,0.0,3554.56,,0.0,0.93,54.3,77.5,77.15,74.0,77.45
2021-02-09 00:00:00+00:00,171.0,171.01,0.0,3538.03,,0.0,0.93,54.3,77.05,77.0,75.07,78.0
2021-02-10 00:00:00+00:00,164.2,164.17,0.0,3396.58,,0.0,0.93,54.3,74.0,73.55,73.56,77.0
2021-02-11 00:00:00+00:00,166.2,166.19,0.0,3438.37,,0.0,0.93,54.3,75.25,74.71,73.61,75.92
2021-02-12 00:00:00+00:00,168.7,168.7,0.0,3490.27,,0.0,0.93,54.3,76.26,76.0,74.02,76.42
2021-02-15 00:00:00+00:00,168.7,168.7,0.0,3490.27,,0.0,0.93,54.3,,,,
2021-02-16 00:00:00+00:00,165.6,165.57,0.0,3425.52,,0.0,0.93,54.3,75.0,74.3,74.25,77.84
2021-02-17 00:00:00+00:00,163.1,163.11,0.0,3374.54,,0.0,0.93,54.3,73.92,73.2,72.43,75.05
2021-02-18 00:00:00+00:00,160.1,160.09,0.0,3312.08,,0.0,0.98,59.24,72.5,71.5,71.89,73.73
2021-02-19 00:00:00+00:00,166.8,166.81,0.0,3451.23,,0.0,0.98,59.24,75.5,75.09,72.05,75.48
2021-02-22 00:00:00+00:00,158.0,158.05,0.0,3269.83,,0.0,0.98,59.24,71.2,71.18,71.0,74.98
2021-02-23 00:00:00+00:00,155.2,155.18,0.0,3210.59,,0.0,0.98,59.24,70.04,69.69,66.37,71.0
2021-02-24 00:00:00+00:00,154.8,154.76,0.0,3201.86,,0.0,0.98,59.24,69.99,69.4,65.76,69.89
2021-02-25 00:00:00+00:00,148.4,148.39,0.0,3070.06,,0.0,0.98,59.24,66.93,66.65,65.72,69.73
2021-02-26 00:00:00+00:00,148.0,148.01,0.0,3062.25,,0.0,0.98,59.24,67.32,66.59,65.51,68.0
2021-03-01 00:00:00+00:00,150.3,150.3,0.0,3109.56,,0.0,0.98,59.24,68.24,67.52,66.73,68.98
2021-03-02 00:00:00+00:00,148.8,148.77,0.0,3077.87,,0.0,0.98,59.24,67.45,66.75,66.42,67.72
2021-03-03 00:00:00+00:00,148.1,148.12,0.0,3064.55,,0.0,0.98,59.24,66.73,66.47,65.98,67.82
2021-03-04 00:00:00+00:00,140.6,140.6,0.0,2908.86,,0.0,0.98,59.24,63.82,63.27,62.52,66.37
2021-03-05 00:00:00+00:00,136.1,136.07,0.0,2815.18,,0.0,0.98,59.24,61.5,61.3,58.04,63.76
2021-03-08 00:00:00+00:00,130.0,130.01,0.0,2689.8,,0.0,0.98,59.24,58.57,58.45,57.07,62.0
2021-03-09 00:00:00+00:00,135.1,135.09,0.0,2794.97,,0.0,0.98,59.24,60.86,60.32,57.53,61.24
2021-03-10 00:00:00+00:00,156.0,155.98,0.0,3227.12,,0.0,0.98,59.24,70.95,70.27,67.01,71.75
2021-03-11 00:00:00+00:00,173.5,173.47,0.0,3589.01,,0.0,0.98,59.24,78.64,78.0,71.95,79.79
2021-03-12 00:00:00+00:00,182.2,182.24,0.0,3770.41,,0.0,0.98,59.24,82.65,82.1,75.55,82.94
2021-03-15 00:00:00+00:00,183.8,183.84,0.0,3803.48,,0.0,0.98,59.24,83.2,82.69,81.15,88.9
2021-03-16 00:00:00+00:00,188.5,188.52,0.0,3900.38,,0.0,0.98,59.24,85.72,84.61,82.09,90.82
2021-03-17 00:00:00+00:00,184.2,184.22,0.0,3811.28,,0.0,0.98,59.24,82.99,82.8,81.68,86.93
2021-03-18 00:00:00+00:00,163.4,163.44,0.0,3381.43,,0.0,1.32,50.8,74.4,72.89,72.51,77.53
2021-03-19 00:00:00+00:00,166.5,166.55,0.0,3445.72,,0.0,1.32,50.8,75.76,75.0,73.62,75.81
2021-03-22 00:00:00+00:00,167.2,167.17,0.0,3458.58,,0.0,1.32,50.8,75.68,75.28,73.78,75.77
2021-03-23 00:00:00+00:00,168.0,168.04,0.0,3476.49,,0.0,1.32,50.8,76.0,74.4,72.9,75.93
2021-03-24 00:00:00+00:00,163.5,163.51,0.0,3382.81,,0.0,1.32,50.8,74.4,73.2,72.51,75.6
2021-03-25 00:00:00+00:00,162.9,162.91,0.0,3370.41,,0.0,1.32,50.8,74.27,72.83,71.59,74.68
2021-03-26 00:00:00+00:00,161.0,161.02,0.0,3331.37,,0.0,1.32,50.8,72.55,72.25,70.28,73.63
2021-03-29 00:00:00+00:00,157.8,157.78,0.0,3264.32,,0.0,1.32,50.8,71.23,70.77,69.3,73.22
2021-03-30 00:00:00+00:00,163.6,163.64,0.0,3385.56,,0.0,1.32,50.8,74.28,73.2,70.5,74.51
2021-03-31 00:00:00+00:00,168.0,168.04,0.0,3476.49,,0.0,1.32,50.8,75.95,75.65,73.52,75.91
2021-04-01 00:00:00+00:00,173.3,173.34,0.0,3586.25,,0.0,1.32,50.8,79.0,77.87,75.07,79.16
2021-04-02 00:00:00+00:00,173.3,173.34,0.0,3586.25,,0.0,1.32,50.8,,,,
2021-04-05 00:00:00+00:00,177.2,177.2,0.0,3666.16,,0.0,1.32,50.8,80.42,79.78,77.61,80.43
2021-04-06 00:00:00+00:00,185.9,185.9,0.0,3846.19,,0.0,1.32,50.8,84.05,83.75,79.78,84.28
2021-04-07 00:00:00+00:00,183.8,183.8,0.0,3802.56,,0.0,1.32,50.8,84.1,82.74,81.93,84.35
2021-04-08 00:00:00+00:00,192.5,192.5,0.0,3982.58,,0.0,1.32,50.8,87.41,86.5,82.14,88.06
2021-04-09 00:00:00+00:00,194.1,194.05,0.0,4014.73,,0.0,1.32,50.8,87.86,87.3,85.89,88.9
2021-04-12 00:00:00+00:00,192.2,192.23,0.0,3977.07,,0.0,1.32,50.8,87.1,85.81,82.93,88.45
2021-04-13 00:00:00+00:00,191.3,191.3,0.0,3957.78,,0.0,1.32,50.8,87.0,85.95,85.79,87.5
2021-04-14 00:00:00+00:00,190.1,190.1,0.0,3932.98,,0.0,1.32,50.8,86.3,85.64,84.51,87.34
2021-04-15 00:00:00+00:00,189.7,189.66,0.0,3923.8,,0.0,1.33,51.3,86.2,85.41,84.96,86.58
2021-04-16 00:00:00+00:00,192.1,192.14,0.0,3975.23,,0.0,1.33,51.3,86.99,85.9,85.0,87.92
2021-04-19 00:00:00+00:00,192.5,192.48,0.0,3982.12,,0.0,1.33,51.3,87.15,85.2,85.5,88.19
2021-04-20 00:00:00+00:00,198.6,198.62,0.0,4109.33,,0.0,1.33,51.3,89.48,89.2,85.8,89.77
2021-04-21 00:00:00+00:00,192.3,192.34,0.0,3979.37,,0.0,1.33,51.3,87.1,86.56,86.01,89.58
2021-04-22 00:00:00+00:00,195.1,195.09,0.0,4036.31,,0.0,1.33,51.3,88.5,87.8,86.35,88.76
2021-04-23 00:00:00+00:00,196.8,196.78,0.0,4071.22,,0.0,1.33,51.3,89.0,88.0,87.66,89.51
2021-04-26 00:00:00+00:00,193.1,193.12,0.0,3995.44,,0.0,1.33,51.3,88.0,86.5,86.52,88.62
2021-04-27 00:00:00+00:00,193.9,193.87,0.0,4011.06,,0.0,1.33,51.3,87.8,87.32,86.55,88.13
2021-04-28 00:00:00+00:00,194.3,194.32,0.0,4020.24,,0.0,1.33,51.3,88.0,86.64,85.93,89.45
2021-04-29 00:00:00+00:00,193.3,193.27,0.0,3998.66,,0.0,1.33,51.3,87.51,86.28,84.6,88.02
2021-04-30 00:00:00+00:00,191.9,191.9,0.0,3970.18,,0.0,1.33,51.3,87.2,86.4,85.1,87.2
2021-05-03 00:00:00+00:00,191.0,191.03,0.0,3952.27,,0.0,1.33,51.3,86.5,85.73,85.27,86.65
2021-05-04 00:00:00+00:00,187.5,187.55,0.0,3880.17,,0.0,1.33,51.3,85.47,84.45,83.91,86.9
2021-05-05 00:00:00+00:00,189.8,189.79,0.0,3926.55,,0.0,1.33,51.3,86.5,85.48,83.08,86.73
2021-05-06 00:00:00+00:00,182.0,181.95,0.0,3764.44,,0.0,1.33,51.3,82.82,81.32,79.52,85.5
2021-05-07 00:00:00+00:00,179.5,179.51,0.0,3713.92,,0.0,1.33,51.3,81.5,80.65,80.15,84.15
2021-05-10 00:00:00+00:00,180.7,180.71,0.0,3738.72,,0.0,1.33,51.3,82.3,81.23,81.1,86.33
2021-05-11 00:00:00+00:00,185.2,185.24,0.0,3832.41,,0.0,1.33,51.3,83.8,81.8,78.25,84.07
2021-05-12 00:00:00+00:00,175.0,174.98,0.0,3620.24,,0.0,1.33,51.3,82.85,78.25,78.28,86.25
2021-05-13 00:00:00+00:00,177.3,177.31,0.0,3668.46,,0.0,1.33,51.3,80.98,78.8,77.78,81.61
2021-05-14 00:00:00+00:00,187.4,187.39,0.0,3876.96,,0.0,1.33,51.3,84.74,83.82,80.44,84.73
2021-05-17 00:00:00+00:00,183.2,183.2,0.0,3790.16,,0.0,1.33,51.3,82.9,81.85,80.77,84.41
2021-05-18 00:00:00+00:00,189.2,189.21,0.0,3914.61,,0.0,1.33,51.3,85.57,84.0,81.2,85.4
2021-05-19 00:00:00+00:00,188.9,188.88,0.0,3907.72,,0.0,1.33,51.3,85.48,84.46,83.4,86.38
2021-05-20 00:00:00+00:00,191.9,191.94,0.0,3971.1,,0.0,1.5,46.66,86.7,86.05,85.28,88.65
2021-05-21 00:00:00+00:00,192.9,192.9,0.0,3990.85,,0.0,1.5,46.66,87.5,86.25,86.01,87.84
2021-05-24 00:00:00+00:00,192.9,192.9,0.0,3990.85,,0.0,1.5,46.66,,,,
2021-05-25 00:00:00+00:00,202.8,202.75,0.0,5099.41,,0.0,1.5,46.66,91.5,90.7,86.95,91.49
2021-05-26 00:00:00+00:00,201.0,201.02,0.0,5055.86,,0.0,1.5,46.66,91.34,90.42,89.56,91.34
2021-05-27 00:00:00+00:00,201.4,201.35,0.0,5064.23,,0.0,1.5,46.66,91.0,89.1,87.06,91.0
2021-05-28 00:00:00+00:00,199.7,199.69,0.0,5022.36,,0.0,1.5,46.66,89.96,89.5,89.22,90.67
2021-05-31 00:00:00+00:00,201.5,201.49,0.0,5067.59,,0.0,1.5,46.66,90.77,89.6,89.02,91.99
2021-06-01 00:00:00+00:00,197.0,197.0,0.0,4954.81,,0.0,1.5,46.66,89.09,88.38,88.12,91.32
2021-06-02 00:00:00+00:00,182.0,181.98,0.0,4576.85,,0.0,1.5,46.66,82.47,81.91,81.79,83.85
2021-06-03 00:00:00+00:00,182.1,182.09,0.0,4579.64,,0.0,1.5,46.66,83.1,82.03,81.49,83.24
2021-06-04 00:00:00+00:00,185.1,185.11,0.0,4655.57,,0.0,1.5,46.66,83.5,83.2,82.11,83.49
2021-06-07 00:00:00+00:00,183.8,183.75,0.0,4621.51,,0.0,1.5,46.66,83.41,82.72,82.78,83.99
2021-06-08 00:00:00+00:00,183.2,183.2,0.0,4607.55,,0.0,1.5,46.66,83.4,82.35,82.12,83.5
2021-06-09 00:00:00+00:00,184.2,184.24,0.0,4633.8,,0.0,1.5,46.66,83.66,83.0,82.02,83.61
2021-06-10 00:00:00+00:00,184.8,184.75,0.0,4646.64,,0.0,1.5,46.66,83.28,82.95,82.06,83.64
2021-06-11 00:00:00+00:00,186.7,186.68,0.0,4695.21,,0.0,1.5,46.66,84.12,83.65,82.54,84.22
2021-06-14 00:00:00+00:00,190.5,190.52,0.0,4791.79,,0.0,1.5,46.66,86.2,85.6,83.96,86.56
2021-06-15 00:00:00+00:00,193.6,193.61,0.0,4869.39,,0.0,1.5,46.66,87.25,86.55,85.26,87.22
2021-06-16 00:00:00+00:00,193.7,193.72,0.0,4872.18,,0.0,1.5,46.66,87.29,86.75,86.13,87.3
2021-06-17 00:00:00+00:00,195.3,195.32,0.0,4912.38,,0.0,1.53,46.62,88.25,87.42,86.59,88.24
2021-06-18 00:00:00+00:00,195.7,195.69,0.0,4921.87,,0.0,1.53,46.62,88.75,88.0,87.2,89.51
2021-06-21 00:00:00+00:00,203.1,203.11,0.0,5108.34,,0.0,1.53,46.62,91.5,90.12,88.45,91.53
2021-06-22 00:00:00+00:00,206.7,206.68,0.0,5198.22,,0.0,1.53,46.62,93.8,93.01,91.19,93.89
2021-06-23 00:00:00+00:00,216.2,216.23,0.0,5438.29,,0.0,1.53,46.62,97.42,97.0,92.35,98.41
2021-06-24 00:00:00+00:00,221.3,221.27,0.0,5573.99,,0.0,1.53,46.62,99.85,99.5,97.5,99.85
2021-06-25 00:00:00+00:00,217.2,217.25,0.0,5472.78,,0.0,1.53,46.62,98.25,97.0,96.94,99.99
2021-06-28 00:00:00+00:00,221.8,221.78,0.0,5586.86,,0.0,1.53,46.62,100.47,99.63,97.0,100.39
2021-06-29 00:00:00+00:00,218.8,218.78,0.0,5511.36,,0.0,1.53,46.62,99.0,98.1,98.45,100.52
2021-06-30 00:00:00+00:00,225.2,225.22,0.0,5673.53,,0.0,1.53,46.62,101.99,101.05,98.81,101.9
2021-07-01 00:00:00+00:00,225.2,225.22,0.0,5673.53,,0.0,1.53,46.62,,,,
2021-07-02 00:00:00+00:00,231.3,231.32,0.0,5827.3,,0.0,1.53,46.62,104.9,104.01,102.5,104.32
2021-07-05 00:00:00+00:00,229.8,229.81,0.0,5789.28,,0.0,1.53,46.62,104.15,103.45,102.7,104.49
2021-07-06 00:00:00+00:00,233.0,233.03,0.0,5870.36,,0.0,1.53,46.62,104.98,104.16,103.3,105.98
2021-07-07 00:00:00+00:00,232.4,232.36,0.0,6599.33,,0.0,1.53,46.62,105.07,103.9,103.9,105.98
2021-07-08 00:00:00+00:00,228.3,228.35,0.0,6485.23,,0.0,1.53,46.62,103.6,101.9,100.22,103.64
2021-07-09 00:00:00+00:00,229.7,229.72,0.0,6524.31,,0.0,1.53,46.62,103.8,103.15,102.18,104.04
2021-07-12 00:00:00+00:00,230.8,230.77,0.0,6553.94,,0.0,1.53,46.62,104.0,103.83,102.6,104.38
2021-07-13 00:00:00+00:00,229.1,229.06,0.0,6505.4,,0.0,1.53,46.62,103.57,103.02,103.03,104.51
2021-07-14 00:00:00+00:00,229.0,229.03,0.0,6504.77,,0.0,1.53,46.62,103.84,102.5,102.24,104.17
2021-07-15 00:00:00+00:00,221.6,221.58,0.0,6292.95,,0.0,1.54,53.54,100.41,99.82,97.28,102.52
2021-07-16 00:00:00+00:00,218.2,218.25,0.0,6198.38,,0.0,1.54,53.54,98.4,97.71,94.77,101.25
2021-07-19 00:00:00+00:00,214.9,214.87,0.0,6102.55,,0.0,1.54,53.54,98.0,94.5,93.21,97.45
2021-07-20 00:00:00+00:00,217.5,217.54,0.0,6178.2,,0.0,1.54,53.54,98.38,97.85,95.71,98.37
2021-07-21 00:00:00+00:00,223.0,223.04,0.0,6334.55,,0.0,1.54,53.54,100.75,100.0,97.82,101.71
2021-07-22 00:00:00+00:00,226.6,226.64,0.0,6436.68,,0.0,1.54,53.54,102.35,102.06,100.08,102.22
2021-07-23 00:00:00+00:00,228.9,228.88,0.0,6500.36,,0.0,1.54,53.54,103.5,102.9,102.43,104.56
2021-07-26 00:00:00+00:00,232.8,232.83,0.0,6612.57,,0.0,1.54,53.54,105.19,104.52,101.79,105.34
2021-07-27 00:00:00+00:00,233.3,233.3,0.0,6625.81,,0.0,1.54,53.54,105.5,103.68,102.69,105.8
2021-07-28 00:00:00+00:00,233.1,233.12,0.0,6620.77,,0.0,1.54,53.54,105.49,104.75,102.98,105.25
2021-07-29 00:00:00+00:00,232.7,232.67,0.0,6608.16,,0.0,1.54,53.54,105.46,103.66,103.38,105.24
2021-07-30 00:00:00+00:00,227.5,227.5,0.0,6461.27,,0.0,1.54,53.54,104.49,101.75,100.36,105.54
2021-08-02 00:00:00+00:00,227.5,227.5,0.0,6461.27,,0.0,1.54,53.54,,,,
2021-08-03 00:00:00+00:00,223.1,223.11,0.0,6336.45,,0.0,1.54,53.54,101.1,100.43,99.46,103.97
2021-08-04 00:00:00+00:00,225.7,225.68,0.0,6409.57,,0.0,1.54,53.54,102.36,100.66,96.92,101.72
2021-08-05 00:00:00+00:00,230.9,230.88,0.0,6557.09,,0.0,1.54,53.54,104.44,103.5,101.66,104.45
2021-08-06 00:00:00+00:00,231.8,231.79,0.0,6582.94,,0.0,1.54,53.54,104.5,103.89,103.12,105.8
2021-08-09 00:00:00+00:00,229.8,229.77,0.0,6525.57,,0.0,1.54,53.54,104.97,102.98,102.93,104.46
2021-08-10 00:00:00+00:00,264.3,264.31,0.0,7506.52,,0.0,1.54,53.54,119.35,117.0,114.01,122.0
2021-08-11 00:00:00+00:00,277.6,277.62,0.0,7884.78,,0.0,1.54,53.54,125.5,125.07,119.03,126.24
2021-08-12 00:00:00+00:00,282.8,282.77,0.0,8031.04,,0.0,1.54,53.54,127.5,127.05,124.46,127.82
2021-08-13 00:00:00+00:00,289.0,289.03,0.0,8208.82,,0.0,1.54,53.54,130.33,128.0,126.6,130.27
2021-08-16 00:00:00+00:00,291.4,291.43,0.0,8277.56,,0.0,1.54,53.54,131.33,130.0,128.27,133.31
2021-08-17 00:00:00+00:00,286.6,286.59,0.0,8140.12,,0.0,1.54,53.54,129.45,128.75,127.35,131.21
2021-08-18 00:00:00+00:00,286.1,286.08,0.0,8125.62,,0.0,1.54,53.54,128.9,128.3,125.79,129.23
2021-08-19 00:00:00+00:00,286.4,286.42,0.0,8135.07,,0.0,1.9,53.51,129.96,128.21,126.64,129.05
2021-08-20 00:00:00+00:00,297.0,296.98,0.0,8435.18,,0.0,1.9,53.51,134.01,133.0,128.76,134.47
2021-08-23 00:00:00+00:00,318.1,318.09,0.0,9034.77,,0.0,1.9,53.51,143.38,143.3,134.5,148.42
2021-08-24 00:00:00+00:00,330.7,330.68,0.0,9392.25,,0.0,1.9,53.51,149.0,148.55,144.17,153.48
2021-08-25 00:00:00+00:00,333.2,333.16,0.0,9483.66,,0.0,1.9,53.51,150.5,149.12,144.25,153.16
2021-08-26 00:00:00+00:00,340.8,340.8,0.0,9701.02,,0.0,1.9,53.51,154.0,153.43,149.22,154.11
2021-08-27 00:00:00+00:00,358.0,358.02,0.0,10191.34,,0.0,1.9,53.51,162.0,158.87,153.85,161.59
2021-08-30 00:00:00+00:00,355.9,355.89,0.0,10130.69,,0.0,1.9,53.51,161.9,160.25,159.88,165.53
2021-08-31 00:00:00+00:00,363.0,363.0,0.0,10332.88,,0.0,1.9,53.51,163.83,162.39,158.47,165.78
2021-09-01 00:00:00+00:00,357.0,357.03,0.0,10162.91,,0.0,1.9,53.51,161.82,160.68,159.44,167.07
2021-09-02 00:00:00+00:00,336.9,336.87,0.0,9589.18,,0.0,1.9,53.51,152.76,151.08,146.68,161.7
2021-09-03 00:00:00+00:00,340.9,340.87,0.0,9702.91,,0.0,1.9,53.51,154.09,153.0,150.25,156.11
2021-09-06 00:00:00+00:00,340.9,340.87,0.0,9702.91,,0.0,1.9,53.51,,,,
2021-09-07 00:00:00+00:00,348.5,348.55,0.0,9921.54,,0.0,1.9,53.51,157.94,156.1,153.22,158.0
2021-09-08 00:00:00+00:00,348.1,348.08,0.0,9908.27,,0.0,1.9,53.51,157.0,156.0,156.18,158.0
2021-09-09 00:00:00+00:00,357.3,357.34,0.0,10171.76,,0.0,1.9,53.51,161.17,160.77,157.8,161.28
2021-09-10 00:00:00+00:00,361.0,361.04,0.0,10277.28,,0.0,1.9,53.51,163.0,161.52,158.14,163.75
2021-09-13 00:00:00+00:00,345.9,345.86,0.0,9845.08,,0.0,1.9,53.51,155.81,154.69,150.38,163.74
2021-09-14 00:00:00+00:00,363.4,363.35,0.0,10342.99,,0.0,1.9,53.51,164.1,163.0,155.54,164.91
2021-09-15 00:00:00+00:00,364.6,364.64,0.0,10379.64,,0.0,1.9,53.51,165.0,163.93,161.65,169.1
2021-09-16 00:00:00+00:00,388.5,388.55,0.0,11060.16,,0.0,1.95,66.6,175.15,174.8,165.44,175.79
2021-09-17 00:00:00+00:00,381.3,381.31,0.0,10870.56,,0.0,1.95,66.6,174.56,171.3,170.5,180.0
2021-09-20 00:00:00+00:00,366.3,366.26,0.0,10441.51,,0.0,1.95,66.6,165.92,164.6,162.04,171.51
2021-09-21 00:00:00+00:00,362.6,362.57,0.0,10336.46,,0.0,1.95,66.6,163.34,163.25,161.11,169.47
2021-09-22 00:00:00+00:00,355.7,355.74,0.0,10141.55,,0.0,1.95,66.6,161.0,160.26,155.66,164.12
2021-09-23 00:00:00+00:00,346.9,346.9,0.0,9889.69,,0.0,1.95,66.6,156.28,156.0,153.72,160.57
2021-09-24 00:00:00+00:00,334.8,334.76,0.0,9543.54,,0.0,1.95,66.6,151.29,150.5,148.63,155.73
2021-09-27 00:00:00+00:00,343.3,343.29,0.0,9786.54,,0.0,1.95,66.6,154.71,154.35,145.8,156.67
2021-09-28 00:00:00+00:00,326.0,326.04,0.0,9294.84,,0.0,1.95,66.6,147.15,146.6,142.49,153.6
2021-09-29 00:00:00+00:00,322.0,321.95,0.0,9178.4,,0.0,1.95,66.6,146.66,144.98,144.34,149.6
2021-09-30 00:00:00+00:00,322.1,322.09,0.0,9194.82,,0.0,1.95,66.6,145.65,143.0,140.5,146.61
2021-10-01 00:00:00+00:00,342.4,342.38,0.0,10005.59,,0.0,1.95,66.6,154.5,154.05,145.0,157.9
2021-10-04 00:00:00+00:00,327.1,327.13,0.0,9559.93,,0.0,1.95,66.6,147.8,145.0,143.24,151.88
2021-10-05 00:00:00+00:00,343.9,343.91,0.0,10050.35,,0.0,1.95,66.6,154.93,154.52,147.0,156.74
2021-10-06 00:00:00+00:00,361.5,361.53,0.0,10565.42,,0.0,1.95,66.6,163.5,161.0,149.68,165.0
2021-10-07 00:00:00+00:00,380.1,380.09,0.0,11107.73,,0.0,1.95,66.6,172.0,169.71,163.0,175.95
2021-10-08 00:00:00+00:00,365.9,365.86,0.0,10998.75,,0.0,1.95,66.6,164.82,164.0,163.22,171.63
2021-10-11 00:00:00+00:00,365.9,365.86,0.0,10998.75,,0.0,1.95,66.6,,,,
2021-10-12 00:00:00+00:00,349.9,349.86,0.0,10517.62,,0.0,1.95,66.6,158.6,157.15,153.3,164.86
2021-10-13 00:00:00+00:00,346.9,346.95,0.0,10430.2,,0.0,1.95,66.6,157.0,154.75,153.75,160.41
2021-10-14 00:00:00+00:00,346.4,346.37,0.0,10412.85,,0.0,1.98,63.5,156.45,155.27,155.26,159.44
2021-10-15 00:00:00+00:00,345.7,345.66,0.0,10405.04,,0.0,1.98,63.5,156.7,155.36,155.18,159.25
2021-10-18 00:00:00+00:00,341.4,341.35,0.0,10275.41,,0.0,1.98,63.5,154.2,152.95,152.73,157.28
2021-10-19 00:00:00+00:00,346.3,346.33,0.0,10425.09,,0.0,1.98,63.5,157.0,155.0,151.05,158.39
2021-10-20 00:00:00+00:00,345.8,345.84,0.0,10410.39,,0.0,1.98,63.5,156.3,155.01,154.8,158.37
2021-10-21 00:00:00+00:00,357.2,357.16,0.0,10751.16,,0.0,1.98,63.5,161.0,158.8,154.93,164.44
2021-10-22 00:00:00+00:00,353.3,353.27,0.0,10634.23,,0.0,1.98,63.5,159.8,157.0,155.05,161.95
2021-10-25 00:00:00+00:00,355.1,355.09,0.0,10689.02,,0.0,1.98,63.5,160.19,158.7,156.31,161.5
2021-10-26 00:00:00+00:00,362.3,362.31,0.0,10906.18,,0.0,1.98,63.5,164.0,163.0,159.0,167.5
2021-10-27 00:00:00+00:00,345.9,345.86,0.0,10411.05,,0.0,1.98,63.5,156.0,155.8,155.2,162.31
2021-10-28 00:00:00+00:00,344.5,344.46,0.0,10368.96,,0.0,1.98,63.5,155.75,155.0,152.54,156.04
2021-10-29 00:00:00+00:00,330.2,330.17,0.0,9938.64,,0.0,1.98,63.5,149.9,148.4,148.27,155.15
2021-11-01 00:00:00+00:00,337.7,337.69,0.0,10165.16,,0.0,1.98,63.5,153.0,151.0,149.3,155.35
2021-11-02 00:00:00+00:00,328.3,328.28,0.0,9881.85,,0.0,1.98,63.5,148.0,147.77,147.77,154.72
2021-11-03 00:00:00+00:00,322.2,322.24,0.0,9700.1,,0.0,1.98,63.5,146.9,144.5,143.23,150.53
2021-11-04 00:00:00+00:00,299.9,299.89,0.0,9027.23,,0.0,1.98,63.5,136.0,134.2,134.02,144.83
2021-11-05 00:00:00+00:00,304.0,304.04,0.0,9161.41,,0.0,1.98,63.5,137.19,135.25,132.13,137.86
2021-11-08 00:00:00+00:00,321.3,321.31,0.0,9681.79,,0.0,1.98,63.5,144.8,144.45,138.25,144.75
2021-11-09 00:00:00+00:00,310.0,310.01,0.0,9341.34,,0.0,1.98,63.5,141.36,139.5,133.0,153.0
2021-11-10 00:00:00+00:00,301.3,301.33,0.0,9079.81,,0.0,1.98,63.5,136.5,135.51,134.82,143.15
2021-11-11 00:00:00+00:00,296.3,296.34,0.0,8929.32,119.3,1.12,1.98,63.5,134.4,133.17,133.0,138.25
2021-11-12 00:00:00+00:00,298.0,298.0,0.0,8979.48,120.0,1.12,1.98,63.5,134.75,133.39,130.54,136.54
2021-11-15 00:00:00+00:00,305.1,305.08,0.0,9192.85,122.8,1.12,1.98,63.5,137.73,135.79,133.87,137.66
2021-11-16 00:00:00+00:00,314.1,314.14,0.0,9465.75,126.5,1.12,1.98,63.5,141.99,141.0,137.03,142.77
2021-11-17 00:00:00+00:00,306.3,306.33,0.0,9230.31,123.3,1.12,1.98,63.5,138.5,137.95,136.52,141.26
2021-11-18 00:00:00+00:00,279.7,279.71,0.0,8428.34,112.6,1.12,2.09,52.32,126.25,125.8,125.22,138.55
2021-11-19 00:00:00+00:00,279.9,279.87,0.0,8433.02,112.7,1.12,2.09,52.32,126.99,123.03,122.99,129.68
2021-11-22 00:00:00+00:00,269.7,269.68,0.0,8126.02,108.6,1.12,2.09,52.32,122.0,120.28,117.69,128.59
2021-11-23 00:00:00+00:00,258.7,258.73,0.0,7796.27,104.2,1.12,2.09,52.32,117.0,116.2,114.75,123.0
2021-11-24 00:00:00+00:00,269.8,269.83,0.0,8130.7,108.6,1.12,2.09,52.32,121.64,120.35,114.84,121.56
2021-11-25 00:00:00+00:00,270.4,270.43,0.0,8148.76,108.9,1.12,2.09,52.32,122.25,121.0,120.41,124.28
2021-11-26 00:00:00+00:00,262.4,262.38,0.0,7905.96,105.6,1.12,2.09,52.32,118.91,118.0,117.01,123.12
2021-11-29 00:00:00+00:00,272.7,272.65,0.0,8215.64,109.8,1.12,2.09,52.32,123.7,122.63,118.75,123.73
2021-11-30 00:00:00+00:00,279.2,279.22,0.0,8413.63,112.4,1.12,2.09,52.32,126.12,125.08,117.98,126.12
2021-12-01 00:00:00+00:00,259.5,259.47,0.0,7818.34,104.5,1.12,2.09,52.32,118.06,116.5,115.8,128.01
2021-12-02 00:00:00+00:00,274.1,274.12,0.0,8259.79,110.4,1.12,2.09,52.32,124.0,122.0,115.11,124.58
2021-12-03 00:00:00+00:00,255.1,255.09,0.0,7686.57,102.7,1.12,2.09,52.32,115.58,114.12,111.32,123.44
2021-12-06 00:00:00+00:00,263.9,263.91,0.0,7952.11,106.2,1.12,2.09,52.32,119.0,117.5,112.0,119.85
2021-12-07 00:00:00+00:00,272.4,272.43,0.0,8208.95,109.7,1.12,2.09,52.32,123.5,122.33,120.57,126.0
2021-12-08 00:00:00+00:00,162.3,162.31,0.0,4890.72,65.3,1.12,2.09,52.32,73.5,72.8,54.47,99.0
2021-12-09 00:00:00+00:00,172.2,172.23,0.0,5189.7,69.3,1.12,2.09,52.32,77.9,77.59,74.48,84.55
2021-12-10 00:00:00+00:00,168.3,168.3,0.0,5071.32,67.8,1.12,2.09,52.32,75.95,75.6,74.06,80.71
2021-12-13 00:00:00+00:00,165.7,165.68,0.0,4992.39,66.7,1.12,2.09,52.32,75.12,74.6,74.34,80.5
2021-12-14 00:00:00+00:00,150.8,150.77,0.0,4542.91,60.7,1.12,2.09,52.32,69.0,67.8,67.77,76.06
2021-12-15 00:00:00+00:00,147.1,147.08,0.0,4431.88,59.2,1.12,2.09,52.32,66.66,66.0,62.25,68.38
2021-12-16 00:00:00+00:00,141.2,141.22,0.0,4255.3,56.9,1.12,2.13,24.24,63.76,63.0,62.5,68.84
2021-12-17 00:00:00+00:00,156.5,156.47,0.0,4714.81,63.0,1.12,2.13,24.24,70.75,70.4,62.45,71.8
2021-12-20 00:00:00+00:00,148.8,148.79,0.0,4483.39,59.9,1.12,2.13,24.24,68.2,66.85,65.29,69.71
2021-12-21 00:00:00+00:00,173.1,173.12,0.0,5216.46,69.7,1.12,2.13,24.24,78.1,77.7,67.81,78.09
2021-12-22 00:00:00+00:00,175.4,175.45,0.0,5286.69,70.6,1.12,2.13,24.24,79.13,78.25,75.03,80.42
2021-12-23 00:00:00+00:00,180.9,180.91,0.0,5451.23,72.8,1.12,2.13,24.24,81.5,81.0,76.38,82.22
2021-12-24 00:00:00+00:00,181.7,181.73,0.0,5475.98,73.2,1.12,2.13,24.24,82.0,81.87,81.24,83.56
2021-12-27 00:00:00+00:00,181.7,181.73,0.0,5475.98,73.2,1.12,2.13,24.24,,,,
2021-12-28 00:00:00+00:00,181.7,181.73,0.0,5475.98,73.2,1.12,2.13,24.24,,,,
2021-12-29 00:00:00+00:00,182.8,182.75,0.0,5507.68,73.6,1.12,2.13,24.24,82.7,82.01,81.77,84.82
2021-12-30 00:00:00+00:00,188.9,188.88,0.0,5692.32,76.0,1.12,2.13,24.24,85.75,85.0,81.7,86.87
2021-12-31 00:00:00+00:00,182.0,182.02,0.0,5485.61,73.3,1.12,2.13,24.24,82.12,81.9,82.0,85.15
2022-01-03 00:00:00+00:00,182.0,182.02,0.0,5485.61,73.3,1.12,2.13,24.24,,,,
2022-01-04 00:00:00+00:00,180.0,180.0,0.0,5424.73,72.5,1.12,2.13,24.24,81.3,80.75,78.07,83.96
2022-01-05 00:00:00+00:00,176.4,176.38,0.0,5315.69,71.0,1.12,2.13,24.24,79.78,79.35,78.5,81.59
2022-01-06 00:00:00+00:00,173.7,173.72,0.0,5235.41,69.9,1.12,2.13,24.24,78.5,78.0,76.92,81.67
2022-01-07 00:00:00+00:00,177.9,177.94,0.0,5362.52,71.6,1.12,2.13,24.24,80.3,80.16,77.37,80.55
2022-01-10 00:00:00+00:00,176.4,176.36,0.0,5315.02,71.0,1.12,2.13,24.24,79.46,79.25,74.0,80.0
2022-01-11 00:00:00+00:00,192.1,192.05,0.0,5787.98,77.3,1.12,2.13,24.24,86.7,86.5,80.29,87.43
2022-01-12 00:00:00+00:00,188.3,188.26,0.0,5676.28,75.8,1.12,2.13,24.24,85.0,84.7,83.84,89.58
2022-01-13 00:00:00+00:00,187.1,187.13,0.0,5642.15,75.3,1.12,2.13,24.24,85.1,84.2,83.14,85.73
2022-01-14 00:00:00+00:00,185.5,185.48,0.0,5592.62,74.7,1.12,2.13,24.24,83.72,83.0,81.1,84.27
2022-01-17 00:00:00+00:00,182.6,182.62,0.0,5506.28,73.5,1.12,2.13,24.24,82.31,82.15,81.16,83.0
2022-01-18 00:00:00+00:00,174.0,174.03,0.0,5247.26,70.1,1.12,2.13,24.24,78.97,78.0,77.57,80.67
2022-01-19 00:00:00+00:00,172.6,172.61,0.0,5204.43,69.5,1.12,2.13,24.24,78.8,77.65,77.58,80.49
2022-01-20 00:00:00+00:00,174.9,174.85,0.0,5272.03,70.4,1.12,2.14,29.0,79.1,78.66,78.5,81.6
2022-01-21 00:00:00+00:00,166.4,166.42,0.0,5017.7,67.0,1.12,2.14,29.0,75.75,74.7,74.45,78.33
2022-01-24 00:00:00+00:00,166.1,166.15,0.0,5009.66,66.9,1.12,2.14,29.0,75.0,74.0,66.84,75.12
2022-01-25 00:00:00+00:00,164.2,164.24,0.0,4952.11,66.1,1.12,2.14,29.0,74.47,73.33,71.93,75.85
2022-01-26 00:00:00+00:00,160.2,160.22,0.0,4830.96,64.5,1.12,2.14,29.0,72.35,72.0,71.5,77.21
2022-01-27 00:00:00+00:00,155.1,155.12,0.0,4677.03,62.4,1.12,2.14,29.0,70.0,69.67,69.67,74.9
2022-01-28 00:00:00+00:00,163.4,163.37,0.0,4926.0,65.8,1.12,2.14,29.0,73.84,73.1,68.75,73.6
2022-01-31 00:00:00+00:00,172.0,171.96,0.0,5185.02,69.2,1.12,2.14,29.0,77.54,77.27,73.5,78.08
2022-02-01 00:00:00+00:00,181.6,181.6,0.0,5475.49,73.1,1.12,2.14,29.0,82.0,80.96,77.88,81.97
2022-02-02 00:00:00+00:00,172.0,172.03,0.0,5187.03,69.3,1.12,2.14,29.0,77.5,76.9,75.05,82.1
2022-02-03 00:00:00+00:00,162.2,162.24,0.0,4891.87,65.3,1.12,2.14,29.0,73.47,72.5,71.51,74.92
2022-02-04 00:00:00+00:00,164.8,164.82,0.0,4969.51,66.4,1.12,2.14,29.0,74.59,73.5,71.63,74.58
2022-02-07 00:00:00+00:00,169.2,169.21,0.0,5102.03,68.1,1.12,2.14,29.0,76.9,76.02,73.55,77.07
2022-02-08 00:00:00+00:00,170.0,169.99,0.0,5125.45,68.4,1.12,2.14,29.0,76.77,76.4,74.46,76.84
2022-02-09 00:00:00+00:00,178.0,177.98,0.0,5366.4,71.7,1.12,2.14,29.0,80.49,79.27,77.46,81.11
2022-02-10 00:00:00+00:00,183.1,183.13,0.0,5521.68,73.7,1.12,2.14,29.0,83.0,82.02,78.17,84.94
2022-02-11 00:00:00+00:00,176.4,176.38,0.0,5318.21,71.0,1.12,2.14,29.0,81.27,79.05,78.7,83.37
2022-02-14 00:00:00+00:00,175.2,175.18,0.0,5282.07,70.5,1.12,2.14,29.0,79.0,78.65,77.77,80.45
2022-02-15 00:00:00+00:00,181.4,181.35,0.0,5468.13,73.0,1.12,2.14,29.0,81.75,81.28,79.2,81.99
2022-02-16 00:00:00+00:00,176.3,176.29,0.0,5315.53,71.0,1.12,2.14,29.0,80.0,79.11,78.85,81.45
2022-02-17 00:00:00+00:00,159.0,159.05,0.0,4795.49,64.0,1.12,2.18,28.69,73.05,71.5,71.36,79.12
2022-02-18 00:00:00+00:00,150.2,150.17,0.0,4527.77,60.5,1.12,2.18,28.69,69.0,67.65,67.11,71.79
2022-02-21 00:00:00+00:00,150.2,150.17,0.0,4527.77,60.5,1.12,2.18,28.69,,,,
2022-02-22 00:00:00+00:00,150.9,150.88,0.0,4549.19,60.7,1.12,2.18,28.69,67.99,67.6,65.52,69.1
2022-02-23 00:00:00+00:00,145.6,145.62,0.0,4390.57,58.6,1.12,2.18,28.69,66.06,65.29,65.22,70.51
2022-02-24 00:00:00+00:00,149.7,149.68,0.0,4514.14,60.3,1.12,2.18,28.69,67.88,65.9,62.03,67.43
2022-02-25 00:00:00+00:00,149.7,149.68,0.0,4514.14,60.3,1.12,2.18,28.69,67.61,66.6,65.61,68.64
2022-02-28 00:00:00+00:00,152.7,152.74,0.0,4606.52,61.5,1.12,2.18,28.69,69.4,68.55,67.0,71.2
2022-03-01 00:00:00+00:00,145.9,145.93,0.0,4401.0,58.7,1.12,2.18,28.69,66.52,65.32,65.11,69.7
2022-03-02 00:00:00+00:00,145.0,145.02,0.0,4373.55,58.4,1.12,2.18,28.69,65.5,65.09,64.43,66.79
2022-03-03 00:00:00+00:00,141.2,141.2,0.0,4258.41,56.8,1.12,2.18,28.69,63.66,63.17,62.71,66.01
2022-03-04 00:00:00+00:00,134.4,134.43,0.0,4054.22,54.1,1.12,2.18,28.69,61.1,60.0,59.56,64.15
2022-03-07 00:00:00+00:00,125.5,125.48,0.0,3784.43,50.5,1.12,2.18,28.69,57.48,56.42,56.08,61.95
2022-03-08 00:00:00+00:00,142.5,142.49,0.0,4297.43,57.4,1.12,2.18,28.69,64.19,64.04,56.55,65.9
2022-03-09 00:00:00+00:00,162.1,162.11,0.0,4889.25,65.3,1.12,2.18,28.69,73.1,72.9,64.85,73.2
2022-03-10 00:00:00+00:00,161.5,161.51,0.0,4871.17,79.3,0.92,2.18,28.69,73.15,72.01,69.37,73.6
2022-03-11 00:00:00+00:00,156.5,156.47,0.0,4719.2,76.9,0.92,2.18,28.69,70.74,70.2,69.77,75.0
2022-03-14 00:00:00+00:00,150.6,150.63,0.0,4543.13,74.0,0.92,2.18,28.69,69.5,67.86,67.86,72.2
2022-03-15 00:00:00+00:00,162.2,162.24,0.0,4893.27,79.7,0.92,2.18,28.69,73.1,72.96,67.78,73.18
2022-03-16 00:00:00+00:00,178.7,178.67,0.0,5388.69,87.8,0.92,2.18,28.69,80.72,80.4,74.48,81.76
2022-03-17 00:00:00+00:00,187.8,187.79,0.0,5663.84,92.3,0.92,2.19,29.0,85.0,84.31,78.63,85.57
2022-03-18 00:00:00+00:00,201.0,200.95,0.0,6060.85,98.7,0.92,2.19,29.0,90.55,89.32,82.65,91.49
2022-03-21 00:00:00+00:00,198.1,198.14,0.0,5975.82,97.3,0.92,2.19,29.0,89.35,88.9,87.08,92.53
2022-03-22 00:00:00+00:00,208.7,208.72,0.0,6295.17,102.5,0.92,2.19,29.0,94.1,93.89,89.17,94.31
2022-03-23 00:00:00+00:00,196.8,196.76,0.0,5934.32,96.7,0.92,2.19,29.0,88.79,88.51,88.58,93.51
2022-03-24 00:00:00+00:00,204.2,204.22,0.0,6159.26,100.3,0.92,2.19,29.0,92.1,91.89,88.93,92.57
2022-03-25 00:00:00+00:00,198.2,198.18,0.0,5977.16,97.4,0.92,2.19,29.0,89.3,88.25,88.27,93.0
2022-03-28 00:00:00+00:00,196.3,196.32,0.0,5920.93,96.4,0.92,2.19,29.0,88.59,88.38,88.12,92.26
2022-03-29 00:00:00+00:00,207.7,207.75,0.0,6265.71,102.1,0.92,2.19,29.0,93.7,92.3,89.5,94.05
2022-03-30 00:00:00+00:00,210.5,210.5,0.0,6348.73,103.4,0.92,2.19,29.0,95.25,94.5,91.3,97.0
2022-03-31 00:00:00+00:00,208.7,208.66,0.0,6181.31,102.5,0.92,2.19,29.0,95.4,93.75,94.0,96.79
2022-04-01 00:00:00+00:00,210.6,210.63,0.0,6239.84,103.5,0.92,2.19,29.0,94.95,94.65,93.07,98.28
2022-04-04 00:00:00+00:00,214.4,214.43,0.0,6352.29,105.3,0.92,2.19,29.0,97.1,96.5,95.0,98.8
2022-04-05 00:00:00+00:00,209.4,209.43,0.0,6204.33,102.9,0.92,2.19,29.0,95.4,94.0,93.25,97.3
2022-04-06 00:00:00+00:00,199.0,199.02,0.0,5895.92,97.8,0.92,2.19,29.0,89.74,89.5,85.97,93.02
2022-04-07 00:00:00+00:00,191.8,191.81,0.0,5682.2,94.2,0.92,2.19,29.0,87.55,86.28,85.64,90.28
2022-04-08 00:00:00+00:00,189.7,189.66,0.0,5618.42,93.2,0.92,2.19,29.0,86.55,85.0,82.5,87.0
2022-04-11 00:00:00+00:00,184.7,184.66,0.0,5470.46,90.7,0.92,2.19,29.0,83.65,83.0,81.69,85.86
2022-04-12 00:00:00+00:00,183.2,183.22,0.0,5427.72,90.0,0.92,2.19,29.0,82.69,82.45,81.59,86.77
2022-04-13 00:00:00+00:00,187.9,187.88,0.0,5565.81,92.3,0.92,2.19,29.0,85.38,84.5,82.36,86.23
2022-04-14 00:00:00+00:00,185.7,185.66,0.0,5488.73,91.2,0.92,2.29,29.46,83.7,82.98,82.76,86.29
2022-04-15 00:00:00+00:00,185.7,185.66,0.0,5488.73,91.2,0.92,2.29,29.46,,,,
2022-04-18 00:00:00+00:00,184.3,184.31,0.0,5448.7,90.5,0.92,2.29,29.46,83.25,82.9,81.5,84.67
2022-04-19 00:00:00+00:00,192.7,192.67,0.0,5696.1,94.7,0.92,2.29,29.46,86.88,86.5,82.18,87.61
2022-04-20 00:00:00+00:00,182.0,182.04,0.0,5381.76,89.4,0.92,2.29,29.46,82.75,81.81,81.86,86.8
2022-04-21 00:00:00+00:00,173.1,173.05,0.0,5115.99,85.0,0.92,2.29,29.46,80.75,77.5,77.3,84.82
2022-04-22 00:00:00+00:00,164.2,164.24,0.0,4855.46,80.7,0.92,2.29,29.46,74.9,73.95,73.93,79.37
2022-04-25 00:00:00+00:00,171.8,171.76,0.0,5077.93,84.4,0.92,2.29,29.46,77.8,76.51,71.99,77.8
2022-04-26 00:00:00+00:00,162.6,162.64,0.0,4808.22,79.9,0.92,2.29,29.46,73.3,73.24,73.11,77.77
2022-04-27 00:00:00+00:00,158.0,158.05,0.0,4672.38,77.6,0.92,2.29,29.46,71.43,71.2,71.07,75.85
2022-04-28 00:00:00+00:00,168.8,168.77,0.0,4989.34,82.9,0.92,2.29,29.46,76.28,75.5,71.61,76.87
2022-04-29 00:00:00+00:00,159.5,159.47,0.0,4714.38,78.3,0.92,2.29,29.46,76.34,71.65,71.66,78.58
2022-05-02 00:00:00+00:00,162.3,162.26,0.0,4797.06,79.7,0.92,2.29,29.46,73.28,72.92,70.87,73.75
2022-05-03 00:00:00+00:00,160.1,160.13,0.0,4734.06,78.7,0.92,2.29,29.46,72.7,72.12,71.92,75.0
2022-05-04 00:00:00+00:00,160.7,160.71,0.0,4751.13,79.0,0.92,2.29,29.46,72.7,71.8,68.53,72.96
2022-05-05 00:00:00+00:00,146.1,146.15,0.0,4320.64,71.8,0.92,2.29,29.46,66.05,65.68,65.34,70.95
2022-05-06 00:00:00+00:00,142.0,142.02,0.0,4198.57,69.8,0.92,2.29,29.46,64.44,63.04,60.62,66.57
2022-05-09 00:00:00+00:00,129.2,129.23,0.0,3820.59,63.5,0.92,2.29,29.46,60.09,58.0,57.8,63.65
2022-05-10 00:00:00+00:00,120.9,120.91,0.0,3581.88,59.4,0.92,2.29,29.46,55.27,54.01,50.64,59.05
2022-05-11 00:00:00+00:00,119.1,119.13,0.0,3529.27,58.5,0.92,2.29,29.46,55.0,53.65,52.47,55.0
2022-05-12 00:00:00+00:00,125.2,125.22,0.0,3690.65,80.1,0.7,2.29,29.46,56.66,55.92,51.88,58.02
2022-05-13 00:00:00+00:00,138.6,138.6,0.0,4085.17,88.7,0.7,2.29,29.46,62.62,61.75,57.98,62.58
2022-05-16 00:00:00+00:00,128.6,128.63,0.0,3791.41,82.3,0.7,2.29,29.46,59.0,57.95,57.9,63.22
2022-05-17 00:00:00+00:00,134.7,134.67,0.0,3969.37,86.2,0.7,2.29,29.46,61.0,60.6,58.33,62.22
2022-05-18 00:00:00+00:00,129.0,129.03,0.0,3803.19,82.6,0.7,2.29,29.46,58.3,58.0,57.84,61.23
2022-05-19 00:00:00+00:00,136.0,135.98,0.0,4007.97,87.0,0.7,2.37,19.01,61.71,61.22,57.39,63.45
2022-05-20 00:00:00+00:00,138.3,138.31,0.0,4076.67,88.5,0.7,2.37,19.01,62.37,62.18,59.63,63.42
2022-05-23 00:00:00+00:00,138.3,138.31,0.0,4076.67,88.5,0.7,2.37,19.01,,,,
2022-05-24 00:00:00+00:00,126.7,126.73,0.0,3735.14,81.1,0.7,2.37,19.01,57.09,57.0,56.27,62.81
2022-05-25 00:00:00+00:00,132.7,132.65,0.0,3909.83,84.9,0.7,2.37,19.01,60.0,59.71,56.99,59.95
2022-05-26 00:00:00+00:00,144.4,144.44,0.0,4257.24,92.4,0.7,2.37,19.01,65.19,65.03,59.0,65.2
2022-05-27 00:00:00+00:00,145.1,145.15,0.0,4278.18,92.9,0.7,2.37,19.01,65.9,65.27,64.55,67.21
2022-05-30 00:00:00+00:00,150.2,150.23,0.0,4428.0,96.1,0.7,2.37,19.01,67.77,67.68,66.04,67.88
2022-05-31 00:00:00+00:00,143.8,143.77,0.0,4237.61,92.0,0.7,2.37,19.01,65.25,63.9,63.46,67.4
2022-06-01 00:00:00+00:00,137.2,137.23,0.0,4044.61,87.8,0.7,2.37,19.01,62.9,61.7,60.96,66.41
2022-06-02 00:00:00+00:00,145.7,145.75,0.0,4295.84,93.3,0.7,2.37,19.01,65.74,65.66,61.96,66.63
2022-06-03 00:00:00+00:00,140.0,140.04,0.0,4127.7,89.6,0.7,2.37,19.01,63.47,62.84,62.57,64.3
2022-06-06 00:00:00+00:00,141.6,141.62,0.0,4174.15,90.6,0.7,2.37,19.01,64.1,63.75,63.11,66.5
2022-06-07 00:00:00+00:00,140.4,140.38,0.0,4137.51,89.8,0.7,2.37,19.01,63.38,62.8,61.63,64.33
2022-06-08 00:00:00+00:00,140.9,140.87,0.0,4151.9,90.1,0.7,2.37,19.01,63.5,63.0,62.5,63.83
2022-06-09 00:00:00+00:00,135.1,135.09,0.0,3981.8,86.4,0.7,2.37,19.01,62.15,60.7,60.58,63.8
2022-06-10 00:00:00+00:00,128.7,128.7,0.0,3793.37,82.4,0.7,2.37,19.01,58.6,57.94,56.78,60.5
2022-06-13 00:00:00+00:00,118.1,118.09,0.0,3480.64,75.6,0.7,2.37,19.01,53.59,52.95,52.48,56.18
2022-06-14 00:00:00+00:00,117.0,117.03,0.0,3438.38,74.9,0.7,2.37,19.01,52.72,51.9,51.61,55.02
2022-06-15 00:00:00+00:00,122.1,122.13,0.0,3588.39,78.2,0.7,2.37,19.01,55.27,54.8,52.95,55.76
2022-06-16 00:00:00+00:00,109.0,108.97,0.0,3201.63,69.7,0.7,2.45,17.46,49.1,49.0,48.85,53.0
2022-06-17 00:00:00+00:00,109.7,109.7,0.0,3223.16,70.2,0.7,2.45,17.46,51.0,49.4,49.42,51.41
2022-06-20 00:00:00+00:00,114.3,114.32,0.0,3358.81,73.2,0.7,2.45,17.46,52.0,51.22,49.87,52.06
2022-06-21 00:00:00+00:00,110.1,110.1,0.0,3234.9,70.5,0.7,2.45,17.46,50.4,49.55,49.09,53.53
2022-06-22 00:00:00+00:00,106.4,106.42,0.0,3126.63,68.1,0.7,2.45,17.46,48.95,47.94,47.78,50.17
2022-06-23 00:00:00+00:00,111.2,111.19,0.0,3266.85,71.2,0.7,2.45,17.46,50.49,48.98,47.45,50.7
2022-06-24 00:00:00+00:00,113.6,113.61,0.0,3337.94,72.7,0.7,2.45,17.46,51.65,51.0,50.55,52.6
2022-06-27 00:00:00+00:00,112.9,112.92,0.0,3317.72,72.3,0.7,2.45,17.46,51.27,50.15,50.02,52.6
2022-06-28 00:00:00+00:00,109.0,109.01,0.0,3202.94,69.8,0.7,2.45,17.46,49.5,48.9,48.1,51.91
2022-06-29 00:00:00+00:00,107.6,107.64,0.0,3162.5,68.9,0.7,2.45,17.46,48.55,48.08,47.66,49.7
2022-06-30 00:00:00+00:00,103.3,103.26,0.0,3034.02,66.1,0.7,2.45,17.46,46.55,46.52,44.06,47.95
2022-07-01 00:00:00+00:00,103.3,103.26,0.0,3034.02,66.1,0.7,2.45,17.46,,,,
2022-07-04 00:00:00+00:00,102.9,102.93,0.0,3024.24,65.9,0.7,2.45,17.46,46.45,45.9,45.35,46.67
2022-07-05 00:00:00+00:00,101.5,101.53,0.0,2983.15,65.0,0.7,2.45,17.46,46.0,45.65,43.85,46.5
2022-07-06 00:00:00+00:00,98.2,98.22,0.0,2885.97,62.9,0.7,2.45,17.46,44.47,44.14,43.5,46.82
2022-07-07 00:00:00+00:00,97.3,97.31,0.0,2859.23,62.3,0.7,2.45,17.46,44.06,43.72,43.79,45.6
2022-07-08 00:00:00+00:00,97.8,97.8,0.0,2873.58,62.6,0.7,2.45,17.46,44.2,43.66,41.34,44.67
2022-07-11 00:00:00+00:00,90.9,90.92,0.0,2671.4,58.2,0.7,2.45,17.46,41.15,40.8,40.66,43.68
2022-07-12 00:00:00+00:00,89.9,89.9,0.0,2641.51,57.5,0.7,2.45,17.46,41.0,40.45,40.3,42.3
2022-07-13 00:00:00+00:00,90.9,90.85,0.0,2669.56,58.1,0.7,2.45,17.46,41.0,40.6,38.75,41.39
2022-07-14 00:00:00+00:00,88.7,88.7,0.0,2606.29,56.8,0.7,2.5,12.64,40.0,39.92,38.38,40.49
2022-07-15 00:00:00+00:00,89.1,89.15,0.0,2619.34,57.0,0.7,2.5,12.64,40.25,40.06,39.32,41.4
2022-07-18 00:00:00+00:00,91.9,91.9,0.0,2700.21,58.8,0.7,2.5,12.64,41.42,40.9,40.33,42.42
2022-07-19 00:00:00+00:00,97.5,97.54,0.0,2865.88,62.4,0.7,2.5,12.64,44.11,43.67,42.14,44.37
2022-07-20 00:00:00+00:00,103.8,103.8,0.0,3049.8,66.4,0.7,2.5,12.64,47.0,46.5,43.93,47.2
2022-07-21 00:00:00+00:00,104.8,104.75,0.0,3077.85,67.0,0.7,2.5,12.64,47.41,46.5,46.17,47.51
2022-07-22 00:00:00+00:00,101.4,101.44,0.0,2980.67,64.9,0.7,2.5,12.64,45.83,44.7,44.57,47.3
2022-07-25 00:00:00+00:00,96.4,96.45,0.0,2833.92,61.7,0.7,2.5,12.64,43.5,43.25,43.0,45.7
2022-07-26 00:00:00+00:00,89.1,89.06,0.0,2616.73,57.0,0.7,2.5,12.64,40.25,40.01,40.12,42.98
2022-07-27 00:00:00+00:00,94.3,94.34,0.0,2771.96,60.4,0.7,2.5,12.64,42.75,42.3,39.82,42.75
2022-07-28 00:00:00+00:00,94.7,94.69,0.0,2782.39,60.6,0.7,2.5,12.64,42.75,42.12,40.83,43.28
2022-07-29 00:00:00+00:00,99.4,99.36,0.0,2919.36,63.6,0.7,2.5,12.64,44.76,44.52,42.23,44.91
2022-08-01 00:00:00+00:00,99.4,99.36,0.0,2919.36,63.6,0.7,2.5,12.64,,,,
2022-08-02 00:00:00+00:00,103.3,103.29,0.0,3034.8,66.1,0.7,2.5,12.64,46.8,45.95,43.47,47.1
2022-08-03 00:00:00+00:00,111.1,111.14,0.0,3265.69,71.1,0.7,2.5,12.64,50.28,49.94,46.51,50.07
2022-08-04 00:00:00+00:00,107.0,107.01,0.0,3144.38,68.5,0.7,2.5,12.64,48.5,47.97,47.75,50.25
2022-08-05 00:00:00+00:00,107.8,107.79,0.0,3167.35,69.0,0.7,2.5,12.64,48.73,48.45,46.89,48.91
2022-08-08 00:00:00+00:00,120.1,120.09,0.0,3528.7,76.8,0.7,2.5,12.64,54.31,54.1,48.56,54.5
2022-08-09 00:00:00+00:00,94.3,94.34,0.0,2772.08,60.4,0.7,2.5,12.64,42.75,42.45,41.69,47.45
2022-08-10 00:00:00+00:00,101.0,100.98,0.0,2966.97,64.6,0.7,2.5,12.64,45.49,45.28,42.12,46.97
2022-08-11 00:00:00+00:00,102.3,102.33,0.0,3006.76,69.3,0.66,2.5,12.64,46.38,46.05,46.05,49.85
2022-08-12 00:00:00+00:00,100.1,100.13,0.0,2942.18,67.8,0.66,2.5,12.64,45.3,45.05,45.01,47.24
2022-08-15 00:00:00+00:00,106.5,106.55,0.0,3130.68,72.2,0.66,2.5,12.64,48.17,47.36,44.0,48.42
2022-08-16 00:00:00+00:00,103.8,103.82,0.0,3050.59,70.3,0.66,2.5,12.64,46.82,46.66,46.08,48.45
2022-08-17 00:00:00+00:00,98.7,98.71,0.0,2900.57,66.9,0.66,2.5,12.64,44.55,44.35,43.5,46.19
2022-08-18 00:00:00+00:00,98.4,98.45,0.0,2892.74,66.7,0.66,2.12,16.22,44.57,44.24,43.5,44.8
2022-08-19 00:00:00+00:00,93.4,93.43,0.0,2745.33,63.3,0.66,2.12,16.22,42.17,42.0,41.49,43.11
2022-08-22 00:00:00+00:00,93.3,93.3,0.0,2741.42,63.2,0.66,2.12,16.22,42.13,41.88,40.9,42.64
2022-08-23 00:00:00+00:00,93.4,93.41,0.0,2744.68,63.3,0.66,2.12,16.22,42.11,42.0,40.99,42.42
2022-08-24 00:00:00+00:00,95.2,95.16,0.0,2796.21,64.5,0.66,2.12,16.22,43.0,42.74,42.14,43.93
2022-08-25 00:00:00+00:00,96.0,95.96,0.0,2819.69,65.0,0.66,2.12,16.22,43.39,43.23,42.93,44.15
2022-08-26 00:00:00+00:00,88.6,88.63,0.0,2604.45,60.0,0.66,2.12,16.22,40.02,39.9,39.72,43.01
2022-08-29 00:00:00+00:00,88.1,88.12,0.0,2589.44,59.7,0.66,2.12,16.22,39.88,39.6,38.99,40.2
2022-08-30 00:00:00+00:00,88.1,88.06,0.0,2587.49,59.7,0.66,2.12,16.22,39.82,39.54,39.21,40.86
2022-08-31 00:00:00+00:00,89.2,89.21,0.0,2621.4,60.4,0.66,2.12,16.22,40.27,40.0,39.5,40.49
2022-09-01 00:00:00+00:00,88.0,87.99,0.0,2585.53,59.6,0.66,2.12,16.22,39.74,38.8,38.12,39.67
2022-09-02 00:00:00+00:00,85.9,85.95,0.0,2525.52,58.2,0.66,2.12,16.22,39.06,38.47,38.39,40.52
2022-09-05 00:00:00+00:00,85.9,85.95,0.0,2525.52,58.2,0.66,2.12,16.22,,,,
2022-09-06 00:00:00+00:00,83.3,83.26,0.0,2446.6,56.4,0.66,2.12,16.22,37.72,37.5,37.47,38.9
2022-09-07 00:00:00+00:00,85.4,85.37,0.0,2508.57,57.8,0.66,2.12,16.22,38.58,38.32,36.83,38.62
2022-09-08 00:00:00+00:00,87.0,87.01,0.0,2556.83,58.9,0.66,2.12,16.22,39.24,39.01,37.66,39.53
2022-09-09 00:00:00+00:00,92.4,92.43,0.0,2715.98,62.6,0.66,2.12,16.22,41.75,41.64,39.98,41.72
2022-09-12 00:00:00+00:00,95.5,95.52,0.0,2806.64,64.7,0.66,2.12,16.22,43.11,42.85,41.47,43.1
2022-09-13 00:00:00+00:00,90.1,90.08,0.0,2646.97,61.0,0.66,2.12,16.22,40.7,40.51,40.41,41.82
2022-09-14 00:00:00+00:00,94.5,94.52,0.0,2777.43,64.0,0.66,2.12,16.22,42.7,41.65,40.23,42.73
2022-09-15 00:00:00+00:00,93.7,93.65,0.0,2751.99,63.4,0.66,2.19,14.79,42.25,42.0,41.9,43.95
2022-09-16 00:00:00+00:00,92.8,92.83,0.0,2727.86,62.9,0.66,2.19,14.79,41.98,41.51,40.6,42.22
2022-09-19 00:00:00+00:00,93.4,93.43,0.0,2745.47,63.3,0.66,2.19,14.79,42.18,41.9,40.5,42.28
2022-09-20 00:00:00+00:00,93.9,93.94,0.0,2760.47,63.6,0.66,2.19,14.79,42.42,42.27,41.02,44.14
2022-09-21 00:00:00+00:00,89.9,89.94,0.0,2643.06,60.9,0.66,2.19,14.79,40.9,40.5,40.4,42.39
2022-09-22 00:00:00+00:00,83.8,83.77,0.0,2461.73,56.8,0.66,2.19,14.79,37.84,37.57,37.34,40.82
2022-09-23 00:00:00+00:00,83.5,83.49,0.0,2453.25,56.6,0.66,2.19,14.79,37.77,37.53,36.65,37.71
2022-09-26 00:00:00+00:00,81.8,81.82,0.0,2404.32,55.4,0.66,2.19,14.79,37.15,36.74,36.72,38.65
2022-09-27 00:00:00+00:00,81.5,81.47,0.0,2393.89,55.2,0.66,2.19,14.79,36.83,36.68,36.47,38.6
2022-09-28 00:00:00+00:00,87.2,87.24,0.0,2563.48,59.1,0.66,2.19,14.79,39.39,39.0,36.47,39.61
2022-09-29 00:00:00+00:00,83.5,83.49,0.0,2453.25,56.6,0.66,2.19,14.79,37.67,37.5,37.39,38.7
2022-09-30 00:00:00+00:00,82.9,82.86,0.0,2434.98,56.1,0.66,2.19,14.79,37.52,37.19,37.24,39.21
2022-10-03 00:00:00+00:00,84.4,84.44,0.0,2481.29,57.2,0.66,2.19,14.79,38.17,37.79,36.62,38.85
2022-10-04 00:00:00+00:00,92.6,92.59,0.0,2720.68,62.7,0.66,2.19,14.79,41.84,41.6,39.39,42.1
2022-10-05 00:00:00+00:00,90.3,90.34,0.0,2654.8,61.2,0.66,2.19,14.79,40.86,40.68,40.45,41.43
2022-10-06 00:00:00+00:00,91.6,91.63,0.0,2692.63,62.1,0.66,2.19,14.79,41.34,41.11,40.4,41.59
2022-10-07 00:00:00+00:00,86.8,86.77,0.0,2549.78,58.8,0.66,2.19,14.79,39.28,39.03,38.98,40.74
2022-10-10 00:00:00+00:00,86.8,86.77,0.0,2549.78,58.8,0.66,2.19,14.79,,,,
2022-10-11 00:00:00+00:00,82.6,82.57,0.0,2426.5,55.9,0.66,2.19,14.79,37.3,37.06,36.14,38.1
2022-10-12 00:00:00+00:00,81.3,81.27,0.0,2388.02,55.1,0.66,2.19,14.79,36.68,36.48,36.16,37.76
2022-10-13 00:00:00+00:00,82.1,82.11,0.0,2412.8,55.6,0.66,2.19,14.79,37.1,36.95,34.47,37.35
2022-10-14 00:00:00+00:00,79.6,79.64,0.0,2340.4,54.0,0.66,2.19,14.79,36.25,35.86,35.86,38.33
2022-10-17 00:00:00+00:00,85.2,85.17,0.0,2502.82,57.7,0.66,2.19,14.79,38.52,38.2,36.96,39.55
2022-10-18 00:00:00+00:00,85.8,85.79,0.0,2521.39,58.1,0.66,2.19,14.79,38.99,38.56,38.36,40.76
2022-10-19 00:00:00+00:00,79.9,79.93,0.0,2349.17,54.2,0.66,2.19,14.79,36.25,35.92,35.95,38.32
2022-10-20 00:00:00+00:00,82.0,81.95,0.0,2408.53,55.5,0.66,2.13,12.26,37.0,36.74,36.0,37.78
2022-10-21 00:00:00+00:00,86.5,86.5,0.0,2542.27,58.6,0.66,2.13,12.26,39.0,38.29,35.9,38.99
2022-10-24 00:00:00+00:00,83.2,83.15,0.0,2443.76,56.3,0.66,2.13,12.26,37.55,37.45,37.4,39.31
2022-10-25 00:00:00+00:00,88.3,88.35,0.0,2596.42,59.8,0.66,2.13,12.26,39.81,39.5,37.54,39.84
2022-10-26 00:00:00+00:00,88.3,88.26,0.0,2593.81,59.8,0.66,2.13,12.26,39.92,39.7,39.04,41.8
2022-10-27 00:00:00+00:00,90.1,90.1,0.0,2647.95,61.0,0.66,2.13,12.26,40.73,40.38,39.51,41.42
2022-10-28 00:00:00+00:00,91.8,91.76,0.0,2696.88,62.2,0.66,2.13,12.26,41.4,41.17,39.11,41.68
2022-10-31 00:00:00+00:00,91.0,91.01,0.0,2674.7,61.7,0.66,2.13,12.26,41.32,40.86,40.62,42.15
2022-11-01 00:00:00+00:00,92.7,92.65,0.0,2722.97,62.8,0.66,2.13,12.26,42.4,41.6,40.41,42.47
2022-11-02 00:00:00+00:00,86.6,86.61,0.0,2545.53,58.7,0.66,2.13,12.26,39.35,38.82,38.86,41.85
2022-11-03 00:00:00+00:00,90.5,90.48,0.0,2659.04,61.3,0.66,2.13,12.26,40.95,40.71,38.45,41.41
2022-11-04 00:00:00+00:00,86.8,86.81,0.0,2551.4,58.8,0.66,2.13,12.26,39.34,39.0,37.31,41.36
2022-11-07 00:00:00+00:00,89.6,89.59,0.0,2632.95,75.3,0.54,2.13,12.26,40.52,40.17,39.97,42.01
2022-11-08 00:00:00+00:00,89.7,89.72,0.0,2636.86,75.4,0.54,2.13,12.26,40.61,40.36,40.16,42.24
2022-11-09 00:00:00+00:00,80.1,80.09,0.0,2353.74,67.3,0.54,2.13,12.26,36.2,36.08,36.0,39.92
2022-11-10 00:00:00+00:00,93.2,93.16,0.0,2737.98,78.3,0.54,2.13,12.26,41.97,41.45,38.45,42.09
2022-11-11 00:00:00+00:00,99.9,99.87,0.0,2934.99,83.9,0.54,2.13,12.26,45.0,43.41,40.4,45.0
2022-11-14 00:00:00+00:00,95.3,95.27,0.0,2799.95,80.1,0.54,2.13,12.26,43.05,42.88,42.8,44.44
2022-11-15 00:00:00+00:00,95.9,95.87,0.0,2817.57,80.6,0.54,2.13,12.26,43.26,43.01,43.08,44.97
2022-11-16 00:00:00+00:00,94.4,94.43,0.0,2775.52,79.4,0.54,2.13,12.26,42.77,42.47,40.28,43.08
2022-11-17 00:00:00+00:00,91.3,91.32,0.0,2684.18,76.8,0.54,2.15,14.84,41.14,40.95,40.9,42.54
2022-11-18 00:00:00+00:00,89.2,89.21,0.0,2622.2,75.0,0.54,2.15,14.84,40.4,40.1,39.69,42.33
2022-11-21 00:00:00+00:00,86.6,86.64,0.0,2546.51,72.8,0.54,2.15,14.84,39.15,39.0,38.0,39.87
2022-11-22 00:00:00+00:00,87.4,87.44,0.0,2570.0,73.5,0.54,2.15,14.84,39.4,39.14,38.05,39.75
2022-11-23 00:00:00+00:00,86.7,86.73,0.0,2549.13,72.9,0.54,2.15,14.84,39.31,38.91,38.66,40.0
2022-11-24 00:00:00+00:00,88.7,88.75,0.0,2608.5,74.6,0.54,2.15,14.84,40.03,39.78,39.47,40.03
2022-11-25 00:00:00+00:00,86.7,86.7,0.0,2548.47,72.9,0.54,2.15,14.84,39.1,38.9,38.75,40.0
2022-11-28 00:00:00+00:00,83.6,83.6,0.0,2457.13,70.3,0.54,2.15,14.84,37.74,37.6,37.52,39.09
2022-11-29 00:00:00+00:00,86.1,86.15,0.0,2532.16,72.4,0.54,2.15,14.84,38.88,38.61,37.66,39.04
2022-11-30 00:00:00+00:00,92.0,92.03,0.0,2705.06,77.4,0.54,2.15,14.84,41.5,41.33,38.65,41.5
2022-12-01 00:00:00+00:00,92.6,92.56,0.0,2720.72,77.8,0.54,2.15,14.84,41.79,41.6,41.18,42.68
2022-12-02 00:00:00+00:00,88.9,88.9,0.0,2613.06,74.7,0.54,2.15,14.84,40.1,39.84,39.6,41.15
2022-12-05 00:00:00+00:00,84.2,84.22,0.0,2475.4,70.8,0.54,2.15,14.84,38.43,37.92,37.88,40.08
2022-12-06 00:00:00+00:00,83.3,83.33,0.0,2449.3,70.0,0.54,2.15,14.84,37.63,37.17,36.22,38.03
2022-12-07 00:00:00+00:00,82.8,82.82,0.0,2434.29,69.6,0.54,2.15,14.84,37.43,37.0,36.06,37.56
2022-12-08 00:00:00+00:00,82.7,82.69,0.0,2430.38,69.5,0.54,2.15,14.84,37.33,37.18,36.7,38.75
2022-12-09 00:00:00+00:00,81.7,81.73,0.0,2402.32,68.7,0.54,2.15,14.84,36.97,36.81,36.58,37.59
2022-12-12 00:00:00+00:00,84.7,84.71,0.0,2489.75,71.2,0.54,2.15,14.84,38.16,37.93,36.6,38.71
2022-12-13 00:00:00+00:00,82.0,81.95,0.0,2408.85,68.9,0.54,2.15,14.84,37.22,36.9,36.71,40.41
2022-12-14 00:00:00+00:00,81.5,81.49,0.0,2395.15,68.5,0.54,2.15,14.84,36.79,36.61,36.34,37.7
2022-12-15 00:00:00+00:00,81.1,81.13,0.0,2384.71,68.2,0.54,2.15,12.64,36.76,36.52,36.1,37.56
2022-12-16 00:00:00+00:00,80.1,80.07,0.0,2353.39,67.3,0.54,2.15,12.64,36.17,35.96,35.24,36.73
2022-12-19 00:00:00+00:00,77.4,77.45,0.0,2276.4,65.1,0.54,2.15,12.64,35.0,34.85,34.7,36.07
2022-12-20 00:00:00+00:00,77.4,77.43,0.0,2225.57,65.1,0.54,2.15,12.64,34.9,34.77,34.21,35.35
2022-12-21 00:00:00+00:00,76.6,76.6,0.0,2201.96,64.4,0.54,2.15,12.64,34.77,34.5,34.35,35.45
2022-12-22 00:00:00+00:00,74.8,74.81,0.0,2150.28,62.9,0.54,2.15,12.64,33.76,33.53,32.86,34.01
2022-12-23 00:00:00+00:00,73.1,73.05,0.0,2099.87,61.4,0.54,2.15,12.64,33.04,32.9,32.58,33.44
2022-12-26 00:00:00+00:00,73.1,73.05,0.0,2099.87,61.4,0.54,2.15,12.64,,,,
2022-12-27 00:00:00+00:00,73.1,73.05,0.0,2099.87,61.4,0.54,2.15,12.64,,,,
2022-12-28 00:00:00+00:00,72.4,72.43,0.0,2082.01,60.9,0.54,2.15,12.64,32.63,32.6,32.2,32.95
2022-12-29 00:00:00+00:00,76.3,76.32,0.0,2193.67,64.1,0.54,2.15,12.64,34.46,34.01,33.04,34.54
2022-12-30 00:00:00+00:00,76.4,76.38,0.0,2195.58,64.2,0.54,2.15,12.64,34.5,34.25,33.54,35.18
2023-01-02 00:00:00+00:00,76.4,76.38,0.0,2195.58,64.2,0.54,2.15,12.64,,,,
2023-01-03 00:00:00+00:00,77.4,77.43,0.0,2225.57,65.1,0.54,2.15,12.64,34.9,34.68,34.29,36.2
2023-01-04 00:00:00+00:00,80.0,80.0,0.0,2299.59,67.2,0.54,2.15,12.64,36.05,35.89,34.88,36.49
2023-01-05 00:00:00+00:00,80.6,80.55,0.0,2315.54,67.7,0.54,2.15,12.64,36.43,36.07,35.23,36.63
2023-01-06 00:00:00+00:00,80.8,80.82,0.0,2323.19,67.9,0.54,2.15,12.64,36.53,36.29,35.54,37.15
2023-01-09 00:00:00+00:00,83.0,83.02,0.0,2386.36,69.8,0.54,2.15,12.64,37.5,37.01,34.21,38.54
2023-01-10 00:00:00+00:00,90.3,90.34,0.0,2596.92,75.9,0.54,2.15,12.64,40.7,40.47,37.35,40.78
2023-01-11 00:00:00+00:00,92.7,92.67,0.0,2663.92,77.9,0.54,2.15,12.64,41.82,41.62,39.6,41.83
2023-01-12 00:00:00+00:00,95.9,95.89,0.0,2741.54,80.6,0.54,2.15,12.64,43.22,42.81,40.65,43.45
2023-01-13 00:00:00+00:00,98.1,98.11,0.0,2805.0,82.5,0.54,2.15,12.64,44.24,44.1,42.02,44.4
2023-01-16 00:00:00+00:00,97.7,97.74,0.0,2794.21,82.1,0.54,2.15,12.64,44.16,44.0,44.0,44.84
2023-01-17 00:00:00+00:00,96.1,96.14,0.0,2748.52,80.8,0.54,2.15,12.64,43.5,43.26,42.93,44.56
2023-01-18 00:00:00+00:00,96.2,96.2,0.0,2750.43,80.9,0.54,2.15,12.64,43.45,43.11,43.1,44.62
2023-01-19 00:00:00+00:00,94.3,94.25,0.0,2694.58,79.2,0.54,2.2,14.59,42.52,42.35,42.01,43.56
2023-01-20 00:00:00+00:00,96.2,96.23,0.0,2751.06,80.9,0.54,2.2,14.59,43.46,43.32,42.26,43.35
2023-01-23 00:00:00+00:00,102.6,102.62,0.0,2933.83,86.3,0.54,2.2,14.59,46.25,46.0,43.44,46.23
2023-01-24 00:00:00+00:00,99.9,99.91,0.0,2856.4,84.0,0.54,2.2,14.59,45.08,45.0,44.9,46.56
2023-01-25 00:00:00+00:00,99.0,99.0,0.0,2830.39,83.2,0.54,2.2,14.59,44.62,44.5,43.28,44.85
2023-01-26 00:00:00+00:00,100.7,100.73,0.0,2879.89,84.7,0.54,2.2,14.59,45.5,45.23,44.7,46.02
2023-01-27 00:00:00+00:00,103.1,103.13,0.0,2948.43,86.7,0.54,2.2,14.59,46.5,46.25,44.94,46.51
2023-01-30 00:00:00+00:00,103.1,103.11,0.0,2947.79,86.7,0.54,2.2,14.59,46.57,46.26,45.32,46.61
2023-01-31 00:00:00+00:00,104.3,104.26,0.0,2980.79,87.6,0.54,2.2,14.59,47.0,46.95,46.4,47.61
2023-02-01 00:00:00+00:00,107.2,107.24,0.0,3065.83,90.1,0.54,2.2,14.59,48.5,48.13,46.48,48.6
2023-02-02 00:00:00+00:00,109.3,109.26,0.0,3123.58,91.8,0.54,2.2,14.59,49.31,49.06,48.74,50.94
2023-02-03 00:00:00+00:00,106.8,106.84,0.0,3054.41,89.8,0.54,2.2,14.59,48.44,48.11,47.12,49.29
2023-02-06 00:00:00+00:00,105.6,105.59,0.0,3018.87,88.8,0.54,2.2,14.59,47.73,47.42,46.95,48.03
2023-02-07 00:00:00+00:00,108.4,108.39,0.0,3098.83,91.1,0.54,2.2,14.59,48.94,48.31,46.95,49.03
2023-02-08 00:00:00+00:00,104.0,103.97,0.0,2972.54,87.4,0.54,2.2,14.59,46.95,46.77,46.82,48.85
2023-02-09 00:00:00+00:00,99.7,99.69,0.0,2850.06,83.8,0.54,2.2,14.59,45.44,44.75,44.55,47.69
2023-02-10 00:00:00+00:00,98.2,98.16,0.0,2806.27,82.5,0.54,2.2,14.59,44.36,44.01,43.42,44.63
2023-02-13 00:00:00+00:00,97.2,97.2,0.0,2778.98,81.7,0.54,2.2,14.59,43.95,43.75,43.66,44.9
2023-02-14 00:00:00+00:00,97.2,97.23,0.0,2779.62,81.7,0.54,2.2,14.59,43.85,43.68,42.86,43.93
2023-02-15 00:00:00+00:00,103.0,103.02,0.0,2945.25,86.6,0.54,2.2,14.59,46.61,46.06,43.5,46.6
2023-02-16 00:00:00+00:00,98.9,98.91,0.0,2827.85,83.1,0.54,2.2,15.77,45.02,44.51,44.52,45.9
2023-02-17 00:00:00+00:00,98.1,98.11,0.0,2805.0,82.5,0.54,2.2,15.77,44.4,44.11,43.45,44.52
2023-02-20 00:00:00+00:00,98.1,98.11,0.0,2805.0,82.5,0.54,2.2,15.77,,,,
2023-02-21 00:00:00+00:00,95.7,95.69,0.0,2735.83,80.4,0.54,2.2,15.77,43.17,42.9,42.45,43.75
2023-02-22 00:00:00+00:00,94.6,94.63,0.0,2710.58,79.5,0.54,2.2,15.77,42.98,42.55,42.11,43.75
2023-02-23 00:00:00+00:00,93.0,93.03,0.0,2664.8,78.2,0.54,2.2,15.77,42.02,41.75,41.16,43.2
2023-02-24 00:00:00+00:00,90.6,90.63,0.0,2596.13,76.2,0.54,2.2,15.77,40.89,40.68,40.5,41.47
2023-02-27 00:00:00+00:00,91.5,91.5,0.0,2620.92,76.9,0.54,2.2,15.77,41.26,41.0,40.67,41.4
2023-02-28 00:00:00+00:00,92.7,92.74,0.0,2656.53,77.9,0.54,2.2,15.77,41.93,41.65,41.11,42.64
2023-03-01 00:00:00+00:00,92.8,92.83,0.0,2659.07,78.0,0.54,2.2,15.77,41.88,41.8,41.52,43.0
2023-03-02 00:00:00+00:00,96.5,96.47,0.0,2763.35,81.1,0.54,2.2,15.77,43.69,43.33,40.97,43.57
2023-03-03 00:00:00+00:00,102.5,102.46,0.0,2935.03,86.1,0.54,2.2,15.77,46.21,45.61,43.71,46.22
2023-03-06 00:00:00+00:00,100.3,100.31,0.0,2873.35,84.3,0.54,2.2,15.77,45.71,45.18,45.19,47.15
2023-03-07 00:00:00+00:00,99.9,99.89,0.0,2861.27,84.0,0.54,2.2,15.77,45.2,44.81,44.18,45.74
2023-03-08 00:00:00+00:00,111.6,111.63,0.0,3198.22,93.8,0.54,2.2,15.77,50.47,50.1,45.44,50.72
2023-03-09 00:00:00+00:00,119.0,118.98,0.0,3408.72,100.0,0.54,2.2,15.77,53.87,53.43,52.6,54.88
2023-03-10 00:00:00+00:00,115.5,115.49,0.0,3308.88,99.7,0.52,2.2,15.77,52.15,51.64,50.64,53.55
2023-03-13 00:00:00+00:00,115.4,115.43,0.0,3306.97,99.6,0.52,2.2,15.77,52.35,51.93,50.25,53.69
2023-03-14 00:00:00+00:00,124.2,124.15,0.0,3556.9,107.1,0.52,2.2,15.77,56.0,55.79,52.9,56.0
2023-03-15 00:00:00+00:00,124.2,124.22,0.0,3558.53,107.2,0.52,2.2,15.77,56.0,55.9,54.01,56.15
2023-03-16 00:00:00+00:00,128.4,128.41,0.0,3678.72,110.8,0.52,2.34,17.37,58.02,57.7,54.85,58.21
2023-03-17 00:00:00+00:00,125.3,125.26,0.0,3588.42,108.1,0.52,2.34,17.37,56.64,56.36,55.59,58.88
2023-03-20 00:00:00+00:00,124.4,124.44,0.0,3564.89,107.4,0.52,2.34,17.37,56.08,55.76,55.34,56.79
2023-03-21 00:00:00+00:00,130.1,130.12,0.0,3727.69,112.3,0.52,2.34,17.37,58.8,58.58,56.9,58.96
2023-03-22 00:00:00+00:00,125.4,125.44,0.0,3593.51,108.3,0.52,2.34,17.37,56.76,56.18,56.44,59.17
2023-03-23 00:00:00+00:00,128.1,128.08,0.0,3669.18,110.5,0.52,2.34,17.37,57.85,57.5,56.36,58.16
2023-03-24 00:00:00+00:00,126.0,125.99,0.0,3609.41,108.7,0.52,2.34,17.37,57.0,56.75,56.15,57.39
2023-03-27 00:00:00+00:00,128.3,128.28,0.0,3674.9,110.7,0.52,2.34,17.37,57.98,57.7,57.17,58.25
2023-03-28 00:00:00+00:00,125.5,125.5,0.0,3595.42,108.3,0.52,2.34,17.37,56.71,56.35,56.1,57.5
2023-03-29 00:00:00+00:00,126.8,126.79,0.0,3632.3,109.4,0.52,2.34,17.37,57.35,57.02,56.45,57.69
2023-03-30 00:00:00+00:00,128.4,128.41,0.0,3678.72,110.8,0.52,2.34,17.37,57.98,57.62,57.1,58.23
2023-03-31 00:00:00+00:00,130.7,130.7,0.0,3744.22,112.8,0.52,2.34,17.37,59.0,58.64,58.0,59.07
2023-04-03 00:00:00+00:00,128.1,128.12,0.0,3670.45,110.6,0.52,2.34,17.37,57.75,57.41,56.83,58.83
2023-04-04 00:00:00+00:00,128.3,128.3,0.0,3675.54,110.7,0.52,2.34,17.37,57.9,57.65,57.35,58.59
2023-04-05 00:00:00+00:00,122.6,122.55,0.0,3510.84,105.8,0.52,2.34,17.37,55.75,55.05,55.05,57.78
2023-04-06 00:00:00+00:00,122.4,122.35,0.0,3505.12,105.6,0.52,2.34,17.37,55.21,55.0,52.94,55.16
2023-04-07 00:00:00+00:00,122.4,122.35,0.0,3505.12,105.6,0.52,2.34,17.37,,,,
2023-04-10 00:00:00+00:00,121.3,121.29,0.0,3474.59,104.7,0.52,2.34,17.37,54.7,54.48,53.3,54.8
2023-04-11 00:00:00+00:00,121.8,121.78,0.0,3432.2,105.1,0.52,2.34,17.37,55.06,54.58,53.76,55.5
2023-04-12 00:00:00+00:00,126.8,126.77,0.0,3572.97,109.4,0.52,2.34,17.37,57.23,57.11,54.91,57.14
2023-04-13 00:00:00+00:00,129.5,129.48,0.0,3649.29,111.7,0.52,2.34,17.37,58.4,58.08,56.92,58.4
2023-04-14 00:00:00+00:00,125.3,125.33,0.0,3532.3,108.2,0.52,2.34,17.37,56.9,56.3,56.22,58.5
2023-04-17 00:00:00+00:00,126.2,126.17,0.0,3556.07,108.9,0.52,2.34,17.37,57.07,56.75,55.77,57.38
2023-04-18 00:00:00+00:00,125.2,125.22,0.0,3529.17,108.1,0.52,2.34,17.37,56.43,56.27,53.35,57.79
2023-04-19 00:00:00+00:00,125.8,125.82,0.0,3546.06,108.6,0.52,2.34,17.37,56.91,56.5,55.76,57.19
2023-04-20 00:00:00+00:00,126.5,126.5,0.0,3565.46,109.2,0.52,2.39,17.64,57.1,56.77,56.38,57.18
2023-04-21 00:00:00+00:00,125.8,125.82,0.0,3546.06,108.6,0.52,2.39,17.64,56.94,56.68,56.59,57.46
2023-04-24 00:00:00+00:00,124.8,124.79,0.0,3517.28,107.7,0.52,2.39,17.64,56.61,56.21,55.85,57.45
2023-04-25 00:00:00+00:00,121.2,121.24,0.0,3417.19,104.6,0.52,2.39,17.64,54.79,54.56,54.24,56.37
2023-04-26 00:00:00+00:00,118.9,118.91,0.0,3351.49,102.6,0.52,2.39,17.64,54.55,53.38,53.43,56.06
2023-04-27 00:00:00+00:00,120.5,120.53,0.0,3397.16,104.0,0.52,2.39,17.64,54.36,53.99,52.69,54.35
2023-04-28 00:00:00+00:00,122.1,122.13,0.0,3442.21,105.4,0.52,2.39,17.64,55.3,54.85,54.02,55.32
2023-05-01 00:00:00+00:00,121.9,121.93,0.0,3436.58,105.2,0.52,2.39,17.64,55.18,54.79,54.34,55.3
2023-05-02 00:00:00+00:00,123.0,123.02,0.0,3467.23,106.2,0.52,2.39,17.64,55.63,55.2,54.15,55.6
2023-05-03 00:00:00+00:00,122.5,122.46,0.0,3451.59,105.7,0.52,2.39,17.64,55.42,55.07,55.05,57.23
2023-05-04 00:00:00+00:00,119.0,119.0,0.0,3354.0,102.7,0.52,2.39,17.64,54.58,53.6,53.55,57.27
2023-05-05 00:00:00+00:00,121.1,121.07,0.0,3412.18,104.5,0.52,2.39,17.64,54.57,54.5,53.65,54.64
2023-05-08 00:00:00+00:00,122.3,122.29,0.0,3446.59,105.5,0.52,2.39,17.64,55.32,55.06,53.42,55.96
2023-05-09 00:00:00+00:00,125.9,125.93,0.0,3549.19,108.7,0.52,2.39,17.64,56.9,56.65,54.39,56.85
2023-05-10 00:00:00+00:00,107.8,107.77,0.0,3037.43,93.0,0.52,2.39,17.64,48.65,48.43,43.75,52.0
2023-05-11 00:00:00+00:00,108.7,108.7,0.0,3063.7,93.8,0.52,2.39,17.64,49.1,48.9,45.81,49.56
2023-05-12 00:00:00+00:00,104.3,104.33,0.0,2940.45,90.0,0.52,2.39,17.64,47.08,46.85,46.17,49.3
2023-05-15 00:00:00+00:00,101.7,101.71,0.0,2866.63,114.3,0.4,2.39,17.64,45.88,45.69,45.71,47.6
2023-05-16 00:00:00+00:00,98.8,98.8,0.0,2787.51,111.0,0.4,2.39,17.64,44.63,44.44,44.11,45.61
2023-05-17 00:00:00+00:00,100.3,100.31,0.0,2830.09,112.7,0.4,2.39,17.64,45.26,45.05,44.37,45.61
2023-05-18 00:00:00+00:00,97.6,97.56,0.0,2752.44,109.6,0.4,2.41,13.97,43.99,43.77,42.85,44.98
2023-05-19 00:00:00+00:00,96.5,96.47,0.0,2721.75,108.4,0.4,2.41,13.97,43.5,43.35,42.98,44.3
2023-05-22 00:00:00+00:00,96.5,96.47,0.0,2721.75,108.4,0.4,2.41,13.97,,,,
2023-05-23 00:00:00+00:00,97.4,97.43,0.0,2748.68,109.5,0.4,2.41,13.97,43.99,43.72,43.76,45.3
2023-05-24 00:00:00+00:00,94.8,94.83,0.0,2675.41,106.5,0.4,2.41,13.97,42.92,42.65,41.94,43.39
2023-05-25 00:00:00+00:00,94.6,94.63,0.0,2669.77,106.3,0.4,2.41,13.97,42.73,42.53,42.55,43.55
2023-05-26 00:00:00+00:00,96.0,96.05,0.0,2709.85,107.9,0.4,2.41,13.97,43.3,43.15,42.77,44.11
2023-05-29 00:00:00+00:00,96.2,96.23,0.0,2714.86,108.1,0.4,2.41,13.97,43.41,43.24,42.95,43.8
2023-05-30 00:00:00+00:00,96.0,96.0,0.0,2708.6,107.9,0.4,2.41,13.97,43.45,43.21,42.95,43.8
2023-05-31 00:00:00+00:00,94.5,94.54,0.0,2667.27,106.2,0.4,2.41,13.97,42.86,42.25,41.08,43.13
2023-06-01 00:00:00+00:00,93.0,93.03,0.0,2624.68,104.5,0.4,2.43,12.85,41.95,41.81,41.18,42.8
2023-06-02 00:00:00+00:00,91.2,91.23,0.0,2573.95,102.5,0.4,2.43,12.62,41.15,41.01,40.65,42.05
2023-06-05 00:00:00+00:00,,,,,,,2.43,12.62,40.85,40.75,40.77,41.86
