,0,1,2,3,4,5,6,7,8,9,10,11
Name,CHINA ENERGY (SSC) ENGINEERING 'A' - PRICE INDEX,CHINA ENERGY (SSC) ENGINEERING 'A' - TOT RETURN IND,CHINA ENERGY (SSC) ENGINEERING 'A' - DIVIDEND YIELD,CHINA ENERGY (SSC) ENGINEERING 'A' - MARKET VALUE,#ERROR,#ERROR,CHINA ENERGY (SSC) ENGINEERING 'A' - EPS 12M FWD,CHINA ENERGY (SSC) ENGINEERING 'A' - PE RATIO 12M FWD,CHINA ENERGY (SSC) ENGINEERING 'A' - ASK PRICE,CHINA ENERGY (SSC) ENGINEERING 'A' - BID PRICE,CHINA ENERGY (SSC) ENGINEERING 'A' - PRICE LOW,CHINA ENERGY (SSC) ENGINEERING 'A' - PRICE HIGH
MNEM,CN:CEEH,CN:CEEH,CN:CEEH,CN:CEEH,CN:CEEH,CN:CEEH,CN:CEEH,CN:CEEH,CN:CEEH,CN:CEEH,CN:CEEH,CN:CEEH
DATATYPE,PI,RI,DY,MV,PE,EPS,DIEP,DIPE,PA,PB,PL,PH
NAME,CHINA ENERGY (SSC) ENGINEERING 'A',CHINA ENERGY (SSC) ENGINEERING 'A',CHINA ENERGY (SSC) ENGINEERING 'A',CHINA ENERGY (SSC) ENGINEERING 'A',CHINA ENERGY (SSC) ENGINEERING 'A',CHINA ENERGY (SSC) ENGINEERING 'A',CHINA ENERGY (SSC) ENGINEERING 'A',CHINA ENERGY (SSC) ENGINEERING 'A',CHINA ENERGY (SSC) ENGINEERING 'A',CHINA ENERGY (SSC) ENGINEERING 'A',CHINA ENERGY (SSC) ENGINEERING 'A',CHINA ENERGY (SSC) ENGINEERING 'A'
SECD,BP2DDJ1,BP2DDJ1,BP2DDJ1,BP2DDJ1,BP2DDJ1,BP2DDJ1,BP2DDJ1,BP2DDJ1,BP2DDJ1,BP2DDJ1,BP2DDJ1,BP2DDJ1
ISIN,CNE100004QL0,CNE100004QL0,CNE100004QL0,CNE100004QL0,CNE100004QL0,CNE100004QL0,CNE100004QL0,CNE100004QL0,CNE100004QL0,CNE100004QL0,CNE100004QL0,CNE100004QL0
CODON,CHINA,CHINA,CHINA,CHINA,CHINA,CHINA,CHINA,CHINA,CHINA,CHINA,CHINA,CHINA
ISOCUR,CNY,CNY,CNY,CNY,CNY,CNY,CNY,CNY,CNY,CNY,CNY,CNY
1969-12-31 00:00:00+00:00,,,,,"$$ER: 2311,NO DATA AVAILABLE","$$ER: 2311,NO DATA AVAILABLE",,,,,,
2021-09-28 00:00:00+00:00,100.0,100.0,0.0,89178.94,,,,,2.76,2.75,2.18,2.75
2021-09-29 00:00:00+00:00,110.2,110.18,0.0,98258.94,,,,,,3.03,2.79,3.03
2021-09-30 00:00:00+00:00,109.8,109.82,0.0,97934.69,,,,,3.03,3.02,2.83,3.33
2021-10-01 00:00:00+00:00,109.8,109.82,0.0,97934.69,,,,,,,,
2021-10-04 00:00:00+00:00,109.8,109.82,0.0,97934.69,,,,,,,,
2021-10-05 00:00:00+00:00,109.8,109.82,0.0,97934.69,,,,,,,,
2021-10-06 00:00:00+00:00,109.8,109.82,0.0,97934.69,,,,,,,,
2021-10-07 00:00:00+00:00,109.8,109.82,0.0,97934.69,,,,,,,,
2021-10-08 00:00:00+00:00,100.0,100.0,0.0,89178.94,,,,,2.76,2.75,2.72,3.04
2021-10-11 00:00:00+00:00,90.2,90.18,0.0,80423.19,,,,,2.48,,2.48,2.68
2021-10-12 00:00:00+00:00,94.9,94.91,0.0,84638.88,,,,,2.62,2.61,2.37,2.65
2021-10-13 00:00:00+00:00,90.9,90.91,0.0,81071.75,,,,,2.51,2.5,2.45,2.57
2021-10-14 00:00:00+00:00,91.3,91.27,0.0,81396.06,,,0.19,13.38,2.52,2.51,2.42,2.59
2021-10-15 00:00:00+00:00,89.5,89.45,0.0,79774.63,,,0.19,13.38,2.46,2.45,2.44,2.51
2021-10-18 00:00:00+00:00,90.5,90.55,0.0,80747.44,,,0.19,13.38,2.5,2.49,2.42,2.54
2021-10-19 00:00:00+00:00,88.7,88.73,0.0,79126.0,,,0.19,13.38,2.45,2.44,2.42,2.49
2021-10-20 00:00:00+00:00,86.2,86.18,0.0,76856.0,,,0.19,13.38,2.37,2.36,2.33,2.43
2021-10-21 00:00:00+00:00,85.8,85.82,0.0,76531.75,,,0.19,13.38,2.37,2.36,2.33,2.41
2021-10-22 00:00:00+00:00,81.8,81.82,0.0,72964.56,,,0.19,13.38,2.26,2.25,2.25,2.35
2021-10-25 00:00:00+00:00,84.0,84.0,0.0,74910.31,,,0.19,13.38,2.31,2.3,2.2,2.36
2021-10-26 00:00:00+00:00,87.3,87.27,0.0,77828.81,,,0.19,13.38,2.4,2.39,2.27,2.44
2021-10-27 00:00:00+00:00,85.5,85.45,0.0,76207.44,,,0.19,13.38,2.36,2.35,2.33,2.39
2021-10-28 00:00:00+00:00,89.5,89.45,0.0,79774.63,,,0.19,13.38,2.47,2.46,2.35,2.47
2021-10-29 00:00:00+00:00,86.5,86.55,0.0,77180.31,,,0.19,13.38,2.38,2.37,2.31,2.43
2021-11-01 00:00:00+00:00,86.2,86.18,0.0,76856.0,,,0.19,13.38,2.37,2.36,2.32,2.4
2021-11-02 00:00:00+00:00,83.3,83.27,0.0,74261.69,,,0.19,13.38,2.3,2.29,2.27,2.36
2021-11-03 00:00:00+00:00,83.3,83.27,0.0,74261.69,,,0.19,13.38,2.3,2.29,2.27,2.34
2021-11-04 00:00:00+00:00,82.9,82.91,0.0,73937.38,,,0.19,13.38,2.29,2.28,2.27,2.32
2021-11-05 00:00:00+00:00,81.1,81.09,0.0,72315.94,,,0.19,13.38,2.24,2.23,2.22,2.27
2021-11-08 00:00:00+00:00,80.4,80.36,0.0,71667.44,,,0.19,13.38,2.22,2.21,2.2,2.24
2021-11-09 00:00:00+00:00,81.1,81.09,0.0,72315.94,,,0.19,13.38,2.23,2.22,2.2,2.28
2021-11-10 00:00:00+00:00,80.7,80.73,0.0,71991.69,,,0.19,13.38,2.23,2.22,2.18,2.23
2021-11-11 00:00:00+00:00,81.1,81.09,0.0,72315.94,,,0.19,13.38,2.23,2.22,2.2,2.24
2021-11-12 00:00:00+00:00,80.4,80.36,0.0,71667.44,,,0.19,13.38,2.22,2.21,2.19,2.23
2021-11-15 00:00:00+00:00,79.6,79.64,0.0,71018.81,,,0.19,13.38,2.2,2.19,2.18,2.21
2021-11-16 00:00:00+00:00,77.8,77.82,0.0,69397.44,,,0.19,13.38,2.15,2.14,2.13,2.19
2021-11-17 00:00:00+00:00,77.8,77.82,0.0,69397.44,,,0.19,13.38,2.15,2.14,2.08,2.17
2021-11-18 00:00:00+00:00,77.8,77.82,0.0,69397.44,,,0.2,10.84,2.14,2.13,2.12,2.16
2021-11-19 00:00:00+00:00,77.8,77.82,0.0,69397.44,,,0.2,10.84,2.14,2.13,2.11,2.14
2021-11-22 00:00:00+00:00,77.1,77.09,0.0,68748.81,,,0.2,10.84,2.13,2.12,2.11,2.14
2021-11-23 00:00:00+00:00,77.1,77.09,0.0,68748.81,,,0.2,10.84,2.13,2.12,2.1,2.14
2021-11-24 00:00:00+00:00,76.7,76.73,0.0,68424.56,,,0.2,10.84,2.12,2.11,2.1,2.12
2021-11-25 00:00:00+00:00,78.9,78.91,0.0,70370.25,,,0.2,10.84,2.17,2.16,2.1,2.19
2021-11-26 00:00:00+00:00,77.5,77.45,0.0,69073.13,,,0.2,10.84,2.14,2.13,2.12,2.16
2021-11-29 00:00:00+00:00,85.1,85.09,0.0,75883.19,,,0.2,10.84,,2.34,2.15,2.34
2021-11-30 00:00:00+00:00,89.1,89.09,0.0,79450.31,,,0.2,10.84,2.46,2.45,2.4,2.57
2021-12-01 00:00:00+00:00,87.3,87.27,0.0,77828.81,,,0.2,10.84,2.41,2.4,2.32,2.46
2021-12-02 00:00:00+00:00,91.6,91.64,0.0,81720.31,,,0.2,10.84,2.52,2.51,2.36,2.57
2021-12-03 00:00:00+00:00,100.7,100.73,0.0,89827.5,,,0.2,10.84,,2.77,2.47,2.77
2021-12-06 00:00:00+00:00,101.1,101.09,0.0,90151.81,,,0.2,10.84,2.78,2.77,2.74,2.95
2021-12-07 00:00:00+00:00,102.5,102.55,0.0,91448.88,,,0.2,10.84,2.82,2.81,2.68,2.89
2021-12-08 00:00:00+00:00,100.0,100.0,0.0,89178.94,,,0.2,10.84,2.76,2.75,2.71,2.82
2021-12-09 00:00:00+00:00,96.7,96.73,0.0,86260.31,,,0.2,10.84,2.67,2.66,2.64,2.75
2021-12-10 00:00:00+00:00,95.6,95.64,0.0,85287.5,,,0.2,10.84,2.64,2.63,2.61,2.71
2021-12-13 00:00:00+00:00,97.8,97.82,0.0,87233.19,,,0.2,10.84,2.7,2.69,2.68,2.83
2021-12-14 00:00:00+00:00,96.0,96.0,0.0,85611.75,,,0.2,10.84,2.64,2.63,2.61,2.71
2021-12-15 00:00:00+00:00,98.5,98.55,0.0,87881.75,,,0.2,10.84,2.72,2.71,2.61,2.79
2021-12-16 00:00:00+00:00,100.7,100.73,0.0,89827.5,,,0.2,13.2,2.78,2.77,2.7,2.81
2021-12-17 00:00:00+00:00,98.9,98.91,0.0,88206.06,,,0.2,13.2,2.72,2.71,2.71,2.79
2021-12-20 00:00:00+00:00,108.7,108.73,0.0,96961.81,,,0.2,13.2,,2.99,2.67,2.99
2021-12-21 00:00:00+00:00,106.9,106.91,0.0,95340.38,,,0.2,13.2,2.95,2.94,2.88,3.04
2021-12-22 00:00:00+00:00,101.8,101.82,0.0,90800.38,,,0.2,13.2,2.81,2.8,2.8,2.99
2021-12-23 00:00:00+00:00,103.3,103.27,0.0,92097.5,,,0.2,13.2,2.85,2.84,2.74,2.89
2021-12-24 00:00:00+00:00,104.4,104.36,0.0,93070.38,,,0.2,13.2,2.88,2.87,2.79,2.92
2021-12-27 00:00:00+00:00,103.3,103.27,0.0,92097.5,,,0.2,13.2,2.84,2.83,2.82,2.92
2021-12-28 00:00:00+00:00,99.3,99.27,0.0,88530.31,,,0.2,13.2,2.74,2.73,2.7,2.83
2021-12-29 00:00:00+00:00,98.9,98.91,0.0,88206.06,,,0.2,13.2,2.72,2.71,2.7,2.76
2021-12-30 00:00:00+00:00,98.2,98.18,0.0,87557.5,,,0.2,13.2,2.71,2.7,2.67,2.74
2021-12-31 00:00:00+00:00,99.3,99.27,0.0,88530.31,,,0.2,13.2,2.74,2.73,2.72,2.77
2022-01-03 00:00:00+00:00,99.3,99.27,0.0,88530.31,,,0.2,13.2,,,,
2022-01-04 00:00:00+00:00,99.3,99.27,0.0,88530.31,,,0.2,13.2,2.74,2.73,2.72,2.79
2022-01-05 00:00:00+00:00,97.1,97.09,0.0,86584.63,,,0.2,13.2,2.68,2.67,2.66,2.73
2022-01-06 00:00:00+00:00,102.9,102.91,0.0,91773.25,,,0.2,13.2,2.83,2.82,2.65,2.88
2022-01-07 00:00:00+00:00,103.3,103.27,0.0,92097.5,,,0.2,13.2,2.84,2.83,2.8,2.94
2022-01-10 00:00:00+00:00,102.9,102.91,0.0,91773.25,,,0.2,13.2,2.84,2.83,2.76,2.87
2022-01-11 00:00:00+00:00,101.1,101.09,0.0,90151.81,,,0.2,13.2,2.78,2.77,2.76,2.86
2022-01-12 00:00:00+00:00,100.4,100.36,0.0,89503.25,,,0.2,13.2,2.76,2.75,2.73,2.8
2022-01-13 00:00:00+00:00,98.5,98.55,0.0,87881.75,,,0.2,13.2,2.72,2.71,2.7,2.76
2022-01-14 00:00:00+00:00,97.5,97.45,0.0,86908.94,,,0.2,13.2,2.69,2.68,2.67,2.71
2022-01-17 00:00:00+00:00,97.8,97.82,0.0,87233.19,,,0.2,13.2,2.7,2.69,2.66,2.72
2022-01-18 00:00:00+00:00,102.2,102.18,0.0,91124.69,,,0.2,13.2,2.81,2.8,2.71,2.88
2022-01-19 00:00:00+00:00,100.4,100.36,0.0,89503.25,,,0.2,13.2,2.76,2.75,2.73,2.81
2022-01-20 00:00:00+00:00,102.2,102.18,0.0,91124.69,,,0.2,13.88,2.82,2.81,2.73,2.86
2022-01-21 00:00:00+00:00,98.5,98.55,0.0,87881.75,,,0.2,13.88,2.72,2.71,2.68,2.81
2022-01-24 00:00:00+00:00,98.5,98.55,0.0,87881.75,,,0.2,13.88,2.72,2.71,2.67,2.76
2022-01-25 00:00:00+00:00,95.6,95.64,0.0,85287.5,,,0.2,13.88,2.64,2.63,2.63,2.71
2022-01-26 00:00:00+00:00,96.7,96.73,0.0,86260.31,,,0.2,13.88,2.67,2.66,2.63,2.68
2022-01-27 00:00:00+00:00,96.4,96.36,0.0,85936.06,,,0.2,13.88,2.66,2.65,2.62,2.7
2022-01-28 00:00:00+00:00,96.0,96.0,0.0,85611.75,,,0.2,13.88,2.64,2.63,2.57,2.68
2022-01-31 00:00:00+00:00,96.0,96.0,0.0,85611.75,,,0.2,13.88,,,,
2022-02-01 00:00:00+00:00,96.0,96.0,0.0,85611.75,,,0.2,13.88,,,,
2022-02-02 00:00:00+00:00,96.0,96.0,0.0,85611.75,,,0.2,13.88,,,,
2022-02-03 00:00:00+00:00,96.0,96.0,0.0,85611.75,,,0.2,13.88,,,,
2022-02-04 00:00:00+00:00,96.0,96.0,0.0,85611.75,,,0.2,13.88,,,,
2022-02-07 00:00:00+00:00,101.8,101.82,0.0,90800.38,,,0.2,13.88,2.8,2.79,2.67,2.8
2022-02-08 00:00:00+00:00,102.2,102.18,0.0,91124.69,,,0.2,13.88,2.82,2.81,2.73,2.81
2022-02-09 00:00:00+00:00,102.2,102.18,0.0,91124.69,,,0.2,13.88,2.81,2.8,2.78,2.84
2022-02-10 00:00:00+00:00,106.5,106.55,0.0,95016.13,,,0.2,13.88,2.94,2.93,2.8,3.01
2022-02-11 00:00:00+00:00,103.3,103.27,0.0,92097.5,,,0.2,13.88,2.84,2.83,2.82,2.93
2022-02-14 00:00:00+00:00,100.7,100.73,0.0,89827.5,,,0.2,13.88,2.78,2.77,2.75,2.83
2022-02-15 00:00:00+00:00,100.7,100.73,0.0,89827.5,,,0.2,13.88,2.78,2.77,2.75,2.79
2022-02-16 00:00:00+00:00,102.5,102.55,0.0,91448.88,,,0.2,13.88,2.83,2.82,2.78,2.84
2022-02-17 00:00:00+00:00,100.7,100.73,0.0,89827.5,,,0.2,13.51,2.78,2.77,2.76,2.82
2022-02-18 00:00:00+00:00,101.8,101.82,0.0,90800.38,,,0.2,13.51,2.81,2.8,2.72,2.8
2022-02-21 00:00:00+00:00,101.1,101.09,0.0,90151.81,,,0.2,13.51,2.79,2.78,2.75,2.79
2022-02-22 00:00:00+00:00,98.9,98.91,0.0,88206.06,,,0.2,13.51,2.73,2.72,2.71,2.76
2022-02-23 00:00:00+00:00,100.4,100.36,0.0,89503.25,,,0.2,13.51,2.76,2.75,2.72,2.76
2022-02-24 00:00:00+00:00,97.8,97.82,0.0,87233.19,,,0.2,13.51,2.69,2.68,2.64,2.76
2022-02-25 00:00:00+00:00,98.2,98.18,0.0,87557.5,,,0.2,13.51,2.7,2.69,2.67,2.72
2022-02-28 00:00:00+00:00,98.2,98.18,0.0,87557.5,,,0.2,13.51,2.7,2.69,2.66,2.7
2022-03-01 00:00:00+00:00,98.9,98.91,0.0,88206.06,,,0.2,13.51,2.72,2.71,2.69,2.73
2022-03-02 00:00:00+00:00,98.2,98.18,0.0,87557.5,,,0.2,13.51,2.71,2.7,2.69,2.72
2022-03-03 00:00:00+00:00,98.9,98.91,0.0,88206.06,,,0.2,13.51,2.72,2.71,2.7,2.74
2022-03-04 00:00:00+00:00,97.5,97.45,0.0,86908.94,,,0.2,13.51,2.69,2.68,2.67,2.71
2022-03-07 00:00:00+00:00,97.1,97.09,0.0,86584.63,,,0.2,13.51,2.68,2.67,2.66,2.72
2022-03-08 00:00:00+00:00,94.9,94.91,0.0,84638.88,,,0.2,13.51,2.62,2.61,2.6,2.68
2022-03-09 00:00:00+00:00,93.5,93.45,0.0,83341.75,,,0.2,13.51,2.57,2.56,2.35,2.64
2022-03-10 00:00:00+00:00,94.2,94.18,0.0,83990.31,,,0.2,13.51,2.6,2.59,2.57,2.63
2022-03-11 00:00:00+00:00,92.7,92.73,0.0,82693.19,,,0.2,13.51,2.55,2.54,2.46,2.56
2022-03-14 00:00:00+00:00,89.8,89.82,0.0,80098.88,,,0.2,13.51,2.48,2.47,2.47,2.53
2022-03-15 00:00:00+00:00,84.4,84.36,0.0,75234.56,,,0.2,13.51,2.32,2.31,2.31,2.45
2022-03-16 00:00:00+00:00,87.3,87.27,0.0,77828.81,,,0.2,13.51,2.4,2.39,2.29,2.42
2022-03-17 00:00:00+00:00,87.6,87.64,0.0,78153.19,,,0.21,11.18,2.42,2.41,2.4,2.45
2022-03-18 00:00:00+00:00,90.2,90.18,0.0,80423.19,,,0.21,11.18,2.49,2.48,2.38,2.48
2022-03-21 00:00:00+00:00,89.1,89.09,0.0,79450.31,,,0.21,11.18,2.46,2.45,2.43,2.48
2022-03-22 00:00:00+00:00,88.7,88.73,0.0,79126.0,,,0.21,11.18,2.45,2.44,2.43,2.47
2022-03-23 00:00:00+00:00,90.2,90.18,0.0,80423.19,,,0.21,11.18,2.48,2.47,2.46,2.53
2022-03-24 00:00:00+00:00,88.0,88.0,0.0,78477.44,,,0.21,11.18,2.43,2.42,2.42,2.46
2022-03-25 00:00:00+00:00,86.9,86.91,0.0,77504.63,,,0.21,11.18,2.4,2.39,2.38,2.43
2022-03-28 00:00:00+00:00,87.3,87.27,0.0,77828.81,,,0.21,11.18,2.41,2.4,2.34,2.41
2022-03-29 00:00:00+00:00,86.5,86.55,0.0,77180.31,,,0.21,11.18,2.39,2.38,2.37,2.42
2022-03-30 00:00:00+00:00,88.4,88.36,0.93,78801.75,,,0.21,11.18,2.44,2.43,2.39,2.44
2022-03-31 00:00:00+00:00,88.7,88.73,0.92,79126.0,,,0.21,11.18,2.44,2.43,2.42,2.52
2022-04-01 00:00:00+00:00,89.8,89.82,0.91,80098.88,,,0.21,11.18,2.47,2.46,2.4,2.49
2022-04-04 00:00:00+00:00,89.8,89.82,0.91,80098.88,,,0.21,11.18,,,,
2022-04-05 00:00:00+00:00,89.8,89.82,0.91,80098.88,,,0.21,11.18,,,,
2022-04-06 00:00:00+00:00,91.3,91.27,0.9,81396.06,,,0.21,11.18,2.52,2.51,2.44,2.52
2022-04-07 00:00:00+00:00,89.1,89.09,0.92,79450.31,,,0.21,11.18,2.45,2.44,2.45,2.52
2022-04-08 00:00:00+00:00,92.7,92.73,0.88,82693.19,,,0.21,11.18,2.55,2.54,2.46,2.55
2022-04-11 00:00:00+00:00,90.5,90.55,0.9,80747.44,,,0.21,11.18,2.5,2.49,2.48,2.56
2022-04-12 00:00:00+00:00,90.5,90.55,0.9,80747.44,,,0.21,11.18,2.49,2.48,2.42,2.49
2022-04-13 00:00:00+00:00,88.7,88.73,0.92,79126.0,,,0.21,11.18,2.45,2.44,2.44,2.48
2022-04-14 00:00:00+00:00,89.5,89.45,0.91,79774.63,,,0.21,11.86,2.46,2.45,2.44,2.48
2022-04-15 00:00:00+00:00,88.7,88.73,0.92,79126.0,,,0.21,11.86,2.45,2.44,2.43,2.47
2022-04-18 00:00:00+00:00,87.3,87.27,0.94,77828.81,,,0.21,11.86,2.4,2.39,2.38,2.42
2022-04-19 00:00:00+00:00,88.0,88.0,0.93,78477.44,,,0.21,11.86,2.42,2.41,2.38,2.43
2022-04-20 00:00:00+00:00,86.5,86.55,0.95,77180.31,,,0.21,11.86,2.39,2.38,2.37,2.44
2022-04-21 00:00:00+00:00,85.1,85.09,0.96,75883.19,,,0.21,11.86,2.34,2.33,2.33,2.39
2022-04-22 00:00:00+00:00,85.5,85.45,0.96,76207.44,,,0.21,11.86,2.36,2.35,2.31,2.37
2022-04-25 00:00:00+00:00,82.2,82.18,1.0,73288.88,,,0.21,11.86,2.26,2.25,2.25,2.34
2022-04-26 00:00:00+00:00,82.5,82.55,0.99,73613.19,,,0.21,11.86,2.27,2.26,2.23,2.31
2022-04-27 00:00:00+00:00,86.2,86.18,0.95,76856.0,,,0.21,11.86,2.37,2.36,2.27,2.37
2022-04-28 00:00:00+00:00,86.9,86.91,0.94,77504.63,,,0.21,11.86,2.39,2.38,2.32,2.39
2022-04-29 00:00:00+00:00,88.0,88.0,0.93,78477.44,,,0.21,11.86,2.42,2.41,2.37,2.43
2022-05-02 00:00:00+00:00,88.0,88.0,0.93,78477.44,,,0.21,11.86,,,,
2022-05-03 00:00:00+00:00,88.0,88.0,0.93,78477.44,,,0.21,11.86,,,,
2022-05-04 00:00:00+00:00,88.0,88.0,0.93,78477.44,,,0.21,11.86,,,,
2022-05-05 00:00:00+00:00,87.3,87.27,0.94,77828.81,,,0.21,11.86,2.4,2.39,2.39,2.45
2022-05-06 00:00:00+00:00,84.7,84.73,0.97,75558.81,,,0.21,11.86,2.34,2.33,2.32,2.36
2022-05-09 00:00:00+00:00,84.7,84.73,0.97,75558.81,,,0.21,11.86,2.34,2.33,2.31,2.36
2022-05-10 00:00:00+00:00,86.5,86.55,0.95,77180.31,,,0.21,11.86,2.38,2.37,2.3,2.38
2022-05-11 00:00:00+00:00,85.5,85.45,0.96,76207.44,,,0.21,11.86,2.36,2.35,2.35,2.39
2022-05-12 00:00:00+00:00,85.5,85.45,0.96,76207.44,,,0.21,11.86,2.36,2.35,2.33,2.38
2022-05-13 00:00:00+00:00,85.5,85.45,0.96,76207.44,,,0.21,11.86,2.36,2.35,2.33,2.36
2022-05-16 00:00:00+00:00,85.1,85.09,0.96,75883.19,,,0.21,11.86,2.34,2.33,2.33,2.37
2022-05-17 00:00:00+00:00,84.4,84.36,0.97,75234.56,,,0.21,11.86,2.33,2.32,2.31,2.34
2022-05-18 00:00:00+00:00,84.0,84.0,0.97,74910.31,,,0.21,11.86,2.32,2.31,2.31,2.33
2022-05-19 00:00:00+00:00,85.8,85.82,0.95,76531.75,,,0.21,11.14,2.36,2.35,2.28,2.36
2022-05-20 00:00:00+00:00,85.8,85.82,0.95,76531.75,,,0.21,11.14,2.36,2.35,2.34,2.36
2022-05-23 00:00:00+00:00,85.1,85.09,0.96,75883.19,,,0.21,11.14,2.34,2.33,2.33,2.36
2022-05-24 00:00:00+00:00,83.3,83.27,0.98,74261.69,,,0.21,11.14,2.3,2.29,2.29,2.35
2022-05-25 00:00:00+00:00,85.1,85.09,0.96,75883.19,,,0.21,11.14,2.34,2.33,2.28,2.34
2022-05-26 00:00:00+00:00,85.1,85.09,0.96,75883.19,,,0.21,11.14,2.35,2.34,2.33,2.38
2022-05-27 00:00:00+00:00,85.1,85.09,0.96,75883.19,,,0.21,11.14,2.34,2.33,2.32,2.35
2022-05-30 00:00:00+00:00,84.7,84.73,0.97,75558.81,,,0.21,11.14,2.33,2.32,2.32,2.35
2022-05-31 00:00:00+00:00,84.7,84.73,0.97,75558.81,,,0.21,11.14,2.33,2.32,2.3,2.34
2022-06-01 00:00:00+00:00,84.0,84.0,0.97,74910.31,,,0.21,11.14,2.32,2.31,2.3,2.33
2022-06-02 00:00:00+00:00,84.4,84.36,0.97,75234.56,,,0.21,11.14,2.32,2.31,2.31,2.33
2022-06-03 00:00:00+00:00,84.4,84.36,0.97,75234.56,,,0.21,11.14,,,,
2022-06-06 00:00:00+00:00,85.1,85.09,0.96,75883.19,,,0.21,11.14,2.34,2.33,2.3,2.34
2022-06-07 00:00:00+00:00,84.7,84.73,0.97,75558.81,,,0.21,11.14,2.33,2.32,2.32,2.34
2022-06-08 00:00:00+00:00,86.2,86.18,0.95,76856.0,,,0.21,11.14,2.37,2.36,2.33,2.4
2022-06-09 00:00:00+00:00,89.1,89.09,0.92,79450.31,,,0.21,11.14,2.45,2.44,2.35,2.52
2022-06-10 00:00:00+00:00,88.4,88.36,0.93,78801.75,,,0.21,11.14,2.43,2.42,2.38,2.43
2022-06-13 00:00:00+00:00,86.5,86.55,0.95,77180.31,,,0.21,11.14,2.39,2.38,2.37,2.41
2022-06-14 00:00:00+00:00,86.9,86.91,0.94,77504.63,,,0.21,11.14,2.4,2.39,2.35,2.4
2022-06-15 00:00:00+00:00,87.6,87.64,0.93,78153.19,,,0.21,11.14,2.42,2.41,2.38,2.45
2022-06-16 00:00:00+00:00,86.5,86.55,0.95,77180.31,,,0.21,11.38,2.38,2.37,2.37,2.42
2022-06-17 00:00:00+00:00,86.5,86.55,0.95,77180.31,,,0.21,11.38,2.39,2.38,2.35,2.39
2022-06-20 00:00:00+00:00,86.5,86.55,0.95,77180.31,,,0.21,11.38,2.39,2.38,2.36,2.41
2022-06-21 00:00:00+00:00,86.9,86.91,0.94,77504.63,,,0.21,11.38,2.39,2.38,2.37,2.41
2022-06-22 00:00:00+00:00,85.8,85.82,0.95,76531.75,,,0.21,11.38,2.37,2.36,2.36,2.39
2022-06-23 00:00:00+00:00,86.2,86.18,0.95,76856.0,,,0.21,11.38,2.37,2.36,2.34,2.37
2022-06-24 00:00:00+00:00,86.2,86.18,0.95,76856.0,,,0.21,11.38,2.37,2.36,2.35,2.37
2022-06-27 00:00:00+00:00,86.2,86.18,0.95,76856.0,,,0.21,11.38,2.38,2.37,2.36,2.39
2022-06-28 00:00:00+00:00,86.5,86.55,0.95,77180.31,,,0.21,11.38,2.39,2.38,2.36,2.39
2022-06-29 00:00:00+00:00,86.9,86.91,0.94,77504.63,,,0.21,11.38,2.39,2.38,2.37,2.44
2022-06-30 00:00:00+00:00,86.2,86.18,0.95,76856.0,,,0.21,11.38,2.38,2.37,2.36,2.4
2022-07-01 00:00:00+00:00,86.5,86.55,0.95,77180.31,,,0.21,11.38,2.38,2.37,2.36,2.4
2022-07-04 00:00:00+00:00,86.2,86.18,0.95,76856.0,,,0.21,11.38,2.38,2.37,2.36,2.38
2022-07-05 00:00:00+00:00,86.5,86.55,0.95,77180.31,,,0.21,11.38,2.39,2.38,2.36,2.4
2022-07-06 00:00:00+00:00,85.1,85.09,0.96,75883.19,,,0.21,11.38,2.35,2.34,2.33,2.38
2022-07-07 00:00:00+00:00,85.1,85.09,0.96,75883.19,,,0.21,11.38,2.35,2.34,2.33,2.35
2022-07-08 00:00:00+00:00,85.1,85.09,0.96,75883.19,,,0.21,11.38,2.35,2.34,2.34,2.36
2022-07-11 00:00:00+00:00,85.1,85.09,0.96,75883.19,,,0.21,11.38,2.35,2.34,2.33,2.35
2022-07-12 00:00:00+00:00,86.9,86.91,0.94,77504.63,,,0.21,11.38,2.4,2.39,2.33,2.4
2022-07-13 00:00:00+00:00,88.0,88.0,0.93,78477.44,,,0.21,11.38,2.42,2.41,2.39,2.43
2022-07-14 00:00:00+00:00,86.9,86.91,0.94,77504.63,,,0.21,11.29,2.39,2.38,2.38,2.42
2022-07-15 00:00:00+00:00,84.7,84.73,0.97,75558.81,,,0.21,11.29,2.34,2.33,2.33,2.39
2022-07-18 00:00:00+00:00,85.8,85.82,0.95,76531.75,,,0.21,11.29,2.37,2.36,2.33,2.37
2022-07-19 00:00:00+00:00,85.5,85.45,0.96,76207.44,,,0.21,11.29,2.36,2.35,2.34,2.37
2022-07-20 00:00:00+00:00,85.5,85.45,0.96,76207.44,,,0.21,11.29,2.35,2.34,2.34,2.36
2022-07-21 00:00:00+00:00,84.7,84.73,0.97,75558.81,,,0.21,11.29,2.34,2.33,2.32,2.35
2022-07-22 00:00:00+00:00,84.7,84.73,0.97,75558.81,,,0.21,11.29,2.34,2.33,2.32,2.34
2022-07-25 00:00:00+00:00,83.6,83.64,0.98,74586.0,,,0.21,11.29,2.31,2.3,2.3,2.34
2022-07-26 00:00:00+00:00,84.0,84.0,0.97,74910.31,,,0.21,11.29,2.32,2.31,2.3,2.32
2022-07-27 00:00:00+00:00,83.6,83.64,0.98,74586.0,,,0.21,11.29,2.31,2.3,2.3,2.32
2022-07-28 00:00:00+00:00,84.0,84.0,0.97,74910.31,,,0.21,11.29,2.32,2.31,2.3,2.32
2022-07-29 00:00:00+00:00,83.3,83.27,0.98,74261.69,,,0.21,11.29,2.3,2.29,2.28,2.32
2022-08-01 00:00:00+00:00,83.3,83.27,0.98,74261.69,,,0.21,11.29,2.3,2.29,2.28,2.31
2022-08-02 00:00:00+00:00,81.1,81.09,1.01,72315.94,,,0.21,11.29,2.23,2.22,2.2,2.29
2022-08-03 00:00:00+00:00,80.4,80.36,1.02,71667.44,,,0.21,11.29,2.22,2.21,2.21,2.24
2022-08-04 00:00:00+00:00,80.7,80.73,1.01,71991.69,,,0.21,11.29,2.23,2.22,2.21,2.23
2022-08-05 00:00:00+00:00,81.5,81.45,1.0,72640.25,,,0.21,11.29,2.24,2.23,2.21,2.24
2022-08-08 00:00:00+00:00,80.7,80.73,1.01,71991.69,,,0.21,11.29,2.23,2.22,2.22,2.24
2022-08-09 00:00:00+00:00,81.1,81.09,1.01,72315.94,,,0.21,11.29,2.23,2.22,2.22,2.24
2022-08-10 00:00:00+00:00,80.7,80.73,1.01,71991.69,,,0.21,11.29,2.22,2.21,2.21,2.23
2022-08-11 00:00:00+00:00,81.8,81.82,1.0,72964.56,,,0.21,11.29,2.26,2.25,2.22,2.27
2022-08-12 00:00:00+00:00,81.8,81.82,1.0,72964.56,,,0.21,11.29,2.26,2.25,2.24,2.26
2022-08-15 00:00:00+00:00,82.2,82.18,1.0,73288.88,,,0.21,11.29,2.27,2.26,2.24,2.27
2022-08-16 00:00:00+00:00,81.8,81.82,1.0,72964.56,,,0.21,11.29,2.26,2.25,2.25,2.28
2022-08-17 00:00:00+00:00,82.5,82.55,0.99,73613.19,,,0.21,11.29,2.27,2.26,2.25,2.27
2022-08-18 00:00:00+00:00,81.5,81.45,1.0,72640.25,,,0.21,10.55,2.25,2.24,2.24,2.27
2022-08-19 00:00:00+00:00,82.9,82.91,0.99,73937.38,,,0.21,10.55,2.28,2.27,2.24,2.32
2022-08-22 00:00:00+00:00,83.6,83.64,0.98,74586.0,,,0.21,10.55,2.3,2.29,2.27,2.32
2022-08-23 00:00:00+00:00,82.9,82.91,0.99,73937.38,,,0.21,10.55,2.28,2.27,2.27,2.29
2022-08-24 00:00:00+00:00,81.5,81.45,1.0,72640.25,,,0.21,10.55,2.25,2.24,2.23,2.28
2022-08-25 00:00:00+00:00,82.5,82.55,0.99,73613.19,,,0.21,10.55,2.27,2.26,2.24,2.27
2022-08-26 00:00:00+00:00,81.5,82.27,1.0,72640.25,,,0.21,10.55,2.25,2.24,2.24,2.26
2022-08-29 00:00:00+00:00,81.8,82.64,1.0,72964.56,,,0.21,10.55,2.25,2.24,2.21,2.25
2022-08-30 00:00:00+00:00,81.1,81.91,1.01,72315.94,,,0.21,10.55,2.24,2.23,2.22,2.25
2022-08-31 00:00:00+00:00,82.2,83.01,1.0,73288.88,,,0.21,10.55,2.26,2.25,2.22,2.26
2022-09-01 00:00:00+00:00,81.1,81.91,1.01,72315.94,,,0.21,10.55,2.24,2.23,2.23,2.26
2022-09-02 00:00:00+00:00,80.7,81.54,1.01,71991.69,,,0.21,10.55,2.22,2.21,2.21,2.24
2022-09-05 00:00:00+00:00,81.1,81.91,1.01,72315.94,,,0.21,10.55,2.24,2.23,2.21,2.24
2022-09-06 00:00:00+00:00,85.8,86.68,0.95,76531.75,,,0.21,10.55,2.36,2.35,2.24,2.37
2022-09-07 00:00:00+00:00,94.5,95.5,0.87,84314.63,,,0.21,10.55,,2.6,2.41,2.6
2022-09-08 00:00:00+00:00,90.5,91.45,0.9,80747.44,,,0.21,10.55,2.49,2.48,2.46,2.6
2022-09-09 00:00:00+00:00,92.4,93.29,0.89,82368.88,,,0.21,10.55,2.54,2.53,2.45,2.59
2022-09-12 00:00:00+00:00,92.4,93.29,0.89,82368.88,,,0.21,10.55,,,,
2022-09-13 00:00:00+00:00,92.7,93.66,0.88,82693.19,,,0.21,10.55,2.56,2.55,2.53,2.68
2022-09-14 00:00:00+00:00,90.2,91.09,0.91,80423.19,,,0.21,10.55,2.48,2.47,2.46,2.54
2022-09-15 00:00:00+00:00,89.1,89.99,0.92,79450.31,,,0.21,12.0,2.46,2.45,2.43,2.53
2022-09-16 00:00:00+00:00,87.3,88.15,0.94,77828.81,,,0.21,12.0,2.41,2.4,2.37,2.49
2022-09-19 00:00:00+00:00,88.4,89.25,0.93,78801.75,,,0.21,12.0,2.43,2.42,2.35,2.45
2022-09-20 00:00:00+00:00,86.2,87.05,0.95,76856.0,,,0.21,12.0,2.38,2.37,2.36,2.44
2022-09-21 00:00:00+00:00,86.2,87.05,0.95,76856.0,,,0.21,12.0,2.38,2.37,2.31,2.39
2022-09-22 00:00:00+00:00,84.0,84.84,0.97,74910.31,,,0.21,12.0,2.31,2.3,2.3,2.36
2022-09-23 00:00:00+00:00,84.7,85.58,0.97,75558.81,,,0.21,12.0,2.33,2.32,2.29,2.34
2022-09-26 00:00:00+00:00,81.5,82.27,1.0,72640.25,,,0.21,12.0,2.25,2.24,2.23,2.32
2022-09-27 00:00:00+00:00,82.2,83.01,1.0,73288.88,,,0.21,12.0,2.27,2.26,2.23,2.26
2022-09-28 00:00:00+00:00,81.1,81.91,1.01,72315.94,,,0.21,12.0,2.24,2.23,2.22,2.26
2022-09-29 00:00:00+00:00,80.4,81.17,1.02,71667.44,,,0.21,12.0,2.22,2.21,2.2,2.26
2022-09-30 00:00:00+00:00,81.5,82.27,1.0,72640.25,,,0.21,12.0,2.24,2.23,2.2,2.25
2022-10-03 00:00:00+00:00,81.5,82.27,1.0,72640.25,,,0.21,12.0,,,,
2022-10-04 00:00:00+00:00,81.5,82.27,1.0,72640.25,,,0.21,12.0,,,,
2022-10-05 00:00:00+00:00,81.5,82.27,1.0,72640.25,,,0.21,12.0,,,,
2022-10-06 00:00:00+00:00,81.5,82.27,1.0,72640.25,,,0.21,12.0,,,,
2022-10-07 00:00:00+00:00,81.5,82.27,1.0,72640.25,,,0.21,12.0,,,,
2022-10-10 00:00:00+00:00,80.7,81.54,1.01,71991.69,,,0.21,12.0,2.23,2.22,2.22,2.26
2022-10-11 00:00:00+00:00,82.2,83.01,1.0,73288.88,,,0.21,12.0,2.26,2.25,2.22,2.27
2022-10-12 00:00:00+00:00,83.6,84.48,0.98,74586.0,,,0.21,12.0,2.3,2.29,2.24,2.3
2022-10-13 00:00:00+00:00,82.5,83.37,0.99,73613.19,,,0.21,12.0,2.28,2.27,2.26,2.29
2022-10-14 00:00:00+00:00,82.9,83.74,0.99,73937.38,,,0.21,12.0,2.29,2.28,2.26,2.29
2022-10-17 00:00:00+00:00,82.5,83.37,0.99,73613.19,,,0.21,12.0,2.28,2.27,2.25,2.28
2022-10-18 00:00:00+00:00,82.5,83.37,0.99,73613.19,,,0.21,12.0,2.28,2.27,2.24,2.29
2022-10-19 00:00:00+00:00,81.8,82.64,1.0,72964.56,,,0.21,12.0,2.26,2.25,2.25,2.28
2022-10-20 00:00:00+00:00,81.8,82.64,1.0,72964.56,,,0.22,10.56,2.25,2.24,2.23,2.26
2022-10-21 00:00:00+00:00,84.7,85.58,0.97,75558.81,,,0.22,10.56,2.33,2.32,2.28,2.43
2022-10-24 00:00:00+00:00,84.0,84.84,0.97,74910.31,,,0.22,10.56,2.32,2.31,2.28,2.37
2022-10-25 00:00:00+00:00,88.0,88.88,0.93,78477.44,,,0.22,10.56,2.42,2.41,2.28,2.45
2022-10-26 00:00:00+00:00,86.5,87.41,0.95,77180.31,,,0.22,10.56,2.38,2.37,2.35,2.41
2022-10-27 00:00:00+00:00,85.1,85.95,0.96,75883.19,,,0.22,10.56,2.34,2.33,2.33,2.38
2022-10-28 00:00:00+00:00,84.0,84.84,0.97,74910.31,,,0.22,10.56,2.32,2.31,2.3,2.36
2022-10-31 00:00:00+00:00,83.3,84.11,0.98,74261.69,,,0.22,10.56,2.29,2.28,2.27,2.31
2022-11-01 00:00:00+00:00,84.7,85.58,0.97,75558.81,,,0.22,10.56,2.34,2.33,2.28,2.34
2022-11-02 00:00:00+00:00,84.4,85.21,0.97,75234.56,,,0.22,10.56,2.32,2.31,2.31,2.34
2022-11-03 00:00:00+00:00,84.0,84.84,0.97,74910.31,,,0.22,10.56,2.31,2.3,2.29,2.32
2022-11-04 00:00:00+00:00,85.1,85.95,0.96,75883.19,,,0.22,10.56,2.35,2.34,2.3,2.36
2022-11-07 00:00:00+00:00,86.2,87.05,0.95,76856.0,,,0.22,10.56,2.37,2.36,2.34,2.38
2022-11-08 00:00:00+00:00,85.8,86.68,0.95,76531.75,,,0.22,10.56,2.36,2.35,2.33,2.37
2022-11-09 00:00:00+00:00,85.5,86.31,0.96,76207.44,,,0.22,10.56,2.35,2.34,2.34,2.4
2022-11-10 00:00:00+00:00,85.1,85.95,0.96,75883.19,,,0.22,10.56,2.34,2.33,2.32,2.36
2022-11-11 00:00:00+00:00,86.2,87.05,0.95,76856.0,,,0.22,10.56,2.38,2.37,2.34,2.39
2022-11-14 00:00:00+00:00,85.8,86.68,0.95,76531.75,,,0.22,10.56,2.37,2.36,2.35,2.4
2022-11-15 00:00:00+00:00,86.5,87.41,0.95,77180.31,,,0.22,10.56,2.38,2.37,2.35,2.39
2022-11-16 00:00:00+00:00,85.8,86.68,0.95,76531.75,,,0.22,10.56,2.37,2.36,2.35,2.39
2022-11-17 00:00:00+00:00,85.8,86.68,0.95,76531.75,,,0.22,10.94,2.36,2.35,2.34,2.37
2022-11-18 00:00:00+00:00,84.7,85.58,0.97,75558.81,,,0.22,10.94,2.34,2.33,2.33,2.36
2022-11-21 00:00:00+00:00,84.4,85.21,0.97,75234.56,,,0.22,10.94,2.33,2.32,2.31,2.33
2022-11-22 00:00:00+00:00,89.1,89.99,0.92,79450.31,,,0.22,10.94,2.45,2.44,2.32,2.55
2022-11-23 00:00:00+00:00,88.7,89.62,0.92,79126.0,,,0.22,10.94,2.45,2.44,2.4,2.52
2022-11-24 00:00:00+00:00,86.5,87.41,0.95,77180.31,,,0.22,10.94,2.39,2.38,2.37,2.43
2022-11-25 00:00:00+00:00,88.4,89.25,0.93,78801.75,,,0.22,10.94,2.43,2.42,2.37,2.45
2022-11-28 00:00:00+00:00,88.0,88.88,0.93,78477.44,,,0.22,10.94,2.43,2.42,2.37,2.47
2022-11-29 00:00:00+00:00,89.1,89.99,0.92,79450.31,,,0.22,10.94,2.45,2.44,2.41,2.47
2022-11-30 00:00:00+00:00,89.1,89.99,0.92,79450.31,,,0.22,10.94,2.46,2.45,2.43,2.46
2022-12-01 00:00:00+00:00,88.0,88.88,0.93,78477.44,,,0.22,10.94,2.43,2.42,2.42,2.48
2022-12-02 00:00:00+00:00,88.4,89.25,0.93,78801.75,,,0.22,10.94,2.44,2.43,2.4,2.45
2022-12-05 00:00:00+00:00,92.4,93.29,0.89,82368.88,,,0.22,10.94,2.55,2.54,2.45,2.55
2022-12-06 00:00:00+00:00,90.9,91.82,0.9,81071.75,,,0.22,10.94,2.51,2.5,2.48,2.54
2022-12-07 00:00:00+00:00,89.8,90.72,0.91,80098.88,,,0.22,10.94,2.47,2.46,2.46,2.52
2022-12-08 00:00:00+00:00,90.2,91.09,0.91,80423.19,,,0.22,10.94,2.48,2.47,2.46,2.5
2022-12-09 00:00:00+00:00,89.1,89.99,0.92,79450.31,,,0.22,10.94,2.46,2.45,2.43,2.48
2022-12-12 00:00:00+00:00,87.6,88.52,0.93,78153.19,,,0.22,10.94,2.41,2.4,2.4,2.46
2022-12-13 00:00:00+00:00,87.6,88.52,0.93,78153.19,,,0.22,10.94,2.41,2.4,2.4,2.43
2022-12-14 00:00:00+00:00,86.2,87.05,0.95,76856.0,,,0.22,10.94,2.37,2.36,2.36,2.41
2022-12-15 00:00:00+00:00,85.8,86.68,0.95,76531.75,,,0.22,10.95,2.37,2.36,2.34,2.37
2022-12-16 00:00:00+00:00,86.2,87.05,0.95,76856.0,,,0.22,10.95,2.37,2.36,2.35,2.39
2022-12-19 00:00:00+00:00,83.6,84.48,0.98,74586.0,,,0.22,10.95,2.31,2.3,2.29,2.37
2022-12-20 00:00:00+00:00,82.9,83.74,0.99,73937.38,,,0.22,10.95,2.29,2.28,2.28,2.31
2022-12-21 00:00:00+00:00,83.3,84.11,0.98,74261.69,,,0.22,10.95,2.29,2.28,2.28,2.3
2022-12-22 00:00:00+00:00,82.5,83.37,0.99,73613.19,,,0.22,10.95,2.27,2.26,2.26,2.3
2022-12-23 00:00:00+00:00,82.5,83.37,0.99,73613.19,,,0.22,10.95,2.28,2.27,2.25,2.28
2022-12-26 00:00:00+00:00,82.9,83.74,0.99,73937.38,,,0.22,10.95,2.29,2.28,2.27,2.3
2022-12-27 00:00:00+00:00,83.3,84.11,0.98,74261.69,,,0.22,10.95,2.3,2.29,2.28,2.3
2022-12-28 00:00:00+00:00,82.9,83.74,0.99,73937.38,,,0.22,10.95,2.29,2.28,2.27,2.3
2022-12-29 00:00:00+00:00,82.2,83.01,1.0,73288.88,,,0.22,10.95,2.27,2.26,2.26,2.29
2022-12-30 00:00:00+00:00,83.3,84.11,0.98,74261.69,,,0.22,10.95,2.3,2.29,2.27,2.3
2023-01-02 00:00:00+00:00,83.3,84.11,0.98,74261.69,,,0.22,10.95,,,,
2023-01-03 00:00:00+00:00,84.0,84.84,0.97,74910.31,,,0.22,10.95,2.32,2.31,2.28,2.32
2023-01-04 00:00:00+00:00,83.6,84.48,0.98,74586.0,,,0.22,10.95,2.31,2.3,2.3,2.32
2023-01-05 00:00:00+00:00,84.0,84.84,0.97,74910.31,,,0.22,10.95,2.31,2.3,2.3,2.32
2023-01-06 00:00:00+00:00,84.0,84.84,0.97,74910.31,,,0.22,10.95,2.31,2.3,2.3,2.32
2023-01-09 00:00:00+00:00,84.4,85.21,0.97,75234.56,,,0.22,10.95,2.33,2.32,2.3,2.33
2023-01-10 00:00:00+00:00,83.6,84.48,0.98,74586.0,,,0.22,10.95,2.3,2.29,2.29,2.33
2023-01-11 00:00:00+00:00,83.6,84.48,0.98,74586.0,,,0.22,10.95,2.3,2.29,2.29,2.31
2023-01-12 00:00:00+00:00,83.3,84.11,0.98,74261.69,,,0.22,10.95,2.3,2.29,2.29,2.31
2023-01-13 00:00:00+00:00,83.6,84.48,0.98,74586.0,,,0.22,10.95,2.3,2.29,2.29,2.3
2023-01-16 00:00:00+00:00,84.4,85.21,0.97,75234.56,,,0.22,10.95,2.33,2.32,2.29,2.33
2023-01-17 00:00:00+00:00,84.0,84.84,0.97,74910.31,,,0.22,10.95,2.32,2.31,2.3,2.32
2023-01-18 00:00:00+00:00,84.0,84.84,0.97,74910.31,,,0.22,10.95,2.32,2.31,2.31,2.32
2023-01-19 00:00:00+00:00,84.0,84.84,0.97,74910.31,,,0.22,10.34,2.32,2.31,2.3,2.32
2023-01-20 00:00:00+00:00,85.5,86.31,0.96,76207.44,,,0.22,10.34,2.35,2.34,2.31,2.35
2023-01-23 00:00:00+00:00,85.5,86.31,0.96,76207.44,,,0.22,10.34,,,,
2023-01-24 00:00:00+00:00,85.5,86.31,0.96,76207.44,,,0.22,10.34,,,,
2023-01-25 00:00:00+00:00,85.5,86.31,0.96,76207.44,,,0.22,10.34,,,,
2023-01-26 00:00:00+00:00,85.5,86.31,0.96,76207.44,,,0.22,10.34,,,,
2023-01-27 00:00:00+00:00,85.5,86.31,0.96,76207.44,,,0.22,10.34,,,,
2023-01-30 00:00:00+00:00,85.5,86.31,0.96,76207.44,,,0.22,10.34,2.35,2.34,2.34,2.38
2023-01-31 00:00:00+00:00,85.5,86.31,0.96,76207.44,,,0.22,10.34,2.36,2.35,2.34,2.36
2023-02-01 00:00:00+00:00,86.2,87.05,0.95,76856.0,,,0.22,10.34,2.38,2.37,2.34,2.38
2023-02-02 00:00:00+00:00,86.2,87.05,0.95,76856.0,,,0.22,10.34,2.37,2.36,2.36,2.38
2023-02-03 00:00:00+00:00,85.1,85.95,0.96,75883.19,,,0.22,10.34,2.35,2.34,2.33,2.37
2023-02-06 00:00:00+00:00,84.7,85.58,0.97,75558.81,,,0.22,10.34,2.34,2.33,2.33,2.35
2023-02-07 00:00:00+00:00,85.8,86.68,0.95,76531.75,,,0.22,10.34,2.36,2.35,2.33,2.36
2023-02-08 00:00:00+00:00,84.7,85.58,0.97,75558.81,,,0.22,10.34,2.34,2.33,2.33,2.36
2023-02-09 00:00:00+00:00,85.1,85.95,0.96,75883.19,,,0.22,10.34,2.35,2.34,2.33,2.35
2023-02-10 00:00:00+00:00,85.1,85.95,0.96,75883.19,,,0.22,10.34,2.35,2.34,2.33,2.35
2023-02-13 00:00:00+00:00,85.8,86.68,0.95,76531.75,,,0.22,10.34,2.37,2.36,2.34,2.38
2023-02-14 00:00:00+00:00,85.8,86.68,0.95,76531.75,,,0.22,10.34,2.36,2.35,2.35,2.37
2023-02-15 00:00:00+00:00,85.1,85.95,0.96,75883.19,,,0.22,10.34,2.35,2.34,2.33,2.36
2023-02-16 00:00:00+00:00,85.8,86.68,0.95,76531.75,,,0.23,10.41,2.36,2.35,2.34,2.42
2023-02-17 00:00:00+00:00,84.7,85.58,0.97,75558.81,,,0.23,10.41,2.34,2.33,2.33,2.37
2023-02-20 00:00:00+00:00,86.9,87.78,0.94,77504.63,,,0.23,10.41,2.39,2.38,2.33,2.4
2023-02-21 00:00:00+00:00,86.5,87.41,0.95,77180.31,,,0.23,10.41,2.39,2.38,2.37,2.4
2023-02-22 00:00:00+00:00,86.9,87.78,0.94,77504.63,,,0.23,10.41,2.39,2.38,2.37,2.4
2023-02-23 00:00:00+00:00,86.5,87.41,0.95,77180.31,,,0.23,10.41,2.38,2.37,2.37,2.39
2023-02-24 00:00:00+00:00,85.8,86.68,0.95,76531.75,,,0.23,10.41,2.37,2.36,2.35,2.38
2023-02-27 00:00:00+00:00,85.5,86.31,0.96,76207.44,,,0.23,10.41,2.36,2.35,2.35,2.37
2023-02-28 00:00:00+00:00,86.5,87.41,0.95,77180.31,,,0.23,10.41,2.39,2.38,2.35,2.39
2023-03-01 00:00:00+00:00,88.7,89.62,0.92,79126.0,,,0.23,10.41,2.44,2.43,2.37,2.44
2023-03-02 00:00:00+00:00,89.1,89.99,0.92,79450.31,,,0.23,10.41,2.45,2.44,2.42,2.48
2023-03-03 00:00:00+00:00,90.9,91.82,0.9,81071.75,,,0.23,10.41,2.51,2.5,2.44,2.52
2023-03-06 00:00:00+00:00,89.5,90.35,0.91,79774.63,,,0.23,10.41,2.47,2.46,2.45,2.53
2023-03-07 00:00:00+00:00,89.5,90.35,0.91,79774.63,,,0.23,10.41,2.47,2.46,2.45,2.52
2023-03-08 00:00:00+00:00,89.5,90.35,0.91,79774.63,,,0.23,10.41,2.46,2.45,2.43,2.46
2023-03-09 00:00:00+00:00,88.4,89.25,0.93,78801.75,,,0.23,10.41,2.44,2.43,2.42,2.46
2023-03-10 00:00:00+00:00,86.9,87.78,0.94,77504.63,,,0.23,10.41,2.4,2.39,2.39,2.43
2023-03-13 00:00:00+00:00,88.7,89.62,0.92,79126.0,,,0.23,10.41,2.45,2.44,2.4,2.45
2023-03-14 00:00:00+00:00,88.0,88.88,0.93,78477.44,,,0.23,10.41,2.42,2.41,2.41,2.46
2023-03-15 00:00:00+00:00,90.5,91.45,0.9,80747.44,,,0.23,10.41,2.49,2.48,2.4,2.52
2023-03-16 00:00:00+00:00,89.5,90.35,0.91,79774.63,,,0.23,10.52,2.46,2.45,2.44,2.49
2023-03-17 00:00:00+00:00,91.3,92.19,0.9,81396.06,,,0.23,10.52,2.51,2.5,2.46,2.53
2023-03-20 00:00:00+00:00,94.9,95.86,0.86,84638.88,,,0.23,10.52,2.61,2.6,2.5,2.76
2023-03-21 00:00:00+00:00,93.5,94.39,0.88,83341.75,,,0.23,10.52,2.57,2.56,2.54,2.61
2023-03-22 00:00:00+00:00,92.0,92.92,0.89,82044.63,,,0.23,10.52,2.53,2.52,2.51,2.59
2023-03-23 00:00:00+00:00,92.4,93.29,0.89,82368.88,,,0.23,10.52,2.55,2.54,2.51,2.57
2023-03-24 00:00:00+00:00,89.8,90.72,0.91,80098.88,,,0.23,10.52,2.48,2.47,2.46,2.54
2023-03-27 00:00:00+00:00,88.4,89.25,0.93,78801.75,,,0.23,10.52,2.44,2.43,2.42,2.47
2023-03-28 00:00:00+00:00,88.0,88.88,0.93,78477.44,,,0.23,10.52,2.43,2.42,2.41,2.46
2023-03-29 00:00:00+00:00,87.3,88.15,0.94,77828.81,,,0.23,10.52,2.4,2.39,2.38,2.43
2023-03-30 00:00:00+00:00,88.0,88.88,0.93,78477.44,,,0.23,10.52,2.42,2.41,2.38,2.42
2023-03-31 00:00:00+00:00,87.6,88.52,0.93,78153.19,,,0.23,10.52,2.41,2.4,2.39,2.41
2023-04-03 00:00:00+00:00,87.6,88.52,0.93,78153.19,,,0.23,10.52,2.42,2.41,2.4,2.43
2023-04-04 00:00:00+00:00,90.9,91.82,0.9,81071.75,,,0.23,10.52,2.5,2.49,2.41,2.5
2023-04-05 00:00:00+00:00,90.9,91.82,0.9,81071.75,,,0.23,10.52,,,,
2023-04-06 00:00:00+00:00,90.5,91.45,0.9,80747.44,,,0.23,10.52,2.49,2.48,2.46,2.52
2023-04-07 00:00:00+00:00,89.8,90.72,0.91,80098.88,,,0.23,10.52,2.47,2.46,2.45,2.5
2023-04-10 00:00:00+00:00,89.8,90.72,0.91,80098.88,,,0.23,10.52,2.48,2.47,2.45,2.5
2023-04-11 00:00:00+00:00,89.8,90.72,0.91,80098.88,,,0.23,10.52,2.48,2.47,2.45,2.48
2023-04-12 00:00:00+00:00,91.3,92.19,0.9,81396.06,,,0.23,10.52,2.51,2.5,2.46,2.52
2023-04-13 00:00:00+00:00,94.5,95.5,0.87,84314.63,,,0.23,10.52,2.6,2.59,2.49,2.64
2023-04-14 00:00:00+00:00,97.8,98.8,0.84,87233.19,,,0.23,10.52,2.7,2.69,2.59,2.73
2023-04-17 00:00:00+00:00,98.2,99.17,0.83,87557.5,,,0.23,10.52,2.7,2.69,2.66,2.73
2023-04-18 00:00:00+00:00,98.2,99.17,0.83,87557.5,,,0.23,10.52,2.7,2.69,2.65,2.71
2023-04-19 00:00:00+00:00,96.7,97.7,0.85,86260.31,,,0.23,10.52,2.66,2.65,2.64,2.71
2023-04-20 00:00:00+00:00,98.2,99.17,0.83,87557.5,,,0.23,11.74,2.7,2.69,2.62,2.7
2023-04-21 00:00:00+00:00,97.1,98.07,0.84,86584.63,,,0.23,11.74,2.68,2.67,2.66,2.8
2023-04-24 00:00:00+00:00,97.1,98.07,0.84,86584.63,,,0.23,11.74,2.67,2.66,2.65,2.72
2023-04-25 00:00:00+00:00,97.1,98.07,0.84,86584.63,,,0.23,11.74,2.67,2.66,2.63,2.7
2023-04-26 00:00:00+00:00,94.9,95.86,0.86,84638.88,,,0.23,11.74,2.62,2.61,2.57,2.66
2023-04-27 00:00:00+00:00,98.2,99.17,0.83,87557.5,,,0.23,11.74,2.7,2.69,2.61,2.76
2023-04-28 00:00:00+00:00,98.5,99.54,0.83,87881.75,,,0.23,11.74,2.72,2.71,2.63,2.73
2023-05-01 00:00:00+00:00,98.5,99.54,0.83,87881.75,,,0.23,11.74,,,,
2023-05-02 00:00:00+00:00,98.5,99.54,0.83,87881.75,,,0.23,11.74,,,,
2023-05-03 00:00:00+00:00,98.5,99.54,0.83,87881.75,,,0.23,11.74,,,,
2023-05-04 00:00:00+00:00,100.4,101.37,0.82,89503.25,,,0.23,11.74,2.76,2.75,2.67,2.79
2023-05-05 00:00:00+00:00,98.2,99.17,0.83,87557.5,,,0.23,11.74,2.7,2.69,2.68,2.78
2023-05-08 00:00:00+00:00,99.3,100.27,0.82,88530.31,,,0.23,11.74,2.73,2.72,2.66,2.76
2023-05-09 00:00:00+00:00,97.1,98.07,0.84,86584.63,,,0.23,11.74,2.67,2.66,2.66,2.79
2023-05-10 00:00:00+00:00,96.4,97.33,0.85,85936.06,,,0.23,11.74,2.65,2.64,2.63,2.71
2023-05-11 00:00:00+00:00,95.6,96.6,0.86,85287.5,,,0.23,11.74,2.63,2.62,2.61,2.66
2023-05-12 00:00:00+00:00,93.1,94.03,0.88,83017.5,,,0.23,11.74,2.56,2.55,2.56,2.64
2023-05-15 00:00:00+00:00,93.1,94.03,0.88,83017.5,,,0.23,11.74,2.56,2.55,2.52,2.57
2023-05-16 00:00:00+00:00,91.3,92.19,0.9,81396.06,,,0.23,11.74,2.52,2.51,2.5,2.57
2023-05-17 00:00:00+00:00,91.3,92.19,0.9,81396.06,,,0.23,11.74,2.52,2.51,2.48,2.53
2023-05-18 00:00:00+00:00,91.3,92.19,0.9,81396.06,,,0.24,10.61,2.52,2.51,2.5,2.55
2023-05-19 00:00:00+00:00,89.8,90.72,0.91,80098.88,,,0.24,10.61,2.48,2.47,2.46,2.52
2023-05-22 00:00:00+00:00,89.1,89.99,0.92,79450.31,,,0.24,10.61,2.46,2.45,2.44,2.49
2023-05-23 00:00:00+00:00,87.3,88.15,0.94,77828.81,,,0.24,10.61,2.41,2.4,2.39,2.47
2023-05-24 00:00:00+00:00,86.5,87.41,0.95,77180.31,,,0.24,10.61,2.38,2.37,2.37,2.4
2023-05-25 00:00:00+00:00,86.5,87.41,0.95,77180.31,,,0.24,10.61,2.39,2.38,2.35,2.39
2023-05-26 00:00:00+00:00,86.9,87.78,0.94,77504.63,,,0.24,10.61,2.4,2.39,2.37,2.41
2023-05-29 00:00:00+00:00,87.3,88.15,0.94,77828.81,,,0.24,10.61,2.41,2.4,2.39,2.42
2023-05-30 00:00:00+00:00,88.0,88.88,0.93,78477.44,,,0.24,10.61,2.42,2.41,2.39,2.44
2023-05-31 00:00:00+00:00,87.3,88.15,0.94,77828.81,,,0.24,10.61,2.4,2.39,2.39,2.42
2023-06-01 00:00:00+00:00,87.3,88.15,0.94,77828.81,,,0.22,10.79,2.4,2.39,2.38,2.42
2023-06-02 00:00:00+00:00,87.6,88.52,0.93,78153.19,,,0.22,10.79,2.42,2.41,2.39,2.42
2023-06-05 00:00:00+00:00,,,,,,,0.22,10.7,2.38,2.37,2.37,2.42
