,0,1,2,3,4,5,6,7,8,9,10,11,12,13,14,15,16,17,18
Name,SHAI.FUD.MICROELS. (SSC) GP.'A' - PRICE INDEX,SHAI.FUD.MICROELS. (SSC) GP.'A' - TOT RETURN IND,SHAI.FUD.MICROELS. (SSC) GP.'A' - DIVIDEND YIELD,SHAI.FUD.MICROELS. (SSC) GP.'A' - MARKET VALUE,#ERROR,#ERROR,#ERROR,SHAI.FUD.MICROELS. (SSC) GP.'A' - TURNOVER BY VOLUME,SHAI.FUD.MICROELS. (SSC) GP.'A' - 12MTH FORWARD EPS,SHAI.FUD.MICROELS. (SSC) GP.'A' - NUMBER OF SHARES,#ERROR,#ERROR,SHAI.FUD.MICROELS. (SSC) GP.'A' - 12 MONTH FORWARD EARN. YIELD,SHAI.FUD.MICROELS. (SSC) GP.'A' - EPS 12M FWD,SHAI.FUD.MICROELS. (SSC) GP.'A' - PE RATIO 12M FWD,SHAI.FUD.MICROELS. (SSC) GP.'A' - ASK PRICE,SHAI.FUD.MICROELS. (SSC) GP.'A' - BID PRICE,SHAI.FUD.MICROELS. (SSC) GP.'A' - PRICE LOW,SHAI.FUD.MICROELS. (SSC) GP.'A' - PRICE HIGH
MNEM,CN:SF6H,CN:SF6H,CN:SF6H,CN:SF6H,CN:SF6H,CN:SF6H,CN:SF6H,CN:SF6H,CN:SF6H,CN:SF6H,CN:SF6H,CN:SF6H,CN:SF6H,CN:SF6H,CN:SF6H,CN:SF6H,CN:SF6H,CN:SF6H,CN:SF6H
DATATYPE,PI,RI,DY,MV,PE,EPS,PTBV,VO,EPS1FD12,NOSH,WC01001,APC,529E,DIEP,DIPE,PA,PB,PL,PH
NAME,SHAI.FUD.MICROELS. (SSC) GP.'A',SHAI.FUD.MICROELS. (SSC) GP.'A',SHAI.FUD.MICROELS. (SSC) GP.'A',SHAI.FUD.MICROELS. (SSC) GP.'A',SHAI.FUD.MICROELS. (SSC) GP.'A',SHAI.FUD.MICROELS. (SSC) GP.'A',SHAI.FUD.MICROELS. (SSC) GP.'A',SHAI.FUD.MICROELS. (SSC) GP.'A',SHAI.FUD.MICROELS. (SSC) GP.'A',SHAI.FUD.MICROELS. (SSC) GP.'A',SHAI.FUD.MICROELS. (SSC) GP.'A',SHAI.FUD.MICROELS. (SSC) GP.'A',SHAI.FUD.MICROELS. (SSC) GP.'A',SHAI.FUD.MICROELS. (SSC) GP.'A',SHAI.FUD.MICROELS. (SSC) GP.'A',SHAI.FUD.MICROELS. (SSC) GP.'A',SHAI.FUD.MICROELS. (SSC) GP.'A',SHAI.FUD.MICROELS. (SSC) GP.'A',SHAI.FUD.MICROELS. (SSC) GP.'A'
SECD,BP7MLC2,BP7MLC2,BP7MLC2,BP7MLC2,BP7MLC2,BP7MLC2,BP7MLC2,BP7MLC2,BP7MLC2,BP7MLC2,BP7MLC2,BP7MLC2,BP7MLC2,BP7MLC2,BP7MLC2,BP7MLC2,BP7MLC2,BP7MLC2,BP7MLC2
ISIN,CNE100004PL2,CNE100004PL2,CNE100004PL2,CNE100004PL2,CNE100004PL2,CNE100004PL2,CNE100004PL2,CNE100004PL2,CNE100004PL2,CNE100004PL2,CNE100004PL2,CNE100004PL2,CNE100004PL2,CNE100004PL2,CNE100004PL2,CNE100004PL2,CNE100004PL2,CNE100004PL2,CNE100004PL2
CODON,CHINA,CHINA,CHINA,CHINA,CHINA,CHINA,CHINA,CHINA,CHINA,CHINA,CHINA,CHINA,CHINA,CHINA,CHINA,CHINA,CHINA,CHINA,CHINA
ISOCUR,CNY,CNY,CNY,CNY,CNY,CNY,CNY,CNY,CNY,CNY,CNY,CNY,CNY,CNY,CNY,CNY,CNY,CNY,CNY
1969-12-31 00:00:00+00:00,,,,,"$$ER: 2311,NO DATA AVAILABLE","$$ER: 2311,NO DATA AVAILABLE","$$ER: 2376,NO DATA AVAILABLE",,,,"$$ER: E100,NO WORLDSCOPE DATA FOR THIS CODE","$$ER: 2376,NO DATA AVAILABLE",,,,,,,
2021-08-18 00:00:00+00:00,100.0,100.0,0.0,25819.37,,,,7416.9,,530172.0,,,,,,48.7,48.69,48.3,50.9
2021-08-19 00:00:00+00:00,100.4,100.41,0.0,25925.41,,,,7325.1,0.58,530172.0,,,1.189,0.58,84.14,48.9,48.89,46.58,49.9
2021-08-20 00:00:00+00:00,103.5,103.53,0.0,26731.27,,,,10033.9,0.58,530172.0,,,1.189,0.58,84.14,50.42,50.4,48.0,51.55
2021-08-23 00:00:00+00:00,106.6,106.55,0.0,27510.62,,,,12053.3,0.58,530172.0,,,1.189,0.58,84.14,51.89,51.88,49.3,53.49
2021-08-24 00:00:00+00:00,107.0,107.02,0.0,27632.56,,,,10538.3,0.58,530172.0,,,1.189,0.58,84.14,52.13,52.12,50.52,53.08
2021-08-25 00:00:00+00:00,106.6,106.57,0.0,27515.92,,,,9572.3,0.58,530172.0,,,1.189,0.58,84.14,51.9,51.88,51.0,54.9
2021-08-26 00:00:00+00:00,101.6,101.56,0.0,26222.31,,,,6173.5,0.58,530172.0,,,1.189,0.58,84.14,49.47,49.46,49.33,51.97
2021-08-27 00:00:00+00:00,98.3,98.28,0.0,25374.03,,,,9212.4,0.58,530172.0,,,1.189,0.58,84.14,47.86,47.85,47.1,50.1
2021-08-30 00:00:00+00:00,94.4,94.39,0.0,24372.0,,,,7908.1,0.58,530172.0,,,1.189,0.58,84.14,45.98,45.97,45.8,48.46
2021-08-31 00:00:00+00:00,96.7,96.71,0.0,24971.1,,,,5110.6,0.58,530172.0,,,1.189,0.58,84.14,47.1,47.09,45.13,47.3
2021-09-01 00:00:00+00:00,97.2,97.19,0.0,25093.04,,,,5145.5,0.58,530172.0,,,1.189,0.58,84.14,47.34,47.33,45.88,48.12
2021-09-02 00:00:00+00:00,92.9,92.85,0.0,23974.38,,,,7273.5,0.58,530172.0,,,1.189,0.58,84.14,45.22,45.2,44.85,47.31
2021-09-03 00:00:00+00:00,93.3,93.33,0.0,24096.31,,,,4766.2,0.58,530172.0,,,1.189,0.58,84.14,45.45,45.44,44.3,45.95
2021-09-06 00:00:00+00:00,95.7,95.69,0.0,24706.02,,,,4679.1,0.58,530172.0,,,1.189,0.58,84.14,46.6,46.59,45.22,46.66
2021-09-07 00:00:00+00:00,93.8,93.78,0.0,24212.95,,,,3490.8,0.58,530172.0,,,1.189,0.58,84.14,45.68,45.67,45.66,46.7
2021-09-08 00:00:00+00:00,93.7,93.74,0.0,24202.34,,,,3193.3,0.58,530172.0,,,1.189,0.58,84.14,45.66,45.65,45.3,46.25
2021-09-09 00:00:00+00:00,88.0,87.99,0.0,22717.87,,,,8308.1,0.58,530172.0,,,1.189,0.58,84.14,42.86,42.85,42.8,45.6
2021-09-10 00:00:00+00:00,88.4,88.44,0.0,22834.51,,,,5063.9,0.58,530172.0,,,1.189,0.58,84.14,43.1,43.07,42.27,44.23
2021-09-13 00:00:00+00:00,84.0,83.98,0.0,21684.03,,,,5514.4,0.58,530172.0,,,1.189,0.58,84.14,40.92,40.9,40.88,42.77
2021-09-14 00:00:00+00:00,82.5,82.46,0.0,21291.71,,,,4646.3,0.58,530172.0,,,1.189,0.58,84.14,40.18,40.16,39.84,41.36
2021-09-15 00:00:00+00:00,80.1,80.08,0.0,20676.71,,,,5105.9,0.58,530172.0,,,1.189,0.58,84.14,39.0,38.98,38.66,40.25
2021-09-16 00:00:00+00:00,75.5,75.52,0.0,19499.72,,,,6307.9,0.613,530172.0,,,1.525,0.61,65.57,36.79,36.78,36.45,39.26
2021-09-17 00:00:00+00:00,77.6,77.58,0.0,20029.89,,,,4210.3,0.613,530172.0,,,1.525,0.61,65.57,37.79,37.78,36.84,38.28
2021-09-20 00:00:00+00:00,77.6,77.58,0.0,20029.89,,,,,0.613,530172.0,,,1.525,0.61,65.57,,,,
2021-09-21 00:00:00+00:00,77.6,77.58,0.0,20029.89,,,,,0.613,530172.0,,,1.525,0.61,65.57,,,,
2021-09-22 00:00:00+00:00,80.1,80.06,0.0,20671.41,,,,6183.1,0.613,530172.0,,,1.525,0.61,65.57,38.99,38.98,36.82,39.64
2021-09-23 00:00:00+00:00,79.7,79.67,0.0,20570.67,,,,4198.6,0.613,530172.0,,,1.525,0.61,65.57,38.81,38.8,38.3,39.63
2021-09-24 00:00:00+00:00,77.1,77.1,0.0,19907.96,,,,4684.9,0.613,530172.0,,,1.525,0.61,65.57,37.55,37.54,37.4,39.69
2021-09-27 00:00:00+00:00,80.1,80.06,0.0,20671.41,,,,6814.9,0.613,530172.0,,,1.525,0.61,65.57,39.0,38.99,37.1,40.7
2021-09-28 00:00:00+00:00,81.6,81.62,0.0,21074.33,,,,4787.2,0.613,530172.0,,,1.525,0.61,65.57,39.76,39.75,38.67,40.66
2021-09-29 00:00:00+00:00,78.5,78.48,0.0,20263.17,,,,3305.4,0.613,530172.0,,,1.525,0.61,65.57,38.23,38.22,37.9,39.68
2021-09-30 00:00:00+00:00,79.2,79.16,0.0,20438.13,,,,2170.8,0.613,530172.0,,,1.525,0.61,65.57,38.55,38.54,38.2,38.88
2021-10-01 00:00:00+00:00,79.2,79.16,0.0,20438.13,,,,,0.613,530172.0,,,1.525,0.61,65.57,,,,
2021-10-04 00:00:00+00:00,79.2,79.16,0.0,20438.13,,,,,0.613,530172.0,,,1.525,0.61,65.57,,,,
2021-10-05 00:00:00+00:00,79.2,79.16,0.0,20438.13,,,,,0.613,530172.0,,,1.525,0.61,65.57,,,,
2021-10-06 00:00:00+00:00,79.2,79.16,0.0,20438.13,,,,,0.613,530172.0,,,1.525,0.61,65.57,,,,
2021-10-07 00:00:00+00:00,79.2,79.16,0.0,20438.13,,,,,0.613,530172.0,,,1.525,0.61,65.57,,,,
2021-10-08 00:00:00+00:00,81.0,81.01,0.0,20915.28,,,,3058.8,0.613,530172.0,,,1.525,0.61,65.57,39.45,39.44,38.92,40.14
2021-10-11 00:00:00+00:00,81.1,81.15,0.0,20952.4,,,,2136.7,0.613,530172.0,,,1.525,0.61,65.57,39.52,39.51,39.2,40.18
2021-10-12 00:00:00+00:00,76.0,75.98,0.0,19616.36,,,,4397.7,0.613,530172.0,,,1.525,0.61,65.57,37.14,37.0,36.0,39.52
2021-10-13 00:00:00+00:00,79.0,79.03,0.0,20406.32,,,,3071.8,0.613,530172.0,,,1.525,0.61,65.57,38.49,38.48,36.66,38.7
2021-10-14 00:00:00+00:00,78.4,78.38,0.0,20236.66,,,,1732.5,0.625,530172.0,,,1.689,0.63,59.2,38.17,38.16,38.02,39.15
2021-10-15 00:00:00+00:00,85.6,85.61,0.0,22102.87,,,,8296.3,0.625,530172.0,,,1.689,0.63,59.2,41.7,41.69,38.09,42.2
2021-10-18 00:00:00+00:00,88.4,88.44,0.0,22834.51,,,,7290.3,0.625,530172.0,,,1.689,0.63,59.2,43.07,43.06,40.32,43.18
2021-10-19 00:00:00+00:00,88.1,88.09,0.0,22744.37,,,,7533.3,0.625,530172.0,,,1.689,0.63,59.2,42.9,42.89,42.49,44.99
2021-10-20 00:00:00+00:00,90.8,90.84,0.0,23454.81,,,,5620.9,0.625,530172.0,,,1.689,0.63,59.2,44.24,44.23,42.84,44.56
2021-10-21 00:00:00+00:00,89.1,89.14,0.0,23014.77,,,,4407.6,0.625,530172.0,,,1.689,0.63,59.2,43.42,43.41,43.03,44.88
2021-10-22 00:00:00+00:00,87.7,87.7,0.0,22643.64,,,,4033.0,0.625,530172.0,,,1.689,0.63,59.2,42.71,42.7,42.41,44.26
2021-10-25 00:00:00+00:00,89.5,89.53,0.0,23115.5,,,,3477.0,0.625,530172.0,,,1.689,0.63,59.2,43.6,43.58,41.81,43.6
2021-10-26 00:00:00+00:00,104.3,104.27,0.0,26922.13,,,,16816.5,0.625,530172.0,,,1.689,0.63,59.2,50.78,50.7,46.01,51.63
2021-10-27 00:00:00+00:00,99.8,99.79,0.0,25766.36,,,,9660.2,0.625,530172.0,,,1.689,0.63,59.2,48.62,48.6,47.5,50.95
2021-10-28 00:00:00+00:00,93.1,93.08,0.0,24032.7,,,,9178.5,0.625,530172.0,,,1.689,0.63,59.2,45.33,45.3,44.76,48.93
2021-10-29 00:00:00+00:00,95.4,95.38,0.0,24626.48,,,,7226.2,0.625,530172.0,,,1.689,0.63,59.2,46.48,46.45,45.2,48.56
2021-11-01 00:00:00+00:00,98.2,98.19,0.0,25352.82,,,,5683.8,0.625,530172.0,,,1.689,0.63,59.2,47.82,47.81,45.83,48.3
2021-11-02 00:00:00+00:00,98.9,98.85,0.0,25522.48,,,,6055.3,0.625,530172.0,,,1.689,0.63,59.2,48.14,48.12,46.66,49.0
2021-11-03 00:00:00+00:00,95.8,95.83,0.0,24743.12,,,,4401.4,0.625,530172.0,,,1.689,0.63,59.2,46.69,46.67,46.4,49.4
2021-11-04 00:00:00+00:00,94.4,94.37,0.0,24366.71,,,,5339.6,0.625,530172.0,,,1.689,0.63,59.2,45.97,45.96,45.41,47.48
2021-11-05 00:00:00+00:00,94.6,94.56,0.0,24414.42,,,,4612.3,0.625,530172.0,,,1.689,0.63,59.2,46.06,46.05,45.54,48.34
2021-11-08 00:00:00+00:00,92.9,92.85,0.0,23974.38,,,,6604.8,0.625,530172.0,,,1.689,0.63,59.2,45.22,45.2,42.51,45.63
2021-11-09 00:00:00+00:00,98.9,98.89,0.0,25533.08,,,,8877.6,0.625,530172.0,,,1.689,0.63,59.2,48.18,48.16,44.8,48.81
2021-11-10 00:00:00+00:00,98.7,98.67,0.0,25474.76,,,,4215.6,0.625,530172.0,,,1.689,0.63,59.2,48.05,48.02,47.2,48.97
2021-11-11 00:00:00+00:00,103.1,103.06,0.0,26609.33,,,,8724.6,0.625,530172.0,,,1.689,0.63,59.2,50.19,50.18,47.5,52.52
2021-11-12 00:00:00+00:00,103.2,103.22,0.0,26651.75,,,,5579.4,0.625,530172.0,,,1.689,0.63,59.2,50.3,50.27,49.5,51.45
2021-11-15 00:00:00+00:00,104.7,104.74,0.0,27044.07,,,,5278.0,0.625,530172.0,,,1.689,0.63,59.2,51.07,51.01,49.11,51.79
2021-11-16 00:00:00+00:00,104.7,104.72,0.0,27038.77,,,,4966.6,0.625,530172.0,,,1.689,0.63,59.2,51.01,51.0,48.41,51.14
2021-11-17 00:00:00+00:00,108.3,108.32,0.0,27966.57,,,,5658.8,0.625,530172.0,,,1.689,0.63,59.2,52.76,52.75,50.23,54.13
2021-11-18 00:00:00+00:00,102.8,102.79,0.0,26540.41,,,,4442.1,0.726,530172.0,,,1.423,0.73,70.26,50.07,50.06,49.79,52.88
2021-11-19 00:00:00+00:00,101.7,101.66,0.0,26248.81,,,,3334.7,0.726,530172.0,,,1.423,0.73,70.26,49.53,49.51,49.42,50.98
2021-11-22 00:00:00+00:00,108.6,108.62,0.0,28046.09,,,,6678.4,0.726,530172.0,,,1.423,0.73,70.26,52.9,52.89,49.38,53.53
2021-11-23 00:00:00+00:00,111.7,111.7,0.0,28841.35,,,,6431.4,0.726,530172.0,,,1.423,0.73,70.26,54.4,54.37,52.16,54.97
2021-11-24 00:00:00+00:00,110.8,110.82,0.0,28613.38,,,,6893.7,0.726,530172.0,,,1.423,0.73,70.26,53.97,53.96,53.57,57.88
2021-11-25 00:00:00+00:00,111.7,111.7,0.0,28841.35,,,,3677.8,0.726,530172.0,,,1.423,0.73,70.26,54.41,54.4,52.8,55.38
2021-11-26 00:00:00+00:00,106.4,106.39,0.0,27468.21,,,,4514.7,0.726,530172.0,,,1.423,0.73,70.26,51.95,51.81,51.63,54.66
2021-11-29 00:00:00+00:00,107.9,107.95,0.0,27871.14,,,,3084.9,0.726,530172.0,,,1.423,0.73,70.26,52.58,52.57,50.68,52.95
2021-11-30 00:00:00+00:00,112.0,111.99,0.0,28915.57,,,,4802.0,0.726,530172.0,,,1.423,0.73,70.26,54.55,54.54,52.9,56.0
2021-12-01 00:00:00+00:00,109.2,109.24,0.0,28205.14,,,,3706.9,0.726,530172.0,,,1.423,0.73,70.26,53.2,53.15,52.55,55.86
2021-12-02 00:00:00+00:00,106.6,106.63,0.0,27531.82,,,,3329.8,0.726,530172.0,,,1.423,0.73,70.26,51.93,51.91,50.81,53.4
2021-12-03 00:00:00+00:00,107.1,107.06,0.0,27643.16,,,,3630.4,0.726,530172.0,,,1.423,0.73,70.26,52.18,52.14,51.7,53.78
2021-12-06 00:00:00+00:00,102.9,102.85,0.0,26556.31,,,,3749.5,0.726,530172.0,,,1.423,0.73,70.26,50.1,50.09,49.66,52.0
2021-12-07 00:00:00+00:00,98.6,98.62,0.0,25464.16,,,,4288.6,0.726,530172.0,,,1.423,0.73,70.26,48.04,48.03,47.43,51.01
2021-12-08 00:00:00+00:00,100.8,100.82,0.0,26031.45,,,,2737.2,0.726,530172.0,,,1.423,0.73,70.26,49.1,49.06,48.0,49.78
2021-12-09 00:00:00+00:00,101.9,101.93,0.0,26317.73,,,,2360.3,0.726,530172.0,,,1.423,0.73,70.26,49.65,49.64,48.42,49.82
2021-12-10 00:00:00+00:00,102.3,102.26,0.0,26402.56,,,,1842.1,0.726,530172.0,,,1.423,0.73,70.26,49.81,49.8,49.3,50.98
2021-12-13 00:00:00+00:00,103.2,103.22,0.0,26651.75,,,,1634.7,0.726,530172.0,,,1.423,0.73,70.26,50.29,50.27,49.41,50.68
2021-12-14 00:00:00+00:00,105.3,105.26,0.0,27176.61,,,,1981.8,0.726,530172.0,,,1.423,0.73,70.26,51.26,51.25,49.52,51.49
2021-12-15 00:00:00+00:00,107.4,107.39,0.0,27727.99,,,,2994.8,0.726,530172.0,,,1.423,0.73,70.26,52.31,52.3,50.87,53.62
2021-12-16 00:00:00+00:00,108.4,108.36,0.0,27977.18,,,,3013.9,0.74,530172.0,,,1.444,0.74,69.27,52.77,52.61,51.88,53.46
2021-12-17 00:00:00+00:00,100.8,100.84,0.0,26036.75,,,,3598.8,0.74,530172.0,,,1.444,0.74,69.27,49.31,49.11,49.1,52.5
2021-12-20 00:00:00+00:00,98.2,98.19,0.0,25352.82,,,,2096.7,0.74,530172.0,,,1.444,0.74,69.27,47.85,47.82,47.74,49.9
2021-12-21 00:00:00+00:00,103.5,103.53,0.0,26731.27,,,,2449.6,0.74,530172.0,,,1.444,0.74,69.27,50.43,50.42,47.7,50.97
2021-12-22 00:00:00+00:00,109.0,108.97,0.0,28136.23,,,,3888.4,0.74,530172.0,,,1.444,0.74,69.27,53.07,53.06,50.2,53.31
2021-12-23 00:00:00+00:00,108.9,108.87,0.0,28109.72,,,,1780.4,0.74,530172.0,,,1.444,0.74,69.27,53.03,53.02,52.28,53.35
2021-12-24 00:00:00+00:00,103.0,103.0,0.0,26593.43,,,,2711.5,0.74,530172.0,,,1.444,0.74,69.27,50.16,50.15,49.8,53.1
2021-12-27 00:00:00+00:00,107.2,107.17,0.0,27669.67,,,,2781.2,0.74,530172.0,,,1.444,0.74,69.27,52.19,52.18,49.37,52.38
2021-12-28 00:00:00+00:00,105.0,105.03,0.0,27118.29,,,,2211.9,0.74,530172.0,,,1.444,0.74,69.27,51.18,51.15,50.89,52.47
2021-12-29 00:00:00+00:00,102.9,102.87,0.0,26561.62,,,,1893.9,0.74,530172.0,,,1.444,0.74,69.27,50.12,50.1,49.62,51.29
2021-12-30 00:00:00+00:00,104.7,104.72,0.0,27038.77,,,,3445.7,0.74,530172.0,,,1.444,0.74,69.27,51.05,51.0,49.68,52.29
2021-12-31 00:00:00+00:00,103.4,103.37,0.0,26688.85,,,,2213.8,0.74,530172.0,,,1.444,0.74,69.27,50.34,50.3,49.2,51.4
2022-01-03 00:00:00+00:00,103.4,103.37,0.0,26688.85,,,,,0.74,530172.0,,,1.444,0.74,69.27,,,,
2022-01-04 00:00:00+00:00,99.5,99.51,0.0,25692.14,,,,2450.3,0.74,530172.0,,,1.444,0.74,69.27,48.48,48.46,48.33,50.53
2022-01-05 00:00:00+00:00,93.3,93.31,0.0,24091.02,,,,3773.4,0.74,530172.0,,,1.444,0.74,69.27,45.44,45.42,45.25,48.75
2022-01-06 00:00:00+00:00,92.4,92.38,0.0,23852.44,,,,2500.3,0.74,530172.0,,,1.444,0.74,69.27,45.0,44.99,44.01,45.95
2022-01-07 00:00:00+00:00,89.5,89.53,0.0,23115.5,,,,2512.1,0.74,530172.0,,,1.444,0.74,69.27,43.6,43.58,43.0,45.45
2022-01-10 00:00:00+00:00,89.5,89.55,0.0,23120.8,,,,2357.3,0.74,530172.0,,,1.444,0.74,69.27,43.63,43.61,42.6,44.38
2022-01-11 00:00:00+00:00,88.0,87.97,0.0,22712.56,,,,2067.8,0.74,530172.0,,,1.444,0.74,69.27,42.84,42.83,42.69,44.3
2022-01-12 00:00:00+00:00,91.1,91.15,0.0,23534.33,,,,2487.3,0.74,530172.0,,,1.444,0.74,69.27,44.39,44.37,43.0,44.73
2022-01-13 00:00:00+00:00,90.6,90.64,0.0,23401.79,,,,1348.6,0.74,530172.0,,,1.444,0.74,69.27,44.14,44.13,43.7,44.66
2022-01-14 00:00:00+00:00,91.1,91.07,0.0,23513.13,,,,1442.9,0.74,530172.0,,,1.444,0.74,69.27,44.4,44.35,43.62,45.18
2022-01-17 00:00:00+00:00,93.3,93.29,0.0,24085.71,,,,1657.8,0.74,530172.0,,,1.444,0.74,69.27,45.43,45.42,44.02,45.48
2022-01-18 00:00:00+00:00,91.4,91.36,0.0,23587.35,,,,1926.7,0.74,530172.0,,,1.444,0.74,69.27,44.5,44.49,44.2,45.93
2022-01-19 00:00:00+00:00,88.3,88.28,0.0,22792.09,,,,2405.3,0.74,530172.0,,,1.444,0.74,69.27,43.0,42.99,42.5,45.0
2022-01-20 00:00:00+00:00,84.5,84.52,0.0,21821.88,,,,2837.7,0.754,530172.0,,,1.695,0.75,58.99,41.16,41.15,40.97,43.35
2022-01-21 00:00:00+00:00,83.0,82.98,0.0,21424.25,,,,3588.5,0.754,530172.0,,,1.695,0.75,58.99,40.42,40.41,39.9,41.58
2022-01-24 00:00:00+00:00,84.1,84.09,0.0,21710.54,,,,1235.6,0.754,530172.0,,,1.695,0.75,58.99,40.97,40.95,40.21,41.28
2022-01-25 00:00:00+00:00,84.0,84.02,0.0,21694.63,,,,1805.1,0.754,530172.0,,,1.695,0.75,58.99,40.92,40.72,39.8,41.54
2022-01-26 00:00:00+00:00,83.6,83.59,0.0,21583.3,,,,1785.3,0.754,530172.0,,,1.695,0.75,58.99,40.71,40.7,39.1,41.5
2022-01-27 00:00:00+00:00,80.6,80.62,0.0,20814.55,,,,1858.5,0.754,530172.0,,,1.695,0.75,58.99,39.26,39.2,39.08,41.12
2022-01-28 00:00:00+00:00,80.5,80.53,0.0,20793.34,,,,2587.4,0.754,530172.0,,,1.695,0.75,58.99,39.22,39.1,38.49,40.77
2022-01-31 00:00:00+00:00,80.5,80.53,0.0,20793.34,,,,,0.754,530172.0,,,1.695,0.75,58.99,,,,
2022-02-01 00:00:00+00:00,80.5,80.53,0.0,20793.34,,,,,0.754,530172.0,,,1.695,0.75,58.99,,,,
2022-02-02 00:00:00+00:00,80.5,80.53,0.0,20793.34,,,,,0.754,530172.0,,,1.695,0.75,58.99,,,,
2022-02-03 00:00:00+00:00,80.5,80.53,0.0,20793.34,,,,,0.754,530172.0,,,1.695,0.75,58.99,,,,
2022-02-04 00:00:00+00:00,80.5,80.53,0.0,20793.34,,,,,0.754,530172.0,,,1.695,0.75,58.99,,,,
2022-02-07 00:00:00+00:00,77.0,76.96,0.0,19870.84,,,,5971.7,0.754,530172.0,,,1.695,0.75,58.99,37.48,37.47,36.91,39.45
2022-02-08 00:00:00+00:00,79.4,79.45,0.0,20512.36,,,,4581.9,0.754,530172.0,,,1.695,0.75,58.99,38.75,38.69,37.11,39.28
2022-02-09 00:00:00+00:00,78.6,78.62,0.0,20300.28,,,,3378.4,0.754,530172.0,,,1.695,0.75,58.99,38.3,38.29,37.3,38.95
2022-02-10 00:00:00+00:00,77.1,77.06,0.0,19897.35,,,,3394.0,0.754,530172.0,,,1.695,0.75,58.99,37.54,37.53,37.21,39.14
2022-02-11 00:00:00+00:00,74.1,74.13,0.0,19139.21,,,,3537.7,0.754,530172.0,,,1.695,0.75,58.99,36.1,36.07,35.99,37.83
2022-02-14 00:00:00+00:00,74.6,74.6,0.0,19261.14,,,,1952.2,0.754,530172.0,,,1.695,0.75,58.99,36.33,36.3,35.0,37.0
2022-02-15 00:00:00+00:00,78.0,78.01,0.0,20141.23,,,,3364.4,0.754,530172.0,,,1.695,0.75,58.99,37.99,37.98,36.07,38.0
2022-02-16 00:00:00+00:00,78.5,78.46,0.0,20257.87,,,,2075.5,0.754,530172.0,,,1.695,0.75,58.99,38.21,38.13,37.81,38.77
2022-02-17 00:00:00+00:00,77.4,77.39,0.0,19982.18,,,,2650.2,0.765,530172.0,,,2.014,0.76,49.66,37.69,37.66,37.5,38.65
2022-02-18 00:00:00+00:00,77.1,77.13,0.0,19913.25,,,,2643.6,0.765,530172.0,,,2.014,0.76,49.66,37.56,37.54,36.85,37.59
2022-02-21 00:00:00+00:00,77.1,77.13,0.0,19913.25,,,,1695.7,0.765,530172.0,,,2.014,0.76,49.66,37.56,37.47,37.15,37.94
2022-02-22 00:00:00+00:00,76.6,76.57,0.0,19770.11,,,,2399.4,0.765,530172.0,,,2.014,0.76,49.66,37.3,37.29,36.34,37.97
2022-02-23 00:00:00+00:00,79.9,79.94,0.0,20639.59,,,,6612.3,0.765,530172.0,,,2.014,0.76,49.66,38.95,38.93,37.36,39.64
2022-02-24 00:00:00+00:00,80.9,80.88,0.0,20883.47,,,,7115.6,0.765,530172.0,,,2.014,0.76,49.66,39.4,39.39,38.51,40.35
2022-02-25 00:00:00+00:00,82.1,82.14,0.0,21206.88,,,,6246.3,0.765,530172.0,,,2.014,0.76,49.66,40.01,40.0,39.71,41.27
2022-02-28 00:00:00+00:00,83.7,83.68,0.0,21604.51,,,,4110.9,0.765,530172.0,,,2.014,0.76,49.66,40.77,40.75,39.78,41.48
2022-03-01 00:00:00+00:00,88.3,88.3,0.0,22797.39,,,,6652.5,0.765,530172.0,,,2.014,0.76,49.66,43.0,42.98,40.66,43.09
2022-03-02 00:00:00+00:00,89.1,89.12,0.0,23009.46,,,,4703.3,0.765,530172.0,,,2.014,0.76,49.66,43.43,43.4,41.88,44.01
2022-03-03 00:00:00+00:00,87.1,87.08,0.0,22484.59,,,,3905.9,0.765,530172.0,,,2.014,0.76,49.66,42.41,42.4,41.91,43.6
2022-03-04 00:00:00+00:00,86.3,86.3,0.0,22283.13,,,,3112.2,0.765,530172.0,,,2.014,0.76,49.66,42.03,42.02,41.46,43.21
2022-03-07 00:00:00+00:00,85.5,85.48,0.0,22071.06,,,,2653.6,0.765,530172.0,,,2.014,0.76,49.66,41.63,41.62,41.3,42.49
2022-03-08 00:00:00+00:00,85.6,85.63,0.0,22108.17,,,,6249.8,0.765,530172.0,,,2.014,0.76,49.66,41.7,41.69,41.07,42.99
2022-03-09 00:00:00+00:00,89.3,89.3,0.0,23057.18,,,,6671.9,0.765,530172.0,,,2.014,0.76,49.66,43.49,43.48,40.8,43.56
2022-03-10 00:00:00+00:00,90.6,90.55,0.0,23380.59,,,,6360.3,0.765,530172.0,,,2.014,0.76,49.66,44.11,44.1,43.85,45.49
2022-03-11 00:00:00+00:00,93.3,93.26,0.0,24080.41,,,,4760.5,0.765,530172.0,,,2.014,0.76,49.66,45.45,45.42,43.05,45.52
2022-03-14 00:00:00+00:00,92.8,92.83,0.0,23969.07,,,,5974.8,0.765,530172.0,,,2.014,0.76,49.66,45.23,45.21,43.88,47.78
2022-03-15 00:00:00+00:00,92.4,92.4,0.0,23857.73,,,,6139.5,0.765,530172.0,,,2.014,0.76,49.66,45.01,45.0,43.52,46.88
2022-03-16 00:00:00+00:00,93.6,93.59,0.0,24165.24,,,,7176.8,0.765,530172.0,,,2.014,0.76,49.66,45.58,45.57,41.9,45.91
2022-03-17 00:00:00+00:00,91.9,91.93,0.0,23735.8,,,,5398.8,0.823,530172.0,,,1.828,0.82,54.71,44.77,44.75,44.36,47.6
2022-03-18 00:00:00+00:00,92.4,92.44,0.0,23868.34,,,,3468.9,0.823,530172.0,,,1.828,0.82,54.71,45.02,45.01,43.12,45.4
2022-03-21 00:00:00+00:00,96.3,96.3,0.14,24865.06,,,,6019.3,0.823,530172.0,,,1.828,0.82,54.71,46.91,46.9,43.78,47.48
2022-03-22 00:00:00+00:00,95.7,95.71,0.14,24711.32,,,,2905.2,0.823,530172.0,,,1.828,0.82,54.71,46.62,46.61,45.83,47.5
2022-03-23 00:00:00+00:00,95.1,95.07,0.14,24546.96,,,,2986.6,0.823,530172.0,,,1.828,0.82,54.71,46.3,46.2,45.11,46.83
2022-03-24 00:00:00+00:00,93.1,93.14,0.14,24048.6,,,,2289.7,0.823,530172.0,,,1.828,0.82,54.71,45.36,45.35,45.22,46.58
2022-03-25 00:00:00+00:00,92.0,91.97,0.15,23746.4,,,,2554.0,0.823,530172.0,,,1.828,0.82,54.71,44.8,44.79,44.1,46.2
2022-03-28 00:00:00+00:00,92.6,92.65,0.14,23921.36,,,,2961.8,0.823,530172.0,,,1.828,0.82,54.71,45.15,45.12,42.98,45.38
2022-03-29 00:00:00+00:00,87.1,87.1,0.15,22489.89,,,,3024.6,0.823,530172.0,,,1.828,0.82,54.71,42.43,42.42,42.34,45.19
2022-03-30 00:00:00+00:00,92.5,92.53,0.14,23889.55,,,,3013.5,0.823,530172.0,,,1.828,0.82,54.71,45.06,45.05,42.5,45.29
2022-03-31 00:00:00+00:00,92.7,92.73,0.14,23942.57,,,,3939.9,0.823,530172.0,,,1.828,0.82,54.71,45.18,45.16,44.43,47.6
2022-04-01 00:00:00+00:00,108.4,108.42,0.12,27993.08,,,,14997.3,0.823,530172.0,,,1.828,0.82,54.71,52.81,52.8,48.2,54.19
2022-04-04 00:00:00+00:00,108.4,108.42,0.12,27993.08,,,,,0.823,530172.0,,,1.828,0.82,54.71,,,,
2022-04-05 00:00:00+00:00,108.4,108.42,0.12,27993.08,,,,,0.823,530172.0,,,1.828,0.82,54.71,,,,
2022-04-06 00:00:00+00:00,106.8,106.82,0.12,27579.55,,,,8924.7,0.823,530172.0,,,1.828,0.82,54.71,52.05,52.02,49.91,53.33
2022-04-07 00:00:00+00:00,102.9,102.87,0.13,26561.62,,,,3671.2,0.823,530172.0,,,1.828,0.82,54.71,50.14,50.1,50.0,51.87
2022-04-08 00:00:00+00:00,104.7,104.74,0.13,27044.07,,,,4364.2,0.823,530172.0,,,1.828,0.82,54.71,51.02,51.01,49.45,51.99
2022-04-11 00:00:00+00:00,99.9,99.9,0.13,25792.86,,,,3106.7,0.823,530172.0,,,1.828,0.82,54.71,48.66,48.65,47.92,50.35
2022-04-12 00:00:00+00:00,105.2,105.15,0.13,27150.11,,,,4850.4,0.823,530172.0,,,1.828,0.82,54.71,51.29,51.21,47.9,51.89
2022-04-13 00:00:00+00:00,100.2,100.21,0.13,25872.39,,,,2455.6,0.823,530172.0,,,1.828,0.82,54.71,48.81,48.8,48.8,51.47
2022-04-14 00:00:00+00:00,101.0,101.05,0.13,26089.77,,,,3824.3,1.0,530172.0,,,1.953,1.0,51.21,49.21,49.2,47.19,50.49
2022-04-15 00:00:00+00:00,100.1,100.1,0.13,25845.88,,,,2621.3,1.0,530172.0,,,1.953,1.0,51.21,48.82,48.75,47.3,50.78
2022-04-18 00:00:00+00:00,110.9,110.92,0.12,28639.89,,,,5421.8,1.0,530172.0,,,1.953,1.0,51.21,54.02,54.01,48.05,54.88
2022-04-19 00:00:00+00:00,115.5,115.54,0.12,29832.78,,,,5406.5,1.0,530172.0,,,1.953,1.0,51.21,56.27,56.25,52.0,56.38
2022-04-20 00:00:00+00:00,112.2,112.16,0.12,28957.99,,,,6582.4,1.0,530172.0,,,1.953,1.0,51.21,54.8,54.62,54.0,58.6
2022-04-21 00:00:00+00:00,110.1,110.06,0.12,28417.22,,,,3549.2,1.0,530172.0,,,1.953,1.0,51.21,53.6,53.58,53.02,55.93
2022-04-22 00:00:00+00:00,109.3,109.3,0.12,28221.05,,,,3781.1,1.0,530172.0,,,1.953,1.0,51.21,53.23,53.2,51.0,54.44
2022-04-25 00:00:00+00:00,103.5,103.49,0.13,26720.66,,,,3216.4,1.0,530172.0,,,1.953,1.0,51.21,50.42,50.4,50.25,52.95
2022-04-26 00:00:00+00:00,108.0,107.99,0.12,27881.74,,,,4499.1,1.0,530172.0,,,1.953,1.0,51.21,52.6,52.59,49.57,54.59
2022-04-27 00:00:00+00:00,117.6,117.62,0.11,30368.25,,,,4894.7,1.0,530172.0,,,1.953,1.0,51.21,57.29,57.28,50.66,58.98
2022-04-28 00:00:00+00:00,110.9,110.88,0.12,28629.29,,,,5185.5,1.0,530172.0,,,1.953,1.0,51.21,54.01,54.0,52.66,56.99
2022-04-29 00:00:00+00:00,114.0,114.05,0.12,29445.75,,,,3795.6,1.0,530172.0,,,1.953,1.0,51.21,55.54,55.52,52.9,56.43
2022-05-02 00:00:00+00:00,114.0,114.05,0.12,29445.75,,,,,1.0,530172.0,,,1.953,1.0,51.21,,,,
2022-05-03 00:00:00+00:00,114.0,114.05,0.12,29445.75,,,,,1.0,530172.0,,,1.953,1.0,51.21,,,,
2022-05-04 00:00:00+00:00,114.0,114.05,0.12,29445.75,,,,,1.0,530172.0,,,1.953,1.0,51.21,,,,
2022-05-05 00:00:00+00:00,118.9,118.89,0.11,30696.95,,,,4348.1,1.0,530172.0,,,1.953,1.0,51.21,57.9,57.88,54.81,59.88
2022-05-06 00:00:00+00:00,117.0,117.04,0.11,30219.8,,,,2773.5,1.0,530172.0,,,1.953,1.0,51.21,57.0,56.99,55.4,58.5
2022-05-09 00:00:00+00:00,111.7,111.75,0.12,28851.96,,,,3429.9,1.0,530172.0,,,1.953,1.0,51.21,54.44,54.42,54.14,57.27
2022-05-10 00:00:00+00:00,112.2,112.16,0.12,28957.99,,,,3987.8,1.0,530172.0,,,1.953,1.0,51.21,54.62,54.61,53.13,56.33
2022-05-11 00:00:00+00:00,106.1,106.1,0.13,27393.98,,,,8400.0,1.0,530172.0,,,1.953,1.0,51.21,51.68,51.67,51.5,56.31
2022-05-12 00:00:00+00:00,107.2,107.19,0.12,27674.97,,,,6391.0,1.0,530172.0,,,1.953,1.0,51.21,52.22,52.2,49.19,53.95
2022-05-13 00:00:00+00:00,109.9,109.9,0.12,28374.8,,,,3895.1,1.0,530172.0,,,1.953,1.0,51.21,53.55,53.52,51.8,54.1
2022-05-16 00:00:00+00:00,104.8,104.76,0.13,27049.38,,,,4950.8,1.0,530172.0,,,1.953,1.0,51.21,51.16,51.02,49.99,54.85
2022-05-17 00:00:00+00:00,110.9,110.88,0.12,28629.29,,,,5448.9,1.0,530172.0,,,1.953,1.0,51.21,54.0,53.99,50.56,55.0
2022-05-18 00:00:00+00:00,107.6,107.6,0.12,27781.0,,,,4323.1,1.0,530172.0,,,1.953,1.0,51.21,52.42,52.4,51.47,54.45
2022-05-19 00:00:00+00:00,107.1,107.1,0.12,27653.77,,,,4578.8,1.057,530172.0,,,1.957,1.06,51.1,52.19,52.16,50.93,52.97
2022-05-20 00:00:00+00:00,111.6,111.62,0.12,28820.15,,,,5915.7,1.057,530172.0,,,1.957,1.06,51.1,54.36,54.35,51.38,54.6
2022-05-23 00:00:00+00:00,115.0,114.97,0.12,29684.33,,,,4440.0,1.057,530172.0,,,1.957,1.06,51.1,56.0,55.99,53.58,56.95
2022-05-24 00:00:00+00:00,108.6,108.6,0.12,28040.79,,,,4784.7,1.057,530172.0,,,1.957,1.06,51.1,52.89,52.85,52.2,55.8
2022-05-25 00:00:00+00:00,108.0,107.97,0.12,27876.44,,,,3377.2,1.057,530172.0,,,1.957,1.06,51.1,52.67,52.58,51.7,53.5
2022-05-26 00:00:00+00:00,105.1,105.13,0.13,27144.8,,,,4170.7,1.057,530172.0,,,1.957,1.06,51.1,51.2,51.19,50.85,53.35
2022-05-27 00:00:00+00:00,103.2,103.18,0.13,26641.14,,,,3958.2,1.057,530172.0,,,1.957,1.06,51.1,50.26,50.25,49.66,52.16
2022-05-30 00:00:00+00:00,104.7,104.66,0.13,27022.86,,,,3143.6,1.057,530172.0,,,1.957,1.06,51.1,50.97,50.89,49.28,51.4
2022-05-31 00:00:00+00:00,105.3,105.32,0.13,27192.52,,,,4634.8,1.057,530172.0,,,1.957,1.06,51.1,51.29,51.28,48.5,51.66
2022-06-01 00:00:00+00:00,103.4,103.39,0.13,26694.16,,,,4185.5,1.057,530172.0,,,1.957,1.06,51.1,50.35,50.34,49.92,52.66
2022-06-02 00:00:00+00:00,107.7,107.72,0.12,27812.82,,,,5771.3,1.057,530172.0,,,1.957,1.06,51.1,52.46,52.45,49.78,52.75
2022-06-03 00:00:00+00:00,107.7,107.72,0.12,27812.82,,,,,1.057,530172.0,,,1.957,1.06,51.1,,,,
2022-06-06 00:00:00+00:00,117.5,117.49,0.11,30336.44,,,,9961.5,1.057,530172.0,,,1.957,1.06,51.1,57.22,57.2,53.0,58.46
2022-06-07 00:00:00+00:00,117.5,117.45,0.11,30325.83,,,,5552.8,1.057,530172.0,,,1.957,1.06,51.1,57.2,57.19,55.46,58.45
2022-06-08 00:00:00+00:00,117.4,117.39,0.11,30309.93,,,,4699.2,1.057,530172.0,,,1.957,1.06,51.1,57.18,57.17,55.4,58.21
2022-06-09 00:00:00+00:00,110.8,110.78,0.12,28602.78,,,,5185.3,1.057,530172.0,,,1.957,1.06,51.1,53.95,53.93,53.25,57.03
2022-06-10 00:00:00+00:00,113.0,113.04,0.12,29185.96,,,,6616.9,1.057,530172.0,,,1.957,1.06,51.1,55.05,55.04,52.85,55.43
2022-06-13 00:00:00+00:00,110.4,110.37,0.12,28496.74,,,,4778.0,1.057,530172.0,,,1.957,1.06,51.1,53.75,53.71,52.97,55.6
2022-06-14 00:00:00+00:00,105.1,105.13,0.13,27144.8,,,,6794.8,1.057,530172.0,,,1.957,1.06,51.1,51.2,51.18,49.25,53.2
2022-06-15 00:00:00+00:00,104.1,104.13,0.13,26885.02,,,,4294.5,1.057,530172.0,,,1.957,1.06,51.1,50.73,50.71,50.71,52.73
2022-06-16 00:00:00+00:00,105.6,105.65,0.13,27277.34,,,,3763.3,1.08,530172.0,,,2.109,1.08,47.41,51.47,51.45,50.41,53.1
2022-06-17 00:00:00+00:00,105.7,105.75,0.13,27303.86,,,,3866.4,1.08,530172.0,,,2.109,1.08,47.41,51.55,51.5,50.6,53.02
2022-06-20 00:00:00+00:00,105.7,105.69,0.13,27287.95,,,,4305.1,1.08,530172.0,,,2.109,1.08,47.41,51.47,51.46,50.21,52.52
2022-06-21 00:00:00+00:00,110.7,110.74,0.12,28592.17,,,,7387.1,1.08,530172.0,,,2.109,1.08,47.41,53.94,53.93,50.8,54.54
2022-06-22 00:00:00+00:00,116.9,116.94,0.11,30193.29,,,,10684.7,1.08,530172.0,,,2.109,1.08,47.41,56.96,56.95,53.28,58.17
2022-06-23 00:00:00+00:00,126.1,126.08,0.11,32552.55,,,,9942.1,1.08,530172.0,,,2.109,1.08,47.41,61.4,61.39,57.3,62.39
2022-06-24 00:00:00+00:00,127.8,127.76,0.1,32987.3,,,,7986.6,1.08,530172.0,,,2.109,1.08,47.41,62.22,62.21,61.0,63.6
2022-06-27 00:00:00+00:00,129.3,129.34,0.1,33395.54,,,,7416.5,1.08,530172.0,,,2.109,1.08,47.41,63.05,62.99,60.09,64.4
2022-06-28 00:00:00+00:00,134.2,134.19,0.1,34646.74,,,,5220.6,1.08,530172.0,,,2.109,1.08,47.41,65.35,65.34,62.9,66.38
2022-06-29 00:00:00+00:00,132.9,132.94,0.1,34323.33,,,,7946.7,1.08,530172.0,,,2.109,1.08,47.41,64.74,64.58,64.0,68.62
2022-06-30 00:00:00+00:00,133.9,133.86,0.1,34561.91,,,,4759.7,1.08,530172.0,,,2.109,1.08,47.41,65.19,65.01,63.59,66.8
2022-07-01 00:00:00+00:00,130.0,129.96,0.1,33554.58,,,,5363.4,1.08,530172.0,,,2.109,1.08,47.41,63.29,63.17,61.91,65.42
2022-07-04 00:00:00+00:00,131.4,131.36,0.1,33915.1,,,,4083.8,1.08,530172.0,,,2.109,1.08,47.41,64.0,63.97,60.58,64.16
2022-07-05 00:00:00+00:00,127.3,127.31,0.1,32870.66,,,,3473.7,1.08,530172.0,,,2.109,1.08,47.41,62.17,62.0,61.1,64.32
2022-07-06 00:00:00+00:00,134.8,134.8,0.1,34805.79,,,,6043.5,1.08,530172.0,,,2.109,1.08,47.41,65.66,65.65,60.28,67.4
2022-07-07 00:00:00+00:00,129.3,129.34,0.1,33395.54,,,,4156.3,1.08,530172.0,,,2.109,1.08,47.41,63.0,62.99,62.68,66.0
2022-07-08 00:00:00+00:00,127.7,127.68,0.1,32966.09,,,,3580.5,1.08,530172.0,,,2.109,1.08,47.41,62.18,62.15,61.38,63.85
2022-07-11 00:00:00+00:00,132.8,132.77,0.1,34280.92,,,,5512.6,1.08,530172.0,,,2.109,1.08,47.41,64.66,64.65,60.55,65.55
2022-07-12 00:00:00+00:00,131.5,131.46,0.1,33941.61,,,,7605.0,1.08,530172.0,,,2.109,1.08,47.41,64.1,64.02,63.49,68.0
2022-07-13 00:00:00+00:00,128.7,128.71,0.1,33231.17,,,,3413.1,1.08,530172.0,,,2.109,1.08,47.41,62.69,62.68,61.68,65.37
2022-07-14 00:00:00+00:00,132.3,132.28,0.1,34153.68,,,,3258.5,1.103,530172.0,,,1.723,1.1,58.02,64.44,64.42,62.02,66.9
2022-07-15 00:00:00+00:00,129.9,129.94,0.1,33549.28,,,,3929.6,1.103,530172.0,,,1.723,1.1,58.02,63.28,63.01,62.23,64.88
2022-07-18 00:00:00+00:00,123.5,123.53,0.11,31895.14,,,,7648.3,1.103,530172.0,,,1.723,1.1,58.02,60.16,60.15,57.01,63.37
2022-07-19 00:00:00+00:00,125.7,125.67,0.11,32446.52,,,,3894.9,1.103,530172.0,,,1.723,1.1,58.02,61.21,61.2,59.5,62.77
2022-07-20 00:00:00+00:00,122.9,122.9,0.11,31730.79,,,,2389.1,1.103,530172.0,,,1.723,1.1,58.02,59.85,59.84,59.74,62.6
2022-07-21 00:00:00+00:00,126.5,126.66,0.11,32669.19,,,,4165.3,1.103,530172.0,,,1.723,1.1,58.02,61.63,61.62,59.3,64.5
2022-07-22 00:00:00+00:00,122.1,122.26,0.11,31534.63,,,,3452.6,1.103,530172.0,,,1.723,1.1,58.02,59.49,59.48,58.88,62.58
2022-07-25 00:00:00+00:00,124.6,124.77,0.11,32181.43,,,,7463.3,1.103,530172.0,,,1.723,1.1,58.02,60.73,60.7,59.53,63.88
2022-07-26 00:00:00+00:00,120.9,121.07,0.11,31227.13,,,,5564.5,1.103,530172.0,,,1.723,1.1,58.02,58.9,58.87,57.73,62.59
2022-07-27 00:00:00+00:00,121.8,121.89,0.11,31439.2,,,,3949.1,1.103,530172.0,,,1.723,1.1,58.02,59.31,59.3,57.64,61.17
2022-07-28 00:00:00+00:00,120.0,120.11,0.11,30977.95,,,,4180.6,1.103,530172.0,,,1.723,1.1,58.02,58.43,58.42,58.18,60.75
2022-07-29 00:00:00+00:00,115.2,115.28,0.12,29732.04,,,,5781.7,1.103,530172.0,,,1.723,1.1,58.02,56.08,56.05,55.61,58.8
2022-08-01 00:00:00+00:00,119.1,119.2,0.11,30744.68,,,,4833.4,1.103,530172.0,,,1.723,1.1,58.02,57.99,57.89,54.08,58.53
2022-08-02 00:00:00+00:00,123.9,124.07,0.11,32001.18,,,,5292.8,1.103,530172.0,,,1.723,1.1,58.02,60.36,60.35,57.16,61.6
2022-08-03 00:00:00+00:00,129.0,129.09,0.1,33294.8,,,,6654.2,1.103,530172.0,,,1.723,1.1,58.02,62.82,62.8,59.0,63.85
2022-08-04 00:00:00+00:00,125.1,125.18,0.11,32287.47,,,,8018.9,1.103,530172.0,,,1.723,1.1,58.02,60.93,60.9,59.95,64.25
2022-08-05 00:00:00+00:00,129.9,130.08,0.1,33549.28,,,,12897.9,1.103,530172.0,,,1.723,1.1,58.02,63.28,63.27,60.69,63.5
2022-08-08 00:00:00+00:00,127.9,128.08,0.1,33035.02,,,,11638.3,1.103,530172.0,,,1.723,1.1,58.02,62.31,62.3,59.89,63.6
2022-08-09 00:00:00+00:00,125.2,125.31,0.11,32319.29,,,,8106.9,1.103,530172.0,,,1.723,1.1,58.02,60.96,60.95,59.2,61.98
2022-08-10 00:00:00+00:00,132.0,132.13,0.1,34079.45,,,,8910.7,1.103,530172.0,,,1.723,1.1,58.02,64.29,64.28,61.0,64.88
2022-08-11 00:00:00+00:00,136.9,137.06,0.1,35351.86,,,,8401.4,1.103,530172.0,,,1.723,1.1,58.02,66.9,66.68,63.61,68.0
2022-08-12 00:00:00+00:00,133.3,133.43,0.1,34413.46,,,,4892.9,1.103,530172.0,,,1.723,1.1,58.02,64.99,64.91,64.87,67.4
2022-08-15 00:00:00+00:00,131.7,131.88,0.1,34015.84,,,,4634.7,1.103,530172.0,,,1.723,1.1,58.02,64.21,64.16,63.0,65.68
2022-08-16 00:00:00+00:00,127.2,127.34,0.1,32844.15,,,,5746.2,1.103,530172.0,,,1.723,1.1,58.02,61.97,61.95,61.73,64.44
2022-08-17 00:00:00+00:00,128.3,128.43,0.1,33125.14,,,,4594.4,1.103,530172.0,,,1.723,1.1,58.02,62.49,62.48,60.21,63.3
2022-08-18 00:00:00+00:00,140.9,141.07,0.09,36385.7,,,,10598.9,1.267,530172.0,,,2.045,1.27,48.91,68.63,68.62,61.42,69.19
2022-08-19 00:00:00+00:00,136.3,136.49,0.1,35203.41,,,,6293.6,1.267,530172.0,,,2.045,1.27,48.91,66.4,66.38,65.78,70.0
2022-08-22 00:00:00+00:00,140.6,140.72,0.09,36295.57,,,,7266.5,1.267,530172.0,,,2.045,1.27,48.91,68.46,68.44,65.24,69.15
2022-08-23 00:00:00+00:00,152.6,152.73,0.09,39391.78,,,,9294.2,1.267,530172.0,,,2.045,1.27,48.91,74.3,74.29,68.02,76.75
2022-08-24 00:00:00+00:00,149.9,150.06,0.09,38702.55,,,,6142.5,1.267,530172.0,,,2.045,1.27,48.91,73.0,72.97,71.19,74.22
2022-08-25 00:00:00+00:00,142.6,142.8,0.09,36831.05,,,,6353.7,1.267,530172.0,,,2.045,1.27,48.91,69.49,69.47,68.68,73.15
2022-08-26 00:00:00+00:00,142.9,143.09,0.09,36905.27,,,,5474.1,1.267,530172.0,,,2.045,1.27,48.91,69.61,69.6,69.21,73.0
2022-08-29 00:00:00+00:00,150.4,150.55,0.09,38829.8,,,,6009.1,1.267,530172.0,,,2.045,1.27,48.91,73.25,73.24,68.51,73.75
2022-08-30 00:00:00+00:00,144.0,144.18,0.09,37186.26,,,,4762.2,1.267,530172.0,,,2.045,1.27,48.91,70.16,70.14,69.33,73.1
2022-08-31 00:00:00+00:00,143.7,143.89,0.09,37112.04,,,,5932.3,1.267,530172.0,,,2.045,1.27,48.91,70.01,70.0,66.3,71.09
2022-09-01 00:00:00+00:00,146.8,146.97,0.09,37907.3,,,,6394.0,1.267,530172.0,,,2.045,1.27,48.91,71.5,71.49,70.96,73.46
2022-09-02 00:00:00+00:00,152.1,152.28,0.09,39275.14,,,,8363.8,1.267,530172.0,,,2.045,1.27,48.91,74.08,74.07,69.5,76.0
2022-09-05 00:00:00+00:00,149.4,149.54,0.09,38570.01,,,,4888.9,1.267,530172.0,,,2.045,1.27,48.91,72.76,72.75,72.0,75.09
2022-09-06 00:00:00+00:00,150.2,150.36,0.09,38782.07,,,,2946.0,1.267,530172.0,,,2.045,1.27,48.91,73.19,73.15,71.7,73.97
2022-09-07 00:00:00+00:00,147.6,147.71,0.09,38098.16,,,,5190.6,1.267,530172.0,,,2.045,1.27,48.91,71.86,71.85,71.17,74.76
2022-09-08 00:00:00+00:00,160.8,160.99,0.08,41523.07,,,,10230.5,1.267,530172.0,,,2.045,1.27,48.91,78.37,78.32,71.13,79.49
2022-09-09 00:00:00+00:00,154.4,154.58,0.09,39868.93,,,,5845.0,1.267,530172.0,,,2.045,1.27,48.91,75.2,75.19,74.08,78.32
2022-09-12 00:00:00+00:00,154.4,154.58,0.09,39868.93,,,,,1.267,530172.0,,,2.045,1.27,48.91,,,,
2022-09-13 00:00:00+00:00,164.5,164.69,0.08,42477.38,,,,6585.7,1.267,530172.0,,,2.045,1.27,48.91,80.13,80.12,74.83,80.7
2022-09-14 00:00:00+00:00,167.0,167.2,0.08,43124.16,,,,4997.2,1.267,530172.0,,,2.045,1.27,48.91,81.34,81.31,78.3,84.98
2022-09-15 00:00:00+00:00,161.1,161.26,0.08,41591.99,,,,8039.5,1.342,530172.0,,,1.676,1.34,59.68,78.5,78.45,76.76,82.88
2022-09-16 00:00:00+00:00,166.0,166.19,0.08,42864.41,,,,6587.8,1.342,530172.0,,,1.676,1.34,59.68,80.85,80.79,77.03,80.85
2022-09-19 00:00:00+00:00,163.5,163.7,0.08,42222.89,,,,6921.5,1.342,530172.0,,,1.676,1.34,59.68,79.7,79.64,77.5,84.2
2022-09-20 00:00:00+00:00,163.4,163.54,0.08,42180.48,,,,3199.0,1.342,530172.0,,,1.676,1.34,59.68,79.56,79.55,77.88,80.78
2022-09-21 00:00:00+00:00,157.4,157.56,0.08,40637.68,,,,5419.8,1.342,530172.0,,,1.676,1.34,59.68,76.65,76.63,75.06,80.34
2022-09-22 00:00:00+00:00,164.4,164.59,0.08,42450.87,,,,5386.6,1.342,530172.0,,,1.676,1.34,59.68,80.08,80.07,76.0,81.78
2022-09-23 00:00:00+00:00,156.5,156.65,0.09,40404.41,,,,3515.3,1.342,530172.0,,,1.676,1.34,59.68,76.61,76.21,76.21,82.93
2022-09-26 00:00:00+00:00,157.8,157.97,0.08,40743.72,,,,3682.1,1.342,530172.0,,,1.676,1.34,59.68,76.86,76.85,75.5,78.5
2022-09-27 00:00:00+00:00,164.3,164.42,0.08,42408.46,,,,4876.6,1.342,530172.0,,,1.676,1.34,59.68,79.99,79.98,76.05,81.58
2022-09-28 00:00:00+00:00,156.4,156.59,0.09,40388.5,,,,3807.9,1.342,530172.0,,,1.676,1.34,59.68,76.29,76.18,76.0,80.0
2022-09-29 00:00:00+00:00,156.6,156.72,0.09,40420.31,,,,3237.3,1.342,530172.0,,,1.676,1.34,59.68,76.34,76.24,76.01,78.18
2022-09-30 00:00:00+00:00,154.5,154.7,0.09,39900.74,,,,3612.9,1.342,530172.0,,,1.676,1.34,59.68,75.26,75.25,73.0,76.8
2022-10-03 00:00:00+00:00,154.5,154.7,0.09,39900.74,,,,,1.342,530172.0,,,1.676,1.34,59.68,,,,
2022-10-04 00:00:00+00:00,154.5,154.7,0.09,39900.74,,,,,1.342,530172.0,,,1.676,1.34,59.68,,,,
2022-10-05 00:00:00+00:00,154.5,154.7,0.09,39900.74,,,,,1.342,530172.0,,,1.676,1.34,59.68,,,,
2022-10-06 00:00:00+00:00,154.5,154.7,0.09,39900.74,,,,,1.342,530172.0,,,1.676,1.34,59.68,,,,
2022-10-07 00:00:00+00:00,154.5,154.7,0.09,39900.74,,,,,1.342,530172.0,,,1.676,1.34,59.68,,,,
2022-10-10 00:00:00+00:00,145.5,145.64,0.09,37562.69,,,,8021.3,1.342,530172.0,,,1.676,1.34,59.68,70.86,70.85,66.8,75.26
2022-10-11 00:00:00+00:00,143.8,143.93,0.09,37122.64,,,,4693.4,1.342,530172.0,,,1.676,1.34,59.68,70.2,70.02,69.22,72.9
2022-10-12 00:00:00+00:00,155.1,155.21,0.09,40033.28,,,,5680.8,1.342,530172.0,,,1.676,1.34,59.68,75.52,75.51,69.18,76.18
2022-10-13 00:00:00+00:00,164.0,164.14,0.08,42334.23,,,,5377.4,1.342,530172.0,,,1.676,1.34,59.68,79.86,79.85,74.06,81.25
2022-10-14 00:00:00+00:00,166.9,167.12,0.08,43102.94,,,,4070.0,1.342,530172.0,,,1.676,1.34,59.68,81.31,81.3,78.9,81.56
2022-10-17 00:00:00+00:00,162.2,162.41,0.08,41888.88,,,,4872.1,1.342,530172.0,,,1.676,1.34,59.68,79.01,79.0,77.82,84.78
2022-10-18 00:00:00+00:00,173.0,173.18,0.08,44666.96,,,,5946.3,1.342,530172.0,,,1.676,1.34,59.68,84.25,84.24,79.28,86.39
2022-10-19 00:00:00+00:00,172.0,172.15,0.08,44401.87,,,,2623.1,1.342,530172.0,,,1.676,1.34,59.68,83.75,83.74,82.5,85.52
2022-10-20 00:00:00+00:00,174.8,175.03,0.08,45144.1,,,,3634.0,1.555,530172.0,,,1.846,1.56,54.18,85.15,85.14,81.69,88.0
2022-10-21 00:00:00+00:00,180.8,180.99,0.07,46681.62,,,,4438.4,1.555,530172.0,,,1.846,1.56,54.18,88.11,88.05,83.41,88.88
2022-10-24 00:00:00+00:00,201.2,201.44,0.07,51956.82,,,,5654.5,1.555,530172.0,,,1.846,1.56,54.18,98.01,98.0,88.63,98.99
2022-10-25 00:00:00+00:00,195.3,195.48,0.07,50419.34,,,,3904.7,1.555,530172.0,,,1.846,1.56,54.18,95.11,95.1,93.69,100.0
2022-10-26 00:00:00+00:00,200.5,200.68,0.07,51760.66,,,,4166.2,1.555,530172.0,,,1.846,1.56,54.18,97.65,97.63,92.03,99.54
2022-10-27 00:00:00+00:00,196.9,197.07,0.07,50827.55,,,,4912.3,1.555,530172.0,,,1.846,1.56,54.18,95.9,95.87,92.0,97.59
2022-10-28 00:00:00+00:00,194.6,194.78,0.07,50239.08,,,,3471.2,1.555,530172.0,,,1.846,1.56,54.18,94.81,94.76,94.4,99.85
2022-10-31 00:00:00+00:00,192.7,192.87,0.07,49746.0,,,,4451.2,1.555,530172.0,,,1.846,1.56,54.18,93.85,93.83,93.0,97.6
2022-11-01 00:00:00+00:00,184.6,184.79,0.07,47662.45,,,,10652.0,1.555,530172.0,,,1.846,1.56,54.18,89.9,89.4,85.83,94.5
2022-11-02 00:00:00+00:00,180.3,180.48,0.07,46549.07,,,,8299.9,1.555,530172.0,,,1.846,1.56,54.18,87.82,87.8,86.1,90.33
2022-11-03 00:00:00+00:00,181.7,181.88,0.07,46909.6,,,,6913.5,1.555,530172.0,,,1.846,1.56,54.18,88.48,88.47,86.56,90.3
2022-11-04 00:00:00+00:00,184.3,184.49,0.07,47582.9,,,,7532.9,1.555,530172.0,,,1.846,1.56,54.18,89.76,89.75,87.01,91.36
2022-11-07 00:00:00+00:00,168.5,168.66,0.08,43500.58,,,,12966.7,1.555,530172.0,,,1.846,1.56,54.18,82.09,82.05,81.16,90.81
2022-11-08 00:00:00+00:00,174.2,174.41,0.08,44985.05,,,,6299.5,1.555,530172.0,,,1.846,1.56,54.18,84.87,84.85,82.59,85.19
2022-11-09 00:00:00+00:00,177.0,177.19,0.08,45700.79,,,,5145.8,1.555,530172.0,,,1.846,1.56,54.18,86.2,86.19,85.5,88.68
2022-11-10 00:00:00+00:00,173.6,173.82,0.08,44831.33,,,,4248.8,1.555,530172.0,,,1.846,1.56,54.18,84.57,84.56,83.56,86.38
2022-11-11 00:00:00+00:00,173.1,173.24,0.08,44682.89,,,,4594.1,1.555,530172.0,,,1.846,1.56,54.18,84.38,84.28,83.67,87.17
2022-11-14 00:00:00+00:00,173.7,173.84,0.08,44836.62,,,,3890.2,1.555,530172.0,,,1.846,1.56,54.18,84.58,84.57,81.35,84.74
2022-11-15 00:00:00+00:00,168.7,168.93,0.08,43569.52,,,,8788.2,1.555,530172.0,,,1.846,1.56,54.18,82.19,82.18,82.1,87.48
2022-11-16 00:00:00+00:00,166.1,166.27,0.08,42885.61,,,,8226.6,1.555,530172.0,,,1.846,1.56,54.18,80.9,80.89,79.28,82.9
2022-11-17 00:00:00+00:00,168.8,168.99,0.08,43585.41,,,,7361.1,1.81,530172.0,,,2.202,1.81,45.4,82.22,82.21,77.43,82.68
2022-11-18 00:00:00+00:00,164.0,164.14,0.08,42334.23,,,,4653.7,1.81,530172.0,,,2.202,1.81,45.4,79.92,79.85,79.8,84.45
2022-11-21 00:00:00+00:00,163.5,163.64,0.08,42206.99,,,,4544.2,1.81,530172.0,,,2.202,1.81,45.4,79.61,79.58,78.98,80.8
2022-11-22 00:00:00+00:00,162.2,162.33,0.08,41867.68,,,,4031.1,1.81,530172.0,,,2.202,1.81,45.4,78.97,78.91,77.0,80.3
2022-11-23 00:00:00+00:00,171.0,171.23,0.08,44163.32,,,,9108.7,1.81,530172.0,,,2.202,1.81,45.4,83.3,83.2,77.31,84.61
2022-11-24 00:00:00+00:00,169.5,169.67,0.08,43760.35,,,,7004.9,1.81,530172.0,,,2.202,1.81,45.4,82.54,82.51,82.13,86.84
2022-11-25 00:00:00+00:00,161.0,161.16,0.08,41565.48,,,,7123.8,1.81,530172.0,,,2.202,1.81,45.4,78.5,78.4,78.15,83.0
2022-11-28 00:00:00+00:00,159.0,159.18,0.08,41056.52,,,,5491.9,1.81,530172.0,,,2.202,1.81,45.4,77.45,77.44,76.04,80.35
2022-11-29 00:00:00+00:00,152.7,152.87,0.09,39428.89,,,,7800.0,1.81,530172.0,,,2.202,1.81,45.4,74.48,74.37,74.06,76.97
2022-11-30 00:00:00+00:00,156.4,156.57,0.09,40383.2,,,,9713.6,1.81,530172.0,,,2.202,1.81,45.4,76.18,76.17,72.28,76.17
2022-12-01 00:00:00+00:00,158.5,158.69,0.08,40929.27,,,,9281.9,1.81,530172.0,,,2.202,1.81,45.4,77.24,77.2,74.14,78.21
2022-12-02 00:00:00+00:00,162.8,163.01,0.08,42042.64,,,,7300.0,1.81,530172.0,,,2.202,1.81,45.4,79.33,79.3,76.6,80.22
2022-12-05 00:00:00+00:00,152.4,152.52,0.09,39338.76,,,,7951.4,1.81,530172.0,,,2.202,1.81,45.4,74.23,74.2,73.5,79.52
2022-12-06 00:00:00+00:00,157.9,158.03,0.08,40759.62,,,,5756.3,1.81,530172.0,,,2.202,1.81,45.4,76.88,76.87,73.55,77.0
2022-12-07 00:00:00+00:00,154.8,154.93,0.09,39959.06,,,,4557.4,1.81,530172.0,,,2.202,1.81,45.4,75.37,75.34,74.6,76.78
2022-12-08 00:00:00+00:00,151.3,151.49,0.09,39073.67,,,,6096.0,1.81,530172.0,,,2.202,1.81,45.4,73.71,73.7,72.99,75.39
2022-12-09 00:00:00+00:00,158.1,158.28,0.08,40823.24,,,,13280.3,1.81,530172.0,,,2.202,1.81,45.4,77.0,76.34,72.86,77.0
2022-12-12 00:00:00+00:00,156.5,156.63,0.09,40399.1,,,,9726.5,1.81,530172.0,,,2.202,1.81,45.4,76.2,76.19,72.8,76.99
2022-12-13 00:00:00+00:00,156.4,156.61,0.09,40393.8,,,,4633.1,1.81,530172.0,,,2.202,1.81,45.4,76.19,76.17,75.01,77.39
2022-12-14 00:00:00+00:00,154.6,154.8,0.09,39927.25,,,,6416.8,1.81,530172.0,,,2.202,1.81,45.4,75.31,75.29,74.5,79.18
2022-12-15 00:00:00+00:00,153.2,153.34,0.09,39550.83,,,,3238.6,1.85,530172.0,,,2.428,1.85,41.18,74.61,74.6,74.21,76.2
2022-12-16 00:00:00+00:00,147.6,147.79,0.09,38119.36,,,,4826.2,1.85,530172.0,,,2.428,1.85,41.18,71.9,71.89,71.3,74.58
2022-12-19 00:00:00+00:00,144.3,144.48,0.09,37265.78,,,,4908.9,1.85,530172.0,,,2.428,1.85,41.18,70.29,70.27,70.04,73.34
2022-12-20 00:00:00+00:00,146.2,146.33,0.09,37742.94,,,,4354.4,1.85,530172.0,,,2.428,1.85,41.18,71.19,71.16,70.15,72.14
2022-12-21 00:00:00+00:00,142.1,142.2,0.09,36826.34,,,,4032.5,1.85,532327.0,,,2.428,1.85,41.18,69.19,69.18,68.29,70.65
2022-12-22 00:00:00+00:00,139.2,139.35,0.1,36086.41,,,,2522.8,1.85,532327.0,,,2.428,1.85,41.18,67.8,67.79,67.69,69.43
2022-12-23 00:00:00+00:00,134.1,134.27,0.1,34771.57,,,,4557.1,1.85,532327.0,,,2.428,1.85,41.18,65.32,65.28,64.82,67.74
2022-12-26 00:00:00+00:00,137.2,137.33,0.1,35564.73,,,,4469.9,1.85,532327.0,,,2.428,1.85,41.18,66.82,66.81,64.71,68.0
2022-12-27 00:00:00+00:00,145.3,145.43,0.09,37662.1,,,,9388.8,1.85,532327.0,,,2.428,1.85,41.18,70.78,70.75,64.8,71.77
2022-12-28 00:00:00+00:00,145.7,145.9,0.09,37784.53,,,,7076.2,1.85,532327.0,,,2.428,1.85,41.18,70.98,70.97,69.95,73.09
2022-12-29 00:00:00+00:00,145.8,145.99,0.09,37805.83,,,,5470.1,1.85,532327.0,,,2.428,1.85,41.18,71.03,71.02,69.69,72.36
2022-12-30 00:00:00+00:00,143.3,143.5,0.09,37161.71,,,,4074.1,1.85,532327.0,,,2.428,1.85,41.18,69.82,69.81,69.55,71.69
2023-01-02 00:00:00+00:00,143.3,143.5,0.09,37161.71,,,,,1.85,532327.0,,,2.428,1.85,41.18,,,,
2023-01-03 00:00:00+00:00,154.8,154.97,0.09,40132.1,,,,9127.7,1.85,532327.0,,,2.428,1.85,41.18,75.39,75.37,69.39,76.18
2023-01-04 00:00:00+00:00,153.0,153.2,0.09,39674.29,,,,4391.4,1.85,532327.0,,,2.428,1.85,41.18,74.54,74.53,73.75,75.96
2023-01-05 00:00:00+00:00,152.4,152.56,0.09,39509.27,,,,3952.5,1.85,532327.0,,,2.428,1.85,41.18,74.22,74.21,72.8,75.22
2023-01-06 00:00:00+00:00,152.4,152.56,0.09,39509.27,,,,3980.8,1.85,532327.0,,,2.428,1.85,41.18,74.23,74.22,73.35,75.47
2023-01-09 00:00:00+00:00,150.8,150.98,0.09,39099.38,,,,3945.6,1.85,532327.0,,,2.428,1.85,41.18,73.48,73.45,72.91,75.8
2023-01-10 00:00:00+00:00,149.5,149.71,0.09,38769.34,,,,4436.3,1.85,532327.0,,,2.428,1.85,41.18,72.83,72.8,72.13,74.3
2023-01-11 00:00:00+00:00,134.6,134.74,0.1,34894.0,,,,15179.7,1.85,532327.0,,,2.428,1.85,41.18,65.57,65.55,65.0,73.44
2023-01-12 00:00:00+00:00,133.4,133.55,0.1,34585.25,,,,8190.9,1.85,532327.0,,,2.428,1.85,41.18,64.99,64.97,63.09,66.02
2023-01-13 00:00:00+00:00,131.3,131.41,0.1,34031.63,,,,7195.6,1.85,532327.0,,,2.428,1.85,41.18,63.93,63.92,63.01,65.2
2023-01-16 00:00:00+00:00,130.0,130.18,0.1,33712.24,,,,8139.4,1.85,532327.0,,,2.428,1.85,41.18,63.35,63.33,63.19,64.85
2023-01-17 00:00:00+00:00,136.6,136.71,0.1,35405.04,,,,9820.6,1.85,532327.0,,,2.428,1.85,41.18,66.51,66.5,62.91,67.03
2023-01-18 00:00:00+00:00,137.8,137.91,0.1,35713.79,,,,4697.4,1.85,532327.0,,,2.428,1.85,41.18,67.1,67.09,65.37,67.91
2023-01-19 00:00:00+00:00,141.1,141.3,0.09,36592.13,,,,4788.4,1.889,532327.0,,,2.84,1.89,35.21,68.74,68.72,66.11,68.8
2023-01-20 00:00:00+00:00,141.7,141.83,0.09,36730.53,,,,5692.0,1.889,532327.0,,,2.84,1.89,35.21,69.0,68.99,67.19,70.99
2023-01-23 00:00:00+00:00,141.7,141.83,0.09,36730.53,,,,,1.889,532327.0,,,2.84,1.89,35.21,,,,
2023-01-24 00:00:00+00:00,141.7,141.83,0.09,36730.53,,,,,1.889,532327.0,,,2.84,1.89,35.21,,,,
2023-01-25 00:00:00+00:00,141.7,141.83,0.09,36730.53,,,,,1.889,532327.0,,,2.84,1.89,35.21,,,,
2023-01-26 00:00:00+00:00,141.7,141.83,0.09,36730.53,,,,,1.889,532327.0,,,2.84,1.89,35.21,,,,
2023-01-27 00:00:00+00:00,141.7,141.83,0.09,36730.53,,,,,1.889,532327.0,,,2.84,1.89,35.21,,,,
2023-01-30 00:00:00+00:00,142.9,143.07,0.09,37049.93,,,,6740.6,1.889,532327.0,,,2.84,1.89,35.21,69.6,69.59,68.0,70.1
2023-01-31 00:00:00+00:00,139.1,139.28,0.1,36070.44,,,,5208.1,1.889,532327.0,,,2.84,1.89,35.21,67.76,67.75,67.48,69.99
2023-02-01 00:00:00+00:00,143.1,143.25,0.09,37097.84,,,,5652.0,1.889,532327.0,,,2.84,1.89,35.21,69.7,69.69,68.01,70.28
2023-02-02 00:00:00+00:00,144.8,144.98,0.09,37544.99,,,,6188.9,1.889,532327.0,,,2.84,1.89,35.21,70.53,70.52,69.81,71.55
2023-02-03 00:00:00+00:00,144.0,144.18,0.09,37337.38,,,,5412.2,1.889,532327.0,,,2.84,1.89,35.21,70.15,70.14,68.46,70.56
2023-02-06 00:00:00+00:00,141.5,141.69,0.09,36693.26,,,,3559.2,1.889,532327.0,,,2.84,1.89,35.21,68.94,68.93,68.3,70.6
2023-02-07 00:00:00+00:00,139.6,139.78,0.1,36198.2,,,,3766.7,1.889,532327.0,,,2.84,1.89,35.21,68.07,68.0,67.21,69.44
2023-02-08 00:00:00+00:00,140.2,140.37,0.1,36352.57,,,,4045.5,1.889,532327.0,,,2.84,1.89,35.21,68.3,68.29,67.92,70.28
2023-02-09 00:00:00+00:00,149.5,149.71,0.09,38769.34,,,,8372.4,1.889,532327.0,,,2.84,1.89,35.21,72.83,72.8,67.01,72.86
2023-02-10 00:00:00+00:00,146.8,146.97,0.09,38061.35,,,,10250.5,1.889,532327.0,,,2.84,1.89,35.21,71.52,71.5,70.5,75.25
2023-02-13 00:00:00+00:00,147.1,147.28,0.09,38141.19,,,,8900.4,1.889,532327.0,,,2.84,1.89,35.21,71.66,71.65,70.87,74.13
2023-02-14 00:00:00+00:00,142.3,142.47,0.09,36895.55,,,,8164.2,1.889,532327.0,,,2.84,1.89,35.21,69.33,69.31,68.9,72.16
2023-02-15 00:00:00+00:00,143.4,143.58,0.09,37183.01,,,,7251.5,1.889,532327.0,,,2.84,1.89,35.21,69.85,69.83,67.99,70.69
2023-02-16 00:00:00+00:00,138.8,138.96,0.1,35985.28,,,,8203.4,1.937,532327.0,,,2.794,1.94,35.79,67.6,67.58,67.13,71.29
2023-02-17 00:00:00+00:00,133.3,133.41,0.1,34547.99,,,,8690.1,1.937,532327.0,,,2.794,1.94,35.79,64.9,64.89,64.44,67.35
2023-02-20 00:00:00+00:00,132.2,132.32,0.1,34265.86,,,,7161.2,1.937,532327.0,,,2.794,1.94,35.79,64.4,64.37,63.84,65.29
2023-02-21 00:00:00+00:00,135.1,135.28,0.1,35032.41,,,,5920.1,1.937,532327.0,,,2.794,1.94,35.79,65.81,65.8,64.5,66.78
2023-02-22 00:00:00+00:00,141.9,142.04,0.09,36783.77,,,,13083.7,1.937,532327.0,,,2.794,1.94,35.79,69.1,69.09,64.5,69.99
2023-02-23 00:00:00+00:00,141.7,141.85,0.09,36735.85,,,,5800.0,1.937,532327.0,,,2.794,1.94,35.79,69.01,68.91,67.33,69.34
2023-02-24 00:00:00+00:00,144.3,144.42,0.09,37401.26,,,,8696.8,1.937,532327.0,,,2.794,1.94,35.79,70.26,70.21,68.83,71.29
2023-02-27 00:00:00+00:00,149.0,149.19,0.09,38636.26,,,,15225.8,1.937,532327.0,,,2.794,1.94,35.79,72.58,72.54,70.0,74.77
2023-02-28 00:00:00+00:00,147.8,147.94,0.09,38311.54,,,,9173.5,1.937,532327.0,,,2.794,1.94,35.79,71.99,71.97,70.56,73.0
2023-03-01 00:00:00+00:00,148.2,148.35,0.09,38418.0,,,,5582.3,1.937,532327.0,,,2.794,1.94,35.79,72.18,72.17,71.33,72.44
2023-03-02 00:00:00+00:00,145.0,145.18,0.09,37598.22,,,,4747.2,1.937,532327.0,,,2.794,1.94,35.79,70.66,70.63,70.55,72.62
2023-03-03 00:00:00+00:00,149.2,149.34,0.09,38673.52,,,,6926.9,1.937,532327.0,,,2.794,1.94,35.79,72.65,72.64,71.38,73.0
2023-03-06 00:00:00+00:00,158.1,158.26,0.08,40983.82,,,,12536.6,1.937,532327.0,,,2.794,1.94,35.79,76.99,76.96,72.3,78.2
2023-03-07 00:00:00+00:00,153.7,153.9,0.09,39855.29,,,,7555.6,1.937,532327.0,,,2.794,1.94,35.79,74.88,74.87,74.53,76.82
2023-03-08 00:00:00+00:00,152.3,152.44,0.09,39477.34,,,,7179.7,1.937,532327.0,,,2.794,1.94,35.79,74.17,74.16,73.5,75.45
2023-03-09 00:00:00+00:00,151.4,151.6,0.09,39259.08,,,,7449.0,1.937,532327.0,,,2.794,1.94,35.79,73.75,73.74,73.0,74.58
2023-03-10 00:00:00+00:00,144.6,144.75,0.09,37486.43,,,,11273.0,1.937,532327.0,,,2.794,1.94,35.79,70.42,70.41,70.42,73.5
2023-03-13 00:00:00+00:00,147.2,147.32,0.09,38151.84,,,,9917.3,1.937,532327.0,,,2.794,1.94,35.79,71.7,71.67,70.68,73.16
2023-03-14 00:00:00+00:00,149.4,149.56,0.09,38732.07,,,,8016.4,1.937,532327.0,,,2.794,1.94,35.79,72.76,72.75,70.6,73.32
2023-03-15 00:00:00+00:00,145.3,145.47,0.09,37672.75,,,,7428.5,1.937,532327.0,,,2.794,1.94,35.79,70.95,70.77,70.67,74.27
2023-03-16 00:00:00+00:00,145.1,145.22,0.09,37608.87,,,,5135.9,1.975,532327.0,,,2.714,1.97,36.84,70.65,70.55,69.97,72.09
2023-03-17 00:00:00+00:00,146.4,146.58,0.09,37960.2,,,,5734.7,1.975,532327.0,,,2.714,1.97,36.84,71.44,71.31,69.88,72.61
2023-03-20 00:00:00+00:00,141.5,141.63,0.09,36677.29,,,,7552.9,1.975,532327.0,,,2.714,1.97,36.84,68.91,68.9,68.7,71.78
2023-03-21 00:00:00+00:00,142.5,142.68,0.09,36948.79,,,,4426.1,1.975,532327.0,,,2.714,1.97,36.84,69.45,69.41,67.9,70.11
2023-03-22 00:00:00+00:00,132.6,132.79,0.1,34388.3,,,,15312.8,1.975,532327.0,,,2.714,1.97,36.84,64.6,64.59,64.33,68.97
2023-03-23 00:00:00+00:00,149.9,150.01,0.09,38849.19,,,,21684.0,1.975,532327.0,,,2.714,1.97,36.84,72.98,72.97,63.51,73.66
2023-03-24 00:00:00+00:00,145.8,145.94,0.09,37795.18,,,,14749.7,1.975,532327.0,,,2.714,1.97,36.84,71.0,70.99,70.55,73.41
2023-03-27 00:00:00+00:00,138.1,138.26,0.1,35804.28,,,,16754.9,1.975,532327.0,,,2.714,1.97,36.84,67.27,67.26,66.67,72.63
2023-03-28 00:00:00+00:00,132.7,132.85,0.1,34404.27,,,,14784.6,1.975,532327.0,,,2.714,1.97,36.84,64.63,64.62,63.8,67.34
2023-03-29 00:00:00+00:00,133.8,133.96,0.1,34691.72,,,,10606.3,1.975,532327.0,,,2.714,1.97,36.84,65.17,65.16,63.2,66.85
2023-03-30 00:00:00+00:00,137.0,137.19,0.1,35527.47,,,,11810.8,1.975,532327.0,,,2.714,1.97,36.84,66.75,66.74,64.88,68.49
2023-03-31 00:00:00+00:00,134.4,134.56,0.1,34846.1,,,,12599.1,1.975,532327.0,,,2.714,1.97,36.84,65.47,65.46,65.04,69.44
2023-04-03 00:00:00+00:00,135.3,135.42,0.1,35069.67,,,,12745.9,1.975,532327.0,,,2.714,1.97,36.84,65.88,65.87,64.87,67.28
2023-04-04 00:00:00+00:00,137.3,137.43,0.1,35591.35,,,,16148.5,1.975,532327.0,,,2.714,1.97,36.84,66.86,66.85,66.0,68.81
2023-04-05 00:00:00+00:00,137.3,137.43,0.1,35591.35,,,,,1.975,532327.0,,,2.714,1.97,36.84,,,,
2023-04-06 00:00:00+00:00,144.6,144.73,0.09,37481.11,,,,23561.6,1.975,532327.0,,,2.714,1.97,36.84,70.41,70.4,65.2,72.49
2023-04-07 00:00:00+00:00,154.2,154.39,0.09,39983.05,,,,21198.6,1.975,532327.0,,,2.714,1.97,36.84,75.12,75.11,69.63,75.96
2023-04-10 00:00:00+00:00,145.3,145.41,0.09,37656.78,,,,20493.8,1.975,532327.0,,,2.714,1.97,36.84,70.78,70.74,70.22,75.89
2023-04-11 00:00:00+00:00,143.3,143.46,0.09,37151.06,,,,12684.2,1.975,532327.0,,,2.714,1.97,36.84,69.79,69.78,68.5,71.5
2023-04-12 00:00:00+00:00,142.4,142.51,0.09,36906.2,,,,12599.0,1.975,532327.0,,,2.714,1.97,36.84,69.34,69.33,68.5,70.64
2023-04-13 00:00:00+00:00,135.0,135.13,0.1,34995.15,,,,14013.0,1.975,532327.0,,,2.714,1.97,36.84,65.75,65.74,65.31,69.47
2023-04-14 00:00:00+00:00,137.5,137.68,0.1,35655.23,,,,12000.3,1.975,532327.0,,,2.714,1.97,36.84,66.99,66.98,64.43,67.35
2023-04-17 00:00:00+00:00,136.9,137.02,0.1,35484.89,,,,6870.7,1.975,532327.0,,,2.714,1.97,36.84,66.66,66.65,66.11,67.66
2023-04-18 00:00:00+00:00,133.5,133.61,0.1,34601.22,,,,8582.8,1.975,532327.0,,,2.714,1.97,36.84,65.01,65.0,64.3,66.7
2023-04-19 00:00:00+00:00,131.3,131.45,0.1,34042.28,,,,10924.0,1.975,532327.0,,,2.714,1.97,36.84,63.96,63.95,63.88,65.5
2023-04-20 00:00:00+00:00,121.3,121.4,0.11,31439.2,,,,21510.0,2.033,532327.0,,,3.128,2.03,31.97,59.06,59.05,58.4,63.98
2023-04-21 00:00:00+00:00,117.0,117.17,0.11,30342.61,,,,10750.3,2.033,532327.0,,,3.128,2.03,31.97,57.0,56.99,56.95,59.79
2023-04-24 00:00:00+00:00,115.0,115.15,0.12,29820.93,,,,9757.5,2.033,532327.0,,,3.128,2.03,31.97,56.03,56.02,55.53,58.3
2023-04-25 00:00:00+00:00,111.4,111.53,0.12,28884.03,,,,7695.5,2.033,532327.0,,,3.128,2.03,31.97,54.26,54.25,53.56,56.44
2023-04-26 00:00:00+00:00,111.6,111.72,0.12,28931.95,,,,6088.9,2.033,532327.0,,,3.128,2.03,31.97,54.35,54.33,53.03,54.77
2023-04-27 00:00:00+00:00,114.3,114.43,0.12,29634.61,,,,6176.8,2.033,532327.0,,,3.128,2.03,31.97,55.67,55.64,54.11,55.97
2023-04-28 00:00:00+00:00,113.2,113.36,0.12,29357.8,,,,6809.3,2.033,532327.0,,,3.128,2.03,31.97,55.15,55.14,53.91,55.96
2023-05-01 00:00:00+00:00,113.2,113.36,0.12,29357.8,,,,,2.033,532327.0,,,3.128,2.03,31.97,,,,
2023-05-02 00:00:00+00:00,113.2,113.36,0.12,29357.8,,,,,2.033,532327.0,,,3.128,2.03,31.97,,,,
2023-05-03 00:00:00+00:00,113.2,113.36,0.12,29357.8,,,,,2.033,532327.0,,,3.128,2.03,31.97,,,,
2023-05-04 00:00:00+00:00,110.1,110.18,0.12,28532.7,,,,5787.0,2.033,532327.0,,,3.128,2.03,31.97,53.6,53.58,53.44,55.5
2023-05-05 00:00:00+00:00,108.9,109.05,0.12,28239.92,,,,4264.6,2.033,532327.0,,,3.128,2.03,31.97,53.06,53.05,52.75,54.24
2023-05-08 00:00:00+00:00,107.2,107.3,0.12,27787.44,,,,6079.2,2.033,532327.0,,,3.128,2.03,31.97,52.2,52.19,51.76,53.43
2023-05-09 00:00:00+00:00,106.0,106.07,0.13,27468.05,,,,5357.8,2.033,532327.0,,,3.128,2.03,31.97,51.61,51.6,51.37,52.66
2023-05-10 00:00:00+00:00,105.6,105.76,0.13,27388.2,,,,3669.9,2.033,532327.0,,,3.128,2.03,31.97,51.47,51.45,50.93,51.95
2023-05-11 00:00:00+00:00,106.7,106.77,0.13,27649.04,,,,3500.2,2.033,532327.0,,,3.128,2.03,31.97,51.94,51.93,51.5,52.41
2023-05-12 00:00:00+00:00,106.8,106.89,0.12,27680.98,,,,4466.6,2.033,532327.0,,,3.128,2.03,31.97,52.01,52.0,51.88,53.37
2023-05-15 00:00:00+00:00,110.2,110.3,0.12,28564.64,,,,3594.4,2.033,532327.0,,,3.128,2.03,31.97,53.67,53.66,51.81,53.68
2023-05-16 00:00:00+00:00,111.5,111.62,0.12,28905.33,,,,3920.9,2.033,532327.0,,,3.128,2.03,31.97,54.33,54.3,53.18,54.59
2023-05-17 00:00:00+00:00,114.3,114.43,0.12,29634.61,,,,5241.7,2.033,532327.0,,,3.128,2.03,31.97,55.67,55.64,54.02,55.76
2023-05-18 00:00:00+00:00,111.5,111.58,0.12,28894.68,,,,4657.5,1.894,532327.0,,,3.488,1.89,28.67,54.28,54.27,53.96,56.08
2023-05-19 00:00:00+00:00,113.4,113.55,0.12,29405.72,,,,4275.8,1.894,532327.0,,,3.488,1.89,28.67,55.24,55.23,54.1,55.55
2023-05-22 00:00:00+00:00,112.2,112.32,0.12,29086.32,,,,2651.2,1.894,532327.0,,,3.488,1.89,28.67,54.67,54.64,54.46,55.79
2023-05-23 00:00:00+00:00,111.9,112.03,0.12,29011.79,,,,4182.4,1.894,532327.0,,,3.488,1.89,28.67,54.57,54.5,54.3,55.93
2023-05-24 00:00:00+00:00,111.1,111.27,0.12,28814.84,,,,5228.1,1.894,532327.0,,,3.488,1.89,28.67,54.13,54.12,53.0,54.85
2023-05-25 00:00:00+00:00,114.4,114.51,0.12,29655.91,,,,4940.9,1.894,532327.0,,,3.488,1.89,28.67,55.71,55.7,54.13,55.84
2023-05-26 00:00:00+00:00,117.3,117.43,0.11,30411.82,,,,5490.9,1.894,532327.0,,,3.488,1.89,28.67,57.13,57.12,55.21,57.74
2023-05-29 00:00:00+00:00,116.6,116.71,0.11,30225.5,,,,4978.4,1.894,532327.0,,,3.488,1.89,28.67,56.79,56.78,56.71,58.13
2023-05-30 00:00:00+00:00,118.4,118.5,0.11,30688.62,,,,4163.8,1.894,532327.0,,,3.488,1.89,28.67,57.65,57.61,55.8,57.91
2023-05-31 00:00:00+00:00,117.2,117.33,0.11,30385.2,,,,3158.9,1.894,532327.0,,,3.488,1.89,28.67,57.18,57.08,56.93,58.0
2023-06-01 00:00:00+00:00,115.6,115.73,0.12,29969.98,,,,3635.4,1.889,532327.0,,,3.356,1.89,29.8,56.31,56.3,55.85,57.08
2023-06-02 00:00:00+00:00,117.5,117.58,0.11,30449.07,,,,2948.9,1.889,532327.0,,,3.356,1.89,29.8,57.21,57.2,56.22,57.74
2023-06-05 00:00:00+00:00,,,,,,,,,,,,,,1.89,29.8,56.21,56.2,56.1,57.94
