,0,1,2,3,4,5,6,7,8,9,10,11,12,13,14,15,16,17,18
Name,ZHUZHOU CRRC TIMES (SSC) ELECTRIC 'A' - PRICE INDEX,ZHUZHOU CRRC TIMES (SSC) ELECTRIC 'A' - TOT RETURN IND,ZHUZHOU CRRC TIMES (SSC) ELECTRIC 'A' - DIVIDEND YIELD,ZHUZHOU CRRC TIMES (SSC) ELECTRIC 'A' - MARKET VALUE,#ERROR,#ERROR,#ERROR,ZHUZHOU CRRC TIMES (SSC) ELECTRIC 'A' - TURNOVER BY VOLUME,ZHUZHOU CRRC TIMES (SSC) ELECTRIC 'A' - 12MTH FORWARD EPS,ZHUZHOU CRRC TIMES (SSC) ELECTRIC 'A' - NUMBER OF SHARES,#ERROR,#ERROR,ZHUZHOU CRRC TIMES (SSC) ELECTRIC 'A' - 12 MONTH FORWARD EARN. YIELD,ZHUZHOU CRRC TIMES (SSC) ELECTRIC 'A' - EPS 12M FWD,ZHUZHOU CRRC TIMES (SSC) ELECTRIC 'A' - PE RATIO 12M FWD,ZHUZHOU CRRC TIMES (SSC) ELECTRIC 'A' - ASK PRICE,ZHUZHOU CRRC TIMES (SSC) ELECTRIC 'A' - BID PRICE,ZHUZHOU CRRC TIMES (SSC) ELECTRIC 'A' - PRICE LOW,ZHUZHOU CRRC TIMES (SSC) ELECTRIC 'A' - PRICE HIGH
MNEM,CN:ZC1H,CN:ZC1H,CN:ZC1H,CN:ZC1H,CN:ZC1H,CN:ZC1H,CN:ZC1H,CN:ZC1H,CN:ZC1H,CN:ZC1H,CN:ZC1H,CN:ZC1H,CN:ZC1H,CN:ZC1H,CN:ZC1H,CN:ZC1H,CN:ZC1H,CN:ZC1H,CN:ZC1H
DATATYPE,PI,RI,DY,MV,PE,EPS,PTBV,VO,EPS1FD12,NOSH,WC01001,APC,529E,DIEP,DIPE,PA,PB,PL,PH
NAME,ZHUZHOU CRRC TIMES (SSC) ELECTRIC 'A',ZHUZHOU CRRC TIMES (SSC) ELECTRIC 'A',ZHUZHOU CRRC TIMES (SSC) ELECTRIC 'A',ZHUZHOU CRRC TIMES (SSC) ELECTRIC 'A',ZHUZHOU CRRC TIMES (SSC) ELECTRIC 'A',ZHUZHOU CRRC TIMES (SSC) ELECTRIC 'A',ZHUZHOU CRRC TIMES (SSC) ELECTRIC 'A',ZHUZHOU CRRC TIMES (SSC) ELECTRIC 'A',ZHUZHOU CRRC TIMES (SSC) ELECTRIC 'A',ZHUZHOU CRRC TIMES (SSC) ELECTRIC 'A',ZHUZHOU CRRC TIMES (SSC) ELECTRIC 'A',ZHUZHOU CRRC TIMES (SSC) ELECTRIC 'A',ZHUZHOU CRRC TIMES (SSC) ELECTRIC 'A',ZHUZHOU CRRC TIMES (SSC) ELECTRIC 'A',ZHUZHOU CRRC TIMES (SSC) ELECTRIC 'A',ZHUZHOU CRRC TIMES (SSC) ELECTRIC 'A',ZHUZHOU CRRC TIMES (SSC) ELECTRIC 'A',ZHUZHOU CRRC TIMES (SSC) ELECTRIC 'A',ZHUZHOU CRRC TIMES (SSC) ELECTRIC 'A'
SECD,BMYR710,BMYR710,BMYR710,BMYR710,BMYR710,BMYR710,BMYR710,BMYR710,BMYR710,BMYR710,BMYR710,BMYR710,BMYR710,BMYR710,BMYR710,BMYR710,BMYR710,BMYR710,BMYR710
ISIN,CNE100004QK2,CNE100004QK2,CNE100004QK2,CNE100004QK2,CNE100004QK2,CNE100004QK2,CNE100004QK2,CNE100004QK2,CNE100004QK2,CNE100004QK2,CNE100004QK2,CNE100004QK2,CNE100004QK2,CNE100004QK2,CNE100004QK2,CNE100004QK2,CNE100004QK2,CNE100004QK2,CNE100004QK2
CODON,CHINA,CHINA,CHINA,CHINA,CHINA,CHINA,CHINA,CHINA,CHINA,CHINA,CHINA,CHINA,CHINA,CHINA,CHINA,CHINA,CHINA,CHINA,CHINA
ISOCUR,CNY,CNY,CNY,CNY,CNY,CNY,CNY,CNY,CNY,CNY,CNY,CNY,CNY,CNY,CNY,CNY,CNY,CNY,CNY
1969-12-31 00:00:00+00:00,,,,,"$$ER: 2311,NO DATA AVAILABLE","$$ER: 2311,NO DATA AVAILABLE","$$ER: 2376,NO DATA AVAILABLE",,,,"$$ER: E100,NO WORLDSCOPE DATA FOR THIS CODE","$$ER: 2376,NO DATA AVAILABLE",,,,,,,
2021-09-23 00:00:00+00:00,100.0,100.0,0.0,43784.23,,,,15728.0,,868908.0,,,,,,50.4,50.39,47.77,51.88
2021-09-24 00:00:00+00:00,98.8,98.83,0.0,43271.57,,,,7088.4,,868908.0,,,,,,49.86,49.8,49.52,51.44
2021-09-27 00:00:00+00:00,99.1,99.13,0.0,43401.91,,,,9122.1,,868908.0,,,,,,49.96,49.95,47.72,51.0
2021-09-28 00:00:00+00:00,97.8,97.84,0.0,42837.14,,,,7015.7,,868908.0,,,,,,49.48,49.3,48.88,50.9
2021-09-29 00:00:00+00:00,94.3,94.3,0.0,41290.49,,,,8332.1,,868908.0,,,,,,47.56,47.52,46.5,49.58
2021-09-30 00:00:00+00:00,100.6,100.62,0.0,44053.58,,,,8801.2,,868908.0,,,,,,50.71,50.7,47.3,51.6
2021-10-01 00:00:00+00:00,100.6,100.62,0.0,44053.58,,,,,,868908.0,,,,,,,,,
2021-10-04 00:00:00+00:00,100.6,100.62,0.0,44053.58,,,,,,868908.0,,,,,,,,,
2021-10-05 00:00:00+00:00,100.6,100.62,0.0,44053.58,,,,,,868908.0,,,,,,,,,
2021-10-06 00:00:00+00:00,100.6,100.62,0.0,44053.58,,,,,,868908.0,,,,,,,,,
2021-10-07 00:00:00+00:00,100.6,100.62,0.0,44053.58,,,,,,868908.0,,,,,,,,,
2021-10-08 00:00:00+00:00,97.2,97.24,0.0,42576.46,,,,5691.3,,868908.0,,,,,,49.0,48.99,48.99,51.5
2021-10-11 00:00:00+00:00,93.9,93.89,0.0,41108.01,,,,7019.6,,868908.0,,,,,,47.38,47.31,47.1,49.41
2021-10-12 00:00:00+00:00,91.3,91.29,0.0,39969.74,,,,8651.7,,868908.0,,,,,,46.02,46.0,44.96,47.32
2021-10-13 00:00:00+00:00,95.0,95.02,0.0,41603.29,,,,4565.6,,868908.0,,,,,,47.92,47.88,46.02,48.28
2021-10-14 00:00:00+00:00,95.3,95.32,0.0,41733.63,,,,4563.7,,868908.0,,,,,,48.04,48.03,46.91,49.47
2021-10-15 00:00:00+00:00,103.2,103.21,0.0,45191.86,,,,21777.3,,868908.0,,,,,,52.01,52.0,48.59,54.89
2021-10-18 00:00:00+00:00,107.4,107.42,0.0,47033.96,,,,20192.8,,868908.0,,,,,,54.13,54.12,52.51,54.79
2021-10-19 00:00:00+00:00,108.5,108.45,0.0,47485.79,,,,10960.3,,868908.0,,,,,,54.65,54.63,53.0,55.35
2021-10-20 00:00:00+00:00,108.2,108.18,0.0,47364.14,,,,9869.9,,868908.0,,,,,,54.51,54.5,54.01,55.5
2021-10-21 00:00:00+00:00,104.7,104.74,0.0,45860.9,,,,9563.7,,868908.0,,,,,,52.78,52.75,51.94,55.2
2021-10-22 00:00:00+00:00,109.1,109.15,0.0,47789.88,,,,8345.4,,868908.0,,,,,,55.0,54.95,51.88,55.28
2021-10-25 00:00:00+00:00,114.1,114.11,0.0,49962.14,,,,9609.1,,868908.0,,,,,,57.53,57.5,54.03,58.23
2021-10-26 00:00:00+00:00,107.8,107.8,0.0,47199.02,,,,8917.3,,868908.0,,,,,,54.32,54.31,54.32,58.75
2021-10-27 00:00:00+00:00,107.7,107.7,0.0,47155.61,,,,5954.3,,868908.0,,,,,,54.28,54.27,52.8,55.43
2021-10-28 00:00:00+00:00,103.4,103.37,0.0,45261.37,,,,5380.4,,868908.0,,,,,,52.09,52.08,52.01,54.5
2021-10-29 00:00:00+00:00,106.8,106.85,0.0,46781.97,,,,5094.3,,868908.0,,,,,,53.84,53.82,51.79,54.14
2021-11-01 00:00:00+00:00,120.7,120.66,0.0,52829.55,,,,16086.3,,868908.0,,,,,,60.8,60.77,54.21,61.98
2021-11-02 00:00:00+00:00,126.2,126.16,0.0,55236.44,,,,16426.5,,868908.0,,,,,,63.58,63.57,60.03,65.86
2021-11-03 00:00:00+00:00,128.9,128.85,0.0,56418.14,,,,9590.3,,868908.0,,,,,,64.95,64.93,63.18,66.17
2021-11-04 00:00:00+00:00,129.8,129.79,0.0,56826.51,,,,7268.2,,868908.0,,,,,,65.4,65.36,63.74,66.6
2021-11-05 00:00:00+00:00,129.7,129.75,0.0,56809.14,,,,9648.8,,868908.0,,,,,,65.39,65.38,65.17,69.6
2021-11-08 00:00:00+00:00,136.0,136.0,0.0,59546.21,,,,7199.7,,868908.0,,,,,,68.53,68.51,65.8,69.86
2021-11-09 00:00:00+00:00,133.1,133.14,0.0,58294.96,,,,4575.2,,868908.0,,,,,,67.1,67.09,64.68,68.22
2021-11-10 00:00:00+00:00,133.8,133.76,0.0,58564.32,,,,4750.6,,868908.0,,,,,,67.4,67.37,65.3,68.78
2021-11-11 00:00:00+00:00,138.8,138.84,0.0,60788.73,,,,8475.3,,868908.0,,,,,,69.96,69.95,66.3,71.48
2021-11-12 00:00:00+00:00,134.2,134.17,0.0,58746.8,,,,5405.6,,868908.0,,,,,,67.63,67.61,66.68,70.57
2021-11-15 00:00:00+00:00,132.9,132.9,0.0,58190.72,,,,4167.7,,868908.0,,,,,,66.97,66.82,65.66,69.6
2021-11-16 00:00:00+00:00,129.8,129.79,0.0,56826.51,,,,5009.9,,868908.0,,,,,,65.4,65.34,64.02,68.33
2021-11-17 00:00:00+00:00,142.1,142.05,0.0,62196.37,,,,7592.4,,868908.0,,,,,,71.58,71.55,65.4,72.5
2021-11-18 00:00:00+00:00,144.3,144.27,0.0,63169.54,,,,7912.6,1.983,868908.0,,,3.033,1.98,32.97,72.7,72.67,70.39,75.49
2021-11-19 00:00:00+00:00,143.6,143.58,0.0,62865.45,,,,3268.0,1.983,868908.0,,,3.033,1.98,32.97,72.35,72.33,70.88,73.9
2021-11-22 00:00:00+00:00,172.3,172.3,0.0,75438.5,,,,13401.7,1.983,868908.0,,,3.033,1.98,32.97,,86.82,73.57,86.82
2021-11-23 00:00:00+00:00,174.6,174.64,0.0,76463.81,,,,13480.8,1.983,868908.0,,,3.033,1.98,32.97,88.13,88.0,86.4,92.6
2021-11-24 00:00:00+00:00,170.3,170.27,0.0,74552.19,,,,8729.6,1.983,868908.0,,,3.033,1.98,32.97,85.8,85.79,84.0,89.99
2021-11-25 00:00:00+00:00,167.7,167.69,0.0,73422.63,,,,8828.1,1.983,868908.0,,,3.033,1.98,32.97,84.52,84.5,80.7,85.57
2021-11-26 00:00:00+00:00,170.3,170.27,0.0,74552.19,,,,7041.2,1.983,868908.0,,,3.033,1.98,32.97,85.95,85.8,85.08,89.01
2021-11-29 00:00:00+00:00,172.8,172.83,0.0,75673.13,,,,5557.9,1.983,868908.0,,,3.033,1.98,32.97,87.1,87.09,83.33,89.37
2021-11-30 00:00:00+00:00,174.8,174.76,0.0,76515.94,,,,5500.4,1.983,868908.0,,,3.033,1.98,32.97,88.07,88.06,85.81,89.74
2021-12-01 00:00:00+00:00,168.2,168.17,0.0,73631.19,,,,5687.3,1.983,868908.0,,,3.033,1.98,32.97,84.74,84.7,82.9,89.0
2021-12-02 00:00:00+00:00,167.1,167.12,0.0,73170.69,,,,5759.1,1.983,868908.0,,,3.033,1.98,32.97,84.21,84.2,81.76,87.3
2021-12-03 00:00:00+00:00,164.7,164.72,0.0,72119.25,,,,5139.9,1.983,868908.0,,,3.033,1.98,32.97,83.06,83.0,82.4,86.6
2021-12-06 00:00:00+00:00,156.2,156.16,0.0,68374.31,,,,7877.0,1.983,868908.0,,,3.033,1.98,32.97,78.69,78.66,78.02,85.5
2021-12-07 00:00:00+00:00,150.6,150.63,0.0,65950.06,,,,10105.5,1.983,868908.0,,,3.033,1.98,32.97,75.9,75.89,72.68,80.07
2021-12-08 00:00:00+00:00,154.5,154.46,0.0,67627.0,,,,5518.8,1.983,868908.0,,,3.033,1.98,32.97,77.84,77.83,75.7,78.63
2021-12-09 00:00:00+00:00,155.1,155.09,0.0,67905.06,,,,7752.6,1.983,868908.0,,,3.033,1.98,32.97,78.18,78.15,76.41,82.15
2021-12-10 00:00:00+00:00,158.5,158.52,0.0,69408.31,,,,5345.1,1.983,868908.0,,,3.033,1.98,32.97,79.93,79.88,76.4,81.66
2021-12-13 00:00:00+00:00,160.0,159.99,0.0,70051.25,,,,3627.6,1.983,868908.0,,,3.033,1.98,32.97,80.62,80.6,78.06,82.48
2021-12-14 00:00:00+00:00,158.4,158.38,0.0,69347.44,,,,4087.6,1.983,868908.0,,,3.033,1.98,32.97,79.81,79.76,77.36,80.88
2021-12-15 00:00:00+00:00,159.2,159.2,0.0,69703.75,,,,4408.5,1.983,868908.0,,,3.033,1.98,32.97,80.22,80.2,77.99,81.55
2021-12-16 00:00:00+00:00,155.6,155.65,0.0,68148.38,,,,4017.2,2.01,868908.0,,,2.518,2.01,39.71,78.43,78.42,78.03,82.31
2021-12-17 00:00:00+00:00,153.1,154.02,0.0,67044.88,,,,5798.8,2.01,868908.0,,,2.518,2.01,39.71,77.16,77.08,74.0,78.8
2021-12-20 00:00:00+00:00,149.4,150.27,0.0,65411.32,,,,4013.3,2.01,868908.0,,,2.518,2.01,39.71,75.28,75.26,74.0,78.0
2021-12-21 00:00:00+00:00,163.1,164.06,0.0,71415.44,,,,6712.5,2.01,868908.0,,,2.518,2.01,39.71,82.19,82.13,74.16,82.98
2021-12-22 00:00:00+00:00,156.7,157.61,0.0,68608.94,,,,4147.3,2.01,868908.0,,,2.518,2.01,39.71,78.99,78.96,78.64,82.9
2021-12-23 00:00:00+00:00,163.8,164.78,0.0,71728.25,,,,6366.2,2.01,868908.0,,,2.518,2.01,39.71,82.7,82.55,77.0,83.93
2021-12-24 00:00:00+00:00,158.8,159.75,0.0,69538.63,,,,4940.8,2.01,868908.0,,,2.518,2.01,39.71,80.03,80.01,79.85,84.88
2021-12-27 00:00:00+00:00,163.2,164.16,0.0,71458.94,,,,5050.4,2.01,868908.0,,,2.518,2.01,39.71,82.24,82.14,79.7,83.99
2021-12-28 00:00:00+00:00,159.6,160.49,0.0,69860.13,,,,4032.9,2.01,868908.0,,,2.518,2.01,39.71,80.48,80.4,79.97,83.37
2021-12-29 00:00:00+00:00,158.0,158.89,0.0,69165.0,,,,2947.5,2.01,868908.0,,,2.518,2.01,39.71,79.6,79.51,78.4,82.46
2021-12-30 00:00:00+00:00,159.7,160.61,0.0,69912.25,,,,4268.1,2.01,868908.0,,,2.518,2.01,39.71,80.46,80.35,78.21,81.81
2021-12-31 00:00:00+00:00,162.7,163.68,0.0,71250.38,,,,5001.8,2.01,868908.0,,,2.518,2.01,39.71,82.01,82.0,79.81,83.55
2022-01-03 00:00:00+00:00,162.7,163.68,0.0,71250.38,,,,,2.01,868908.0,,,2.518,2.01,39.71,,,,
2022-01-04 00:00:00+00:00,147.8,148.71,0.0,64733.59,,,,10024.4,2.01,868908.0,,,2.518,2.01,39.71,74.51,74.5,71.29,83.5
2022-01-05 00:00:00+00:00,136.5,137.33,0.0,59780.83,,,,8930.5,2.01,868908.0,,,2.518,2.01,39.71,68.8,68.79,67.96,74.89
2022-01-06 00:00:00+00:00,135.9,136.73,0.0,59520.16,,,,6058.1,2.01,868908.0,,,2.518,2.01,39.71,68.51,68.5,66.33,70.2
2022-01-07 00:00:00+00:00,132.2,132.98,0.0,57886.59,,,,5680.7,2.01,868908.0,,,2.518,2.01,39.71,66.63,66.62,64.64,68.77
2022-01-10 00:00:00+00:00,133.4,134.2,0.0,58416.62,,,,3947.1,2.01,868908.0,,,2.518,2.01,39.71,67.24,67.23,65.67,68.3
2022-01-11 00:00:00+00:00,124.3,125.02,0.0,54419.66,,,,7622.5,2.01,868908.0,,,2.518,2.01,39.71,62.64,62.63,61.89,67.85
2022-01-12 00:00:00+00:00,130.2,130.94,0.0,57000.3,,,,8737.6,2.01,868908.0,,,2.518,2.01,39.71,65.64,65.6,62.59,66.5
2022-01-13 00:00:00+00:00,129.4,130.11,0.0,56635.35,,,,5270.4,2.01,868908.0,,,2.518,2.01,39.71,65.18,65.16,64.13,67.35
2022-01-14 00:00:00+00:00,138.9,139.69,0.0,60806.14,,,,8251.7,2.01,868908.0,,,2.518,2.01,39.71,70.0,69.98,64.5,72.09
2022-01-17 00:00:00+00:00,143.4,144.28,0.0,62804.62,,,,7677.3,2.01,868908.0,,,2.518,2.01,39.71,72.28,72.26,69.38,74.0
2022-01-18 00:00:00+00:00,141.5,142.3,0.0,61944.38,,,,3945.3,2.01,868908.0,,,2.518,2.01,39.71,71.3,71.29,69.0,73.8
2022-01-19 00:00:00+00:00,138.0,138.85,0.0,60441.19,,,,2709.0,2.01,868908.0,,,2.518,2.01,39.71,69.56,69.52,68.5,71.28
2022-01-20 00:00:00+00:00,133.1,133.92,0.0,58294.96,,,,4563.4,2.035,868908.0,,,2.855,2.03,35.03,67.2,67.09,66.4,70.72
2022-01-21 00:00:00+00:00,132.0,132.74,0.0,57782.31,,,,4516.9,2.035,868908.0,,,2.855,2.03,35.03,66.7,66.5,65.76,69.6
2022-01-24 00:00:00+00:00,131.9,132.7,0.0,57764.95,,,,5077.2,2.035,868908.0,,,2.855,2.03,35.03,66.48,66.42,64.9,68.62
2022-01-25 00:00:00+00:00,130.7,131.46,0.0,57226.24,,,,4317.9,2.035,868908.0,,,2.855,2.03,35.03,65.87,65.86,65.51,68.14
2022-01-26 00:00:00+00:00,133.7,134.46,0.0,58529.59,,,,4132.7,2.035,868908.0,,,2.855,2.03,35.03,67.37,67.36,65.22,68.88
2022-01-27 00:00:00+00:00,130.0,130.78,0.0,56930.79,,,,4155.7,2.035,868908.0,,,2.855,2.03,35.03,65.52,65.37,64.88,68.35
2022-01-28 00:00:00+00:00,126.5,127.19,0.0,55366.78,,,,4227.6,2.035,868908.0,,,2.855,2.03,35.03,63.72,63.67,62.55,66.28
2022-01-31 00:00:00+00:00,126.5,127.19,0.0,55366.78,,,,,2.035,868908.0,,,2.855,2.03,35.03,,,,
2022-02-01 00:00:00+00:00,126.5,127.19,0.0,55366.78,,,,,2.035,868908.0,,,2.855,2.03,35.03,,,,
2022-02-02 00:00:00+00:00,126.5,127.19,0.0,55366.78,,,,,2.035,868908.0,,,2.855,2.03,35.03,,,,
2022-02-03 00:00:00+00:00,126.5,127.19,0.0,55366.78,,,,,2.035,868908.0,,,2.855,2.03,35.03,,,,
2022-02-04 00:00:00+00:00,126.5,127.19,0.0,55366.78,,,,,2.035,868908.0,,,2.855,2.03,35.03,,,,
2022-02-07 00:00:00+00:00,129.8,130.54,0.0,56826.51,,,,3678.3,2.035,868908.0,,,2.855,2.03,35.03,65.4,65.34,63.34,66.44
2022-02-08 00:00:00+00:00,116.7,117.35,0.0,51083.06,,,,12769.5,2.035,868908.0,,,2.855,2.03,35.03,58.79,58.71,55.55,64.97
2022-02-09 00:00:00+00:00,120.4,121.12,0.0,52725.27,,,,5535.9,2.035,868908.0,,,2.855,2.03,35.03,60.71,60.68,58.0,61.79
2022-02-10 00:00:00+00:00,112.8,113.44,0.0,49379.98,,,,10017.4,2.035,868908.0,,,2.855,2.03,35.03,56.9,56.83,55.77,60.98
2022-02-11 00:00:00+00:00,109.1,109.79,0.0,47789.88,,,,5002.0,2.035,868908.0,,,2.855,2.03,35.03,55.07,55.0,54.45,57.08
2022-02-14 00:00:00+00:00,108.4,109.05,0.0,47468.42,,,,4251.4,2.035,868908.0,,,2.855,2.03,35.03,54.63,54.62,53.7,56.29
2022-02-15 00:00:00+00:00,117.0,117.73,0.0,51248.13,,,,5326.0,2.035,868908.0,,,2.855,2.03,35.03,58.98,58.95,54.83,59.19
2022-02-16 00:00:00+00:00,113.8,114.44,0.0,49814.45,,,,4212.0,2.035,868908.0,,,2.855,2.03,35.03,57.5,57.33,57.12,60.13
2022-02-17 00:00:00+00:00,118.0,118.65,0.0,51647.86,,,,5906.8,2.008,868908.0,,,3.405,2.01,29.37,59.45,59.44,55.8,60.33
2022-02-18 00:00:00+00:00,116.5,117.19,0.0,51013.55,,,,2631.7,2.008,868908.0,,,3.405,2.01,29.37,58.79,58.71,57.49,59.58
2022-02-21 00:00:00+00:00,111.5,112.18,0.0,48832.59,,,,6239.1,2.008,868908.0,,,3.405,2.01,29.37,56.2,56.18,55.52,59.48
2022-02-22 00:00:00+00:00,113.3,113.98,0.0,49614.6,,,,9382.5,2.008,868908.0,,,3.405,2.01,29.37,57.15,57.1,53.8,59.2
2022-02-23 00:00:00+00:00,123.5,124.22,0.0,54072.07,,,,10957.1,2.008,868908.0,,,3.405,2.01,29.37,62.37,62.23,57.13,64.48
2022-02-24 00:00:00+00:00,126.6,127.29,0.0,55410.2,,,,10095.3,2.008,868908.0,,,3.405,2.01,29.37,63.77,63.67,61.81,65.35
2022-02-25 00:00:00+00:00,133.2,133.98,0.0,58321.06,,,,10968.9,2.008,868908.0,,,3.405,2.01,29.37,67.12,67.11,65.7,68.88
2022-02-28 00:00:00+00:00,130.7,131.42,0.0,57208.83,,,,11085.8,2.008,868908.0,,,3.405,2.01,29.37,65.85,65.84,63.85,67.11
2022-03-01 00:00:00+00:00,133.6,134.36,0.0,58486.13,,,,4938.6,2.008,868908.0,,,3.405,2.01,29.37,67.38,67.31,65.05,67.8
2022-03-02 00:00:00+00:00,130.1,130.9,0.0,56982.94,,,,5130.2,2.008,868908.0,,,3.405,2.01,29.37,65.58,65.49,64.33,66.8
2022-03-03 00:00:00+00:00,123.3,124.06,0.0,54002.56,,,,6395.6,2.008,868908.0,,,3.405,2.01,29.37,62.19,62.15,61.65,65.58
2022-03-04 00:00:00+00:00,123.4,124.16,0.0,54046.02,,,,6208.6,2.008,868908.0,,,3.405,2.01,29.37,62.2,62.16,59.81,64.0
2022-03-07 00:00:00+00:00,113.7,114.38,0.0,49788.39,,,,14067.8,2.008,868908.0,,,3.405,2.01,29.37,57.31,57.3,56.75,62.5
2022-03-08 00:00:00+00:00,117.8,118.49,0.0,51578.34,,,,9421.0,2.008,868908.0,,,3.405,2.01,29.37,59.39,59.36,57.85,61.9
2022-03-09 00:00:00+00:00,124.6,125.35,0.0,54567.36,,,,11074.6,2.008,868908.0,,,3.405,2.01,29.37,62.82,62.8,59.71,64.16
2022-03-10 00:00:00+00:00,128.4,129.11,0.0,56200.93,,,,13178.6,2.008,868908.0,,,3.405,2.01,29.37,64.72,64.68,63.58,68.68
2022-03-11 00:00:00+00:00,130.5,131.22,0.0,57121.95,,,,7635.7,2.008,868908.0,,,3.405,2.01,29.37,65.8,65.74,63.1,66.85
2022-03-14 00:00:00+00:00,127.0,127.71,0.0,55592.67,,,,4603.6,2.008,868908.0,,,3.405,2.01,29.37,63.98,63.88,63.69,66.48
2022-03-15 00:00:00+00:00,129.0,129.75,0.0,56478.96,,,,6630.3,2.008,868908.0,,,3.405,2.01,29.37,65.07,65.0,61.97,68.65
2022-03-16 00:00:00+00:00,139.3,140.13,0.0,60997.3,,,,8664.6,2.008,868908.0,,,3.405,2.01,29.37,70.21,70.2,63.74,70.45
2022-03-17 00:00:00+00:00,135.3,136.09,0.0,59242.09,,,,10108.0,1.98,868908.0,,,3.046,1.98,32.83,68.18,68.17,67.7,74.7
2022-03-18 00:00:00+00:00,135.7,136.45,0.0,59398.51,,,,7617.7,1.98,868908.0,,,3.046,1.98,32.83,68.36,68.33,67.01,71.09
2022-03-21 00:00:00+00:00,137.1,137.89,0.0,60024.09,,,,5484.0,1.98,868908.0,,,3.046,1.98,32.83,69.08,69.07,66.0,69.98
2022-03-22 00:00:00+00:00,130.8,131.6,0.0,57287.06,,,,4152.8,1.98,868908.0,,,3.046,1.98,32.83,65.97,65.93,65.6,68.8
2022-03-23 00:00:00+00:00,132.3,133.06,0.0,57921.37,,,,4164.3,1.98,868908.0,,,3.046,1.98,32.83,66.67,66.66,63.7,66.88
2022-03-24 00:00:00+00:00,125.6,126.35,0.0,55001.82,,,,8516.4,1.98,868908.0,,,3.046,1.98,32.83,63.3,63.21,61.6,65.9
2022-03-25 00:00:00+00:00,120.5,121.2,0.0,52760.04,,,,5062.1,1.98,868908.0,,,3.046,1.98,32.83,60.72,60.71,60.44,66.38
2022-03-28 00:00:00+00:00,120.3,121.04,0.74,52690.53,,,,4988.8,1.98,868908.0,,,3.046,1.98,32.83,60.64,60.63,58.5,61.46
2022-03-29 00:00:00+00:00,114.0,114.62,0.78,49892.64,,,,5175.7,1.98,868908.0,,,3.046,1.98,32.83,57.45,57.42,57.18,61.75
2022-03-30 00:00:00+00:00,118.8,119.51,0.75,52021.45,,,,6117.4,1.98,868908.0,,,3.046,1.98,32.83,59.87,59.86,56.58,60.02
2022-03-31 00:00:00+00:00,108.7,109.29,0.82,47572.66,,,,9501.1,1.98,868908.0,,,3.046,1.98,32.83,54.76,54.75,54.12,59.49
2022-04-01 00:00:00+00:00,107.8,108.41,0.83,47190.34,,,,5051.0,1.98,868908.0,,,3.046,1.98,32.83,54.31,54.3,52.2,55.5
2022-04-04 00:00:00+00:00,107.8,108.41,0.83,47190.34,,,,,1.98,868908.0,,,3.046,1.98,32.83,,,,
2022-04-05 00:00:00+00:00,107.8,108.41,0.83,47190.34,,,,,1.98,868908.0,,,3.046,1.98,32.83,,,,
2022-04-06 00:00:00+00:00,100.0,100.62,0.89,43801.6,,,,8728.4,1.98,868908.0,,,3.046,1.98,32.83,50.41,50.38,49.5,53.94
2022-04-07 00:00:00+00:00,97.1,97.63,0.92,42498.27,,,,8344.8,1.98,868908.0,,,3.046,1.98,32.83,48.92,48.91,47.74,50.39
2022-04-08 00:00:00+00:00,97.4,98.01,0.92,42663.36,,,,6623.5,1.98,868908.0,,,3.046,1.98,32.83,49.1,49.07,47.99,50.67
2022-04-11 00:00:00+00:00,91.3,91.82,0.98,39969.74,,,,7798.0,1.98,868908.0,,,3.046,1.98,32.83,46.0,45.97,45.42,48.66
2022-04-12 00:00:00+00:00,90.7,91.22,0.98,39709.07,,,,7443.7,1.98,868908.0,,,3.046,1.98,32.83,45.73,45.7,44.44,46.6
2022-04-13 00:00:00+00:00,85.0,85.53,1.05,37232.69,,,,7176.2,1.98,868908.0,,,3.046,1.98,32.83,42.85,42.83,42.66,46.0
2022-04-14 00:00:00+00:00,88.9,89.41,1.0,38918.36,,,,14887.1,1.827,868908.0,,,3.997,1.83,25.02,44.79,44.78,41.16,44.95
2022-04-15 00:00:00+00:00,86.5,86.99,1.03,37866.99,,,,9092.9,1.827,868908.0,,,3.997,1.83,25.02,43.63,43.58,42.7,44.88
2022-04-18 00:00:00+00:00,93.2,93.7,0.96,40786.52,,,,9348.0,1.827,868908.0,,,3.997,1.83,25.02,46.95,46.94,43.01,47.15
2022-04-19 00:00:00+00:00,88.3,88.79,1.01,38649.0,,,,8316.7,1.827,868908.0,,,3.997,1.83,25.02,44.48,44.4,43.58,47.34
2022-04-20 00:00:00+00:00,86.2,86.75,1.04,37762.72,,,,6579.8,1.827,868908.0,,,3.997,1.83,25.02,43.47,43.46,43.27,44.88
2022-04-21 00:00:00+00:00,84.9,85.39,1.05,37171.86,,,,7140.3,1.827,868908.0,,,3.997,1.83,25.02,42.79,42.78,42.0,45.2
2022-04-22 00:00:00+00:00,81.1,81.6,1.1,35520.94,,,,7262.6,1.827,868908.0,,,3.997,1.83,25.02,40.89,40.88,40.8,43.3
2022-04-25 00:00:00+00:00,74.6,74.99,1.2,32644.86,,,,7567.8,1.827,868908.0,,,3.997,1.83,25.02,37.72,37.57,37.57,40.55
2022-04-26 00:00:00+00:00,73.1,73.54,1.22,32010.55,,,,6659.4,1.827,868908.0,,,3.997,1.83,25.02,36.97,36.84,36.67,39.14
2022-04-27 00:00:00+00:00,87.7,88.25,1.02,38414.4,,,,14379.4,1.827,868908.0,,,3.997,1.83,25.02,,44.21,38.07,44.21
2022-04-28 00:00:00+00:00,90.3,90.8,0.99,39526.61,,,,13770.6,1.827,868908.0,,,3.997,1.83,25.02,45.5,45.49,43.5,46.6
2022-04-29 00:00:00+00:00,97.6,98.21,0.91,42750.25,,,,13786.4,1.827,868908.0,,,3.997,1.83,25.02,49.21,49.2,44.5,50.79
2022-05-02 00:00:00+00:00,97.6,98.21,0.91,42750.25,,,,,1.827,868908.0,,,3.997,1.83,25.02,,,,
2022-05-03 00:00:00+00:00,97.6,98.21,0.91,42750.25,,,,,1.827,868908.0,,,3.997,1.83,25.02,,,,
2022-05-04 00:00:00+00:00,97.6,98.21,0.91,42750.25,,,,,1.827,868908.0,,,3.997,1.83,25.02,,,,
2022-05-05 00:00:00+00:00,96.5,97.03,0.93,42237.59,,,,8720.4,1.827,868908.0,,,3.997,1.83,25.02,48.66,48.61,46.59,49.98
2022-05-06 00:00:00+00:00,96.6,97.19,0.92,42307.11,,,,7682.1,1.827,868908.0,,,3.997,1.83,25.02,48.71,48.69,46.3,50.59
2022-05-09 00:00:00+00:00,94.9,95.45,0.94,41551.16,,,,6822.5,1.827,868908.0,,,3.997,1.83,25.02,47.82,47.81,47.34,49.47
2022-05-10 00:00:00+00:00,104.3,104.93,0.86,45678.47,,,,9228.5,1.827,868908.0,,,3.997,1.83,25.02,52.57,52.56,47.06,53.0
2022-05-11 00:00:00+00:00,100.3,100.86,0.89,43905.88,,,,11144.0,1.827,868908.0,,,3.997,1.83,25.02,50.65,50.53,50.53,55.45
2022-05-12 00:00:00+00:00,101.6,102.16,0.88,44470.64,,,,5454.2,1.827,868908.0,,,3.997,1.83,25.02,51.18,51.17,49.55,51.98
2022-05-13 00:00:00+00:00,104.9,105.49,0.85,45921.73,,,,8714.1,1.827,868908.0,,,3.997,1.83,25.02,52.86,52.85,49.63,52.95
2022-05-16 00:00:00+00:00,103.6,104.2,0.86,45356.93,,,,5104.3,1.827,868908.0,,,3.997,1.83,25.02,52.26,52.2,51.2,53.8
2022-05-17 00:00:00+00:00,110.2,110.88,0.81,48267.79,,,,7924.7,1.827,868908.0,,,3.997,1.83,25.02,55.56,55.55,51.51,57.18
2022-05-18 00:00:00+00:00,111.1,111.72,0.8,48632.75,,,,3957.4,1.827,868908.0,,,3.997,1.83,25.02,55.97,55.96,55.1,56.85
2022-05-19 00:00:00+00:00,110.4,111.02,0.81,48328.62,,,,7518.8,1.793,868908.0,,,3.228,1.79,30.98,55.62,55.6,54.5,58.0
2022-05-20 00:00:00+00:00,109.0,109.61,0.82,47711.68,,,,6855.3,1.793,868908.0,,,3.228,1.79,30.98,54.95,54.91,53.44,56.86
2022-05-23 00:00:00+00:00,109.9,110.56,0.81,48128.78,,,,4388.1,1.793,868908.0,,,3.228,1.79,30.98,55.39,55.38,53.59,55.55
2022-05-24 00:00:00+00:00,105.0,105.59,0.85,45965.19,,,,5714.8,1.793,868908.0,,,3.228,1.79,30.98,52.91,52.9,52.81,57.15
2022-05-25 00:00:00+00:00,105.2,105.79,0.85,46052.06,,,,4872.4,1.793,868908.0,,,3.228,1.79,30.98,53.0,52.99,52.0,54.3
2022-05-26 00:00:00+00:00,107.5,108.15,0.83,47077.38,,,,4239.7,1.793,868908.0,,,3.228,1.79,30.98,54.19,54.18,51.86,54.77
2022-05-27 00:00:00+00:00,109.5,110.18,0.82,47963.67,,,,5263.1,1.793,868908.0,,,3.228,1.79,30.98,55.3,55.2,54.14,56.78
2022-05-30 00:00:00+00:00,110.1,110.74,0.81,48206.97,,,,7261.4,1.793,868908.0,,,3.228,1.79,30.98,55.49,55.48,54.18,58.2
2022-05-31 00:00:00+00:00,111.9,112.54,0.8,48988.98,,,,9275.6,1.793,868908.0,,,3.228,1.79,30.98,56.38,56.36,53.3,57.69
2022-06-01 00:00:00+00:00,118.3,118.99,0.75,51795.55,,,,8760.2,1.793,868908.0,,,3.228,1.79,30.98,59.68,59.61,56.02,60.5
2022-06-02 00:00:00+00:00,126.2,126.89,0.71,55236.44,,,,6919.0,1.793,868908.0,,,3.228,1.79,30.98,63.57,63.55,58.5,63.87
2022-06-03 00:00:00+00:00,126.2,126.89,0.71,55236.44,,,,,1.793,868908.0,,,3.228,1.79,30.98,,,,
2022-06-06 00:00:00+00:00,129.0,129.75,0.69,56478.96,,,,8004.2,1.793,868908.0,,,3.228,1.79,30.98,65.0,64.98,62.48,66.2
2022-06-07 00:00:00+00:00,124.1,124.86,0.72,54350.15,,,,6110.4,1.793,868908.0,,,3.228,1.79,30.98,62.55,62.52,61.98,65.5
2022-06-08 00:00:00+00:00,121.5,122.16,0.74,53177.1,,,,7470.9,1.793,868908.0,,,3.228,1.79,30.98,61.22,61.2,58.91,62.48
2022-06-09 00:00:00+00:00,115.3,115.95,0.77,50474.8,,,,7091.4,1.793,868908.0,,,3.228,1.79,30.98,58.09,58.0,57.47,61.32
2022-06-10 00:00:00+00:00,121.5,122.16,0.74,53177.1,,,,11126.1,1.793,868908.0,,,3.228,1.79,30.98,61.2,61.16,57.49,61.5
2022-06-13 00:00:00+00:00,119.3,119.97,0.75,52221.34,,,,5049.6,1.793,868908.0,,,3.228,1.79,30.98,60.13,60.1,59.22,61.14
2022-06-14 00:00:00+00:00,114.2,114.88,0.78,50005.61,,,,10194.1,1.793,868908.0,,,3.228,1.79,30.98,57.56,57.55,55.06,59.8
2022-06-15 00:00:00+00:00,111.1,111.78,0.8,48658.8,,,,7167.6,1.793,868908.0,,,3.228,1.79,30.98,56.02,56.0,55.85,58.56
2022-06-16 00:00:00+00:00,113.1,113.78,0.79,49527.72,,,,4905.1,1.82,868908.0,,,3.162,1.82,31.62,57.0,56.99,56.27,58.49
2022-06-17 00:00:00+00:00,117.1,117.77,0.76,51265.54,,,,8893.5,1.82,868908.0,,,3.162,1.82,31.62,59.01,59.0,55.43,59.37
2022-06-20 00:00:00+00:00,119.1,119.83,0.75,52160.51,,,,8638.4,1.82,868908.0,,,3.162,1.82,31.62,60.05,60.03,57.81,60.94
2022-06-21 00:00:00+00:00,113.0,113.64,0.79,49466.86,,,,7582.0,1.82,868908.0,,,3.162,1.82,31.62,56.93,56.92,56.17,60.1
2022-06-22 00:00:00+00:00,108.4,108.99,0.82,47442.33,,,,7602.3,1.82,868908.0,,,3.162,1.82,31.62,54.6,54.59,54.6,58.44
2022-06-23 00:00:00+00:00,115.8,116.47,0.77,50700.74,,,,7789.6,1.82,868908.0,,,3.162,1.82,31.62,58.35,58.34,54.55,58.44
2022-06-24 00:00:00+00:00,120.1,120.8,0.74,52586.25,,,,8972.9,1.82,868908.0,,,3.162,1.82,31.62,60.54,60.52,58.08,62.36
2022-06-27 00:00:00+00:00,111.8,112.46,0.8,48954.24,,,,17973.2,1.82,868908.0,,,3.162,1.82,31.62,56.34,56.33,55.89,62.35
2022-06-28 00:00:00+00:00,121.7,122.42,0.73,53290.06,,,,15724.4,1.82,868908.0,,,3.162,1.82,31.62,61.37,61.33,54.51,62.2
2022-06-29 00:00:00+00:00,119.3,119.97,0.75,52221.34,,,,14981.2,1.82,868908.0,,,3.162,1.82,31.62,60.15,60.1,60.0,64.16
2022-06-30 00:00:00+00:00,129.0,129.73,0.69,56470.28,,,,13422.3,1.82,868908.0,,,3.162,1.82,31.62,64.99,64.97,58.98,66.0
2022-07-01 00:00:00+00:00,125.8,126.49,0.71,55062.65,,,,9567.6,1.82,868908.0,,,3.162,1.82,31.62,63.37,63.36,61.99,66.87
2022-07-04 00:00:00+00:00,130.4,131.12,0.69,57078.5,,,,10793.1,1.82,868908.0,,,3.162,1.82,31.62,65.69,65.6,60.18,65.8
2022-07-05 00:00:00+00:00,126.6,127.29,0.71,55410.2,,,,7150.2,1.82,868908.0,,,3.162,1.82,31.62,63.77,63.72,62.8,66.45
2022-07-06 00:00:00+00:00,125.4,126.17,0.71,54923.63,,,,5961.7,1.82,868908.0,,,3.162,1.82,31.62,63.23,63.21,62.4,66.0
2022-07-07 00:00:00+00:00,127.0,127.73,0.7,55601.36,,,,5094.1,1.82,868908.0,,,3.162,1.82,31.62,63.99,63.98,61.89,65.05
2022-07-08 00:00:00+00:00,137.1,137.85,0.65,60006.73,,,,12656.9,1.82,868908.0,,,3.162,1.82,31.62,69.21,69.06,64.83,71.88
2022-07-11 00:00:00+00:00,135.5,136.31,0.66,59337.68,,,,6003.0,1.82,868908.0,,,3.162,1.82,31.62,68.41,68.29,67.01,70.6
2022-07-12 00:00:00+00:00,129.8,130.56,0.69,56835.23,,,,4634.4,1.82,868908.0,,,3.162,1.82,31.62,65.42,65.41,64.84,68.8
2022-07-13 00:00:00+00:00,129.2,129.99,0.69,56583.25,,,,4235.9,1.82,868908.0,,,3.162,1.82,31.62,65.14,65.12,63.5,67.0
2022-07-14 00:00:00+00:00,131.7,132.44,0.68,57652.02,,,,3769.1,1.847,868908.0,,,2.823,1.85,35.42,66.36,66.35,64.78,68.85
2022-07-15 00:00:00+00:00,133.9,134.68,0.67,58625.19,,,,3945.8,1.847,868908.0,,,2.823,1.85,35.42,67.48,67.47,65.83,69.75
2022-07-18 00:00:00+00:00,129.0,129.75,0.69,56478.96,,,,6438.8,1.847,868908.0,,,2.823,1.85,35.42,65.28,65.0,62.93,68.37
2022-07-19 00:00:00+00:00,123.1,123.86,0.73,53915.69,,,,6403.2,1.847,868908.0,,,2.823,1.85,35.42,62.09,62.05,62.0,65.56
2022-07-20 00:00:00+00:00,123.3,124.02,0.72,53985.2,,,,7345.2,1.847,868908.0,,,2.823,1.85,35.42,62.16,62.13,61.3,64.25
2022-07-21 00:00:00+00:00,125.9,126.63,0.71,55123.47,,,,6990.6,1.847,868908.0,,,2.823,1.85,35.42,63.45,63.44,61.57,65.89
2022-07-22 00:00:00+00:00,118.8,120.42,0.75,52030.18,,,,12525.2,1.847,868908.0,,,2.823,1.85,35.42,59.88,59.83,57.63,63.3
2022-07-25 00:00:00+00:00,114.8,116.38,0.78,50283.64,,,,7899.1,1.847,868908.0,,,2.823,1.85,35.42,57.87,57.86,57.01,61.08
2022-07-26 00:00:00+00:00,113.7,115.2,0.79,49770.98,,,,5032.1,1.847,868908.0,,,2.823,1.85,35.42,57.36,57.28,56.03,58.2
2022-07-27 00:00:00+00:00,112.6,114.09,0.79,49293.11,,,,5060.2,1.847,868908.0,,,2.823,1.85,35.42,56.76,56.73,56.16,57.75
2022-07-28 00:00:00+00:00,116.0,117.57,0.77,50796.34,,,,8351.0,1.847,868908.0,,,2.823,1.85,35.42,58.46,58.45,57.1,59.4
2022-07-29 00:00:00+00:00,109.7,111.13,0.81,48015.81,,,,9838.3,1.847,868908.0,,,2.823,1.85,35.42,55.26,55.25,55.08,58.8
2022-08-01 00:00:00+00:00,110.7,112.14,0.81,48450.27,,,,9405.5,1.847,868908.0,,,2.823,1.85,35.42,55.76,55.7,53.46,55.91
2022-08-02 00:00:00+00:00,111.2,112.72,0.8,48702.26,,,,8047.9,1.847,868908.0,,,2.823,1.85,35.42,56.09,56.05,54.2,57.68
2022-08-03 00:00:00+00:00,110.7,112.2,0.81,48476.32,,,,7365.1,1.847,868908.0,,,2.823,1.85,35.42,55.79,55.78,55.0,58.01
2022-08-04 00:00:00+00:00,109.1,110.61,0.82,47789.88,,,,6031.3,1.847,868908.0,,,2.823,1.85,35.42,55.04,55.0,54.6,56.69
2022-08-05 00:00:00+00:00,131.0,132.73,0.68,57347.89,,,,18829.7,1.847,868908.0,,,2.823,1.85,35.42,,66.0,55.0,66.0
2022-08-08 00:00:00+00:00,124.4,126.08,0.72,54471.8,,,,15873.2,1.847,868908.0,,,2.823,1.85,35.42,62.7,62.69,59.42,66.66
2022-08-09 00:00:00+00:00,124.4,126.06,0.72,54463.08,,,,9777.3,1.847,868908.0,,,2.823,1.85,35.42,62.7,62.68,60.26,63.32
2022-08-10 00:00:00+00:00,120.2,121.81,0.74,52629.71,,,,8730.4,1.847,868908.0,,,2.823,1.85,35.42,60.57,60.56,60.3,64.25
2022-08-11 00:00:00+00:00,122.1,123.7,0.73,53446.49,,,,5571.8,1.847,868908.0,,,2.823,1.85,35.42,61.53,61.51,60.18,61.85
2022-08-12 00:00:00+00:00,119.1,120.69,0.75,52143.1,,,,4600.1,1.847,868908.0,,,2.823,1.85,35.42,60.02,60.01,59.58,61.5
2022-08-15 00:00:00+00:00,121.0,122.66,0.74,52994.66,,,,3842.8,1.847,868908.0,,,2.823,1.85,35.42,61.0,60.99,59.42,61.4
2022-08-16 00:00:00+00:00,121.8,123.38,0.73,53307.47,,,,4786.1,1.847,868908.0,,,2.823,1.85,35.42,61.36,61.35,60.72,62.58
2022-08-17 00:00:00+00:00,123.0,124.65,0.73,53854.86,,,,4853.7,1.847,868908.0,,,2.823,1.85,35.42,61.98,61.97,60.7,62.65
2022-08-18 00:00:00+00:00,132.2,133.98,0.68,57886.59,,,,12267.2,1.863,868908.0,,,3.037,1.86,32.92,66.62,66.6,61.43,67.96
2022-08-19 00:00:00+00:00,133.7,135.53,0.67,58555.64,,,,11426.5,1.863,868908.0,,,3.037,1.86,32.92,67.39,67.37,66.9,70.38
2022-08-22 00:00:00+00:00,129.7,131.45,0.69,56791.77,,,,6120.3,1.863,868908.0,,,3.037,1.86,32.92,65.39,65.36,64.5,68.6
2022-08-23 00:00:00+00:00,128.8,130.52,0.69,56392.09,,,,4930.7,1.863,868908.0,,,3.037,1.86,32.92,64.91,64.9,64.05,66.3
2022-08-24 00:00:00+00:00,122.9,124.59,0.73,53828.81,,,,5753.8,1.863,868908.0,,,3.037,1.86,32.92,61.95,61.91,61.8,65.3
2022-08-25 00:00:00+00:00,121.0,122.62,0.74,52977.25,,,,4096.8,1.863,868908.0,,,3.037,1.86,32.92,60.97,60.96,59.54,62.7
2022-08-26 00:00:00+00:00,121.6,123.22,0.73,53237.96,,,,3311.4,1.863,868908.0,,,3.037,1.86,32.92,61.28,61.27,60.4,62.34
2022-08-29 00:00:00+00:00,131.6,133.34,0.68,57608.56,,,,9563.6,1.863,868908.0,,,3.037,1.86,32.92,66.31,66.3,59.89,67.67
2022-08-30 00:00:00+00:00,131.0,132.71,0.68,57339.21,,,,4795.3,1.863,868908.0,,,3.037,1.86,32.92,66.0,65.99,65.3,67.89
2022-08-31 00:00:00+00:00,122.6,124.25,0.73,53681.07,,,,5703.9,1.863,868908.0,,,3.037,1.86,32.92,61.78,61.77,61.31,65.98
2022-09-01 00:00:00+00:00,122.8,124.45,0.73,53767.98,,,,4082.8,1.863,868908.0,,,3.037,1.86,32.92,61.88,61.8,61.09,62.8
2022-09-02 00:00:00+00:00,118.6,120.16,0.75,51917.21,,,,4871.7,1.863,868908.0,,,3.037,1.86,32.92,59.78,59.75,59.68,62.5
2022-09-05 00:00:00+00:00,115.3,116.8,0.77,50466.12,,,,5212.0,1.863,868908.0,,,3.037,1.86,32.92,58.08,58.07,57.19,60.66
2022-09-06 00:00:00+00:00,117.0,118.57,0.76,51230.76,,,,3263.6,1.863,868908.0,,,3.037,1.86,32.92,58.99,58.96,57.3,60.25
2022-09-07 00:00:00+00:00,121.0,122.6,0.74,52968.57,,,,6178.7,1.863,868908.0,,,3.037,1.86,32.92,60.96,60.95,58.96,62.26
2022-09-08 00:00:00+00:00,119.9,121.49,0.74,52490.69,,,,2446.6,1.863,868908.0,,,3.037,1.86,32.92,60.41,60.35,59.89,61.39
2022-09-09 00:00:00+00:00,120.1,121.69,0.74,52577.57,,,,2924.4,1.863,868908.0,,,3.037,1.86,32.92,60.51,60.5,58.4,60.91
2022-09-12 00:00:00+00:00,120.1,121.69,0.74,52577.57,,,,,1.863,868908.0,,,3.037,1.86,32.92,,,,
2022-09-13 00:00:00+00:00,117.4,118.98,0.76,51404.55,,,,2562.4,1.863,868908.0,,,3.037,1.86,32.92,59.19,59.16,59.0,61.85
2022-09-14 00:00:00+00:00,115.9,117.49,0.77,50761.56,,,,2716.1,1.863,868908.0,,,3.037,1.86,32.92,58.42,58.41,57.78,59.7
2022-09-15 00:00:00+00:00,113.2,114.67,0.79,49545.09,,,,4484.3,1.9,868908.0,,,3.212,1.9,31.14,57.02,56.9,55.89,59.01
2022-09-16 00:00:00+00:00,114.1,115.64,0.78,49962.14,,,,3697.1,1.9,868908.0,,,3.212,1.9,31.14,57.51,57.5,56.09,58.88
2022-09-19 00:00:00+00:00,112.4,113.89,0.79,49206.23,,,,2349.6,1.9,868908.0,,,3.212,1.9,31.14,56.63,56.62,56.35,58.28
2022-09-20 00:00:00+00:00,114.6,116.12,0.78,50170.71,,,,2323.3,1.9,868908.0,,,3.212,1.9,31.14,57.75,57.74,56.31,58.41
2022-09-21 00:00:00+00:00,109.9,111.33,0.81,48102.68,,,,3389.3,1.9,868908.0,,,3.212,1.9,31.14,55.36,55.28,54.42,57.86
2022-09-22 00:00:00+00:00,110.5,111.96,0.81,48372.04,,,,2541.2,1.9,868908.0,,,3.212,1.9,31.14,55.67,55.66,54.21,57.35
2022-09-23 00:00:00+00:00,115.7,117.27,0.77,50665.96,,,,12204.8,1.9,868908.0,,,3.212,1.9,31.14,58.31,58.3,57.01,61.5
2022-09-26 00:00:00+00:00,112.1,113.63,0.8,49093.26,,,,6093.8,1.9,868908.0,,,3.212,1.9,31.14,56.52,56.5,56.26,60.6
2022-09-27 00:00:00+00:00,113.5,115.03,0.79,49701.48,,,,4618.4,1.9,868908.0,,,3.212,1.9,31.14,57.2,57.19,55.5,58.46
2022-09-28 00:00:00+00:00,109.1,110.55,0.82,47763.82,,,,3371.9,1.9,868908.0,,,3.212,1.9,31.14,55.0,54.97,54.62,57.0
2022-09-29 00:00:00+00:00,113.1,114.63,0.79,49527.72,,,,5512.3,1.9,868908.0,,,3.212,1.9,31.14,57.01,57.0,55.18,57.8
2022-09-30 00:00:00+00:00,107.6,109.0,0.83,47094.78,,,,4277.2,1.9,868908.0,,,3.212,1.9,31.14,54.29,54.2,53.88,57.5
2022-10-03 00:00:00+00:00,107.6,109.0,0.83,47094.78,,,,,1.9,868908.0,,,3.212,1.9,31.14,,,,
2022-10-04 00:00:00+00:00,107.6,109.0,0.83,47094.78,,,,,1.9,868908.0,,,3.212,1.9,31.14,,,,
2022-10-05 00:00:00+00:00,107.6,109.0,0.83,47094.78,,,,,1.9,868908.0,,,3.212,1.9,31.14,,,,
2022-10-06 00:00:00+00:00,107.6,109.0,0.83,47094.78,,,,,1.9,868908.0,,,3.212,1.9,31.14,,,,
2022-10-07 00:00:00+00:00,107.6,109.0,0.83,47094.78,,,,,1.9,868908.0,,,3.212,1.9,31.14,,,,
2022-10-10 00:00:00+00:00,99.7,101.04,0.9,43653.89,,,,5399.5,1.9,868908.0,,,3.212,1.9,31.14,50.25,50.24,49.0,54.3
2022-10-11 00:00:00+00:00,103.7,105.08,0.86,45400.39,,,,4118.2,1.9,868908.0,,,3.212,1.9,31.14,52.25,52.22,49.9,53.39
2022-10-12 00:00:00+00:00,111.1,112.62,0.8,48658.8,,,,5378.0,1.9,868908.0,,,3.212,1.9,31.14,56.01,56.0,51.8,56.28
2022-10-13 00:00:00+00:00,108.6,110.05,0.82,47546.61,,,,3091.1,1.9,868908.0,,,3.212,1.9,31.14,54.78,54.72,54.4,56.99
2022-10-14 00:00:00+00:00,114.4,115.92,0.78,50083.8,,,,4732.4,1.9,868908.0,,,3.212,1.9,31.14,57.64,57.63,55.08,58.03
2022-10-17 00:00:00+00:00,111.8,113.35,0.8,48971.61,,,,6303.1,1.9,868908.0,,,3.212,1.9,31.14,56.37,56.36,55.18,59.28
2022-10-18 00:00:00+00:00,112.0,113.55,0.8,49058.49,,,,3998.4,1.9,868908.0,,,3.212,1.9,31.14,56.48,56.46,56.1,57.48
2022-10-19 00:00:00+00:00,115.9,117.45,0.77,50744.15,,,,6748.5,1.9,868908.0,,,3.212,1.9,31.14,58.4,58.39,56.28,60.14
2022-10-20 00:00:00+00:00,118.6,120.2,0.75,51934.57,,,,7223.8,1.94,868908.0,,,3.436,1.94,29.1,59.8,59.77,56.6,60.8
2022-10-21 00:00:00+00:00,118.1,119.7,0.76,51717.36,,,,3956.9,1.94,868908.0,,,3.436,1.94,29.1,59.53,59.52,58.3,59.94
2022-10-24 00:00:00+00:00,120.0,121.65,0.74,52560.2,,,,8586.5,1.94,868908.0,,,3.436,1.94,29.1,60.49,60.39,58.6,61.2
2022-10-25 00:00:00+00:00,118.9,120.52,0.75,52073.59,,,,7178.4,1.94,868908.0,,,3.436,1.94,29.1,59.93,59.92,57.17,60.38
2022-10-26 00:00:00+00:00,122.2,123.88,0.73,53524.68,,,,8195.0,1.94,868908.0,,,3.436,1.94,29.1,61.6,61.59,59.68,63.82
2022-10-27 00:00:00+00:00,121.3,122.88,0.74,53090.22,,,,6040.9,1.94,868908.0,,,3.436,1.94,29.1,61.1,61.09,60.58,63.55
2022-10-28 00:00:00+00:00,123.3,124.95,0.72,53985.2,,,,6876.7,1.94,868908.0,,,3.436,1.94,29.1,62.14,62.13,60.2,64.0
2022-10-31 00:00:00+00:00,124.6,126.26,0.72,54549.99,,,,5287.8,1.94,868908.0,,,3.436,1.94,29.1,62.78,62.68,61.59,63.8
2022-11-01 00:00:00+00:00,123.1,124.73,0.73,53889.64,,,,5739.5,1.94,868908.0,,,3.436,1.94,29.1,62.02,62.01,60.5,62.69
2022-11-02 00:00:00+00:00,122.2,123.86,0.73,53516.0,,,,5024.4,1.94,868908.0,,,3.436,1.94,29.1,61.6,61.59,60.17,62.99
2022-11-03 00:00:00+00:00,124.8,126.46,0.72,54636.87,,,,5530.1,1.94,868908.0,,,3.436,1.94,29.1,62.89,62.88,61.01,63.15
2022-11-04 00:00:00+00:00,124.9,126.58,0.71,54689.01,,,,6620.5,1.94,868908.0,,,3.436,1.94,29.1,62.96,62.94,61.4,64.2
2022-11-07 00:00:00+00:00,122.8,124.41,0.73,53750.58,,,,5686.1,1.94,868908.0,,,3.436,1.94,29.1,61.88,61.86,61.8,64.0
2022-11-08 00:00:00+00:00,121.8,123.46,0.73,53342.21,,,,5169.4,1.94,868908.0,,,3.436,1.94,29.1,61.41,61.39,60.35,63.46
2022-11-09 00:00:00+00:00,119.5,121.07,0.75,52308.21,,,,3326.6,1.94,868908.0,,,3.436,1.94,29.1,60.22,60.2,60.2,61.88
2022-11-10 00:00:00+00:00,113.9,115.42,0.78,49866.59,,,,6394.8,1.94,868908.0,,,3.436,1.94,29.1,57.39,57.38,56.8,60.88
2022-11-11 00:00:00+00:00,117.1,118.65,0.76,51265.54,,,,4658.2,1.94,868908.0,,,3.436,1.94,29.1,59.0,58.99,58.9,60.92
2022-11-14 00:00:00+00:00,115.0,116.52,0.78,50344.46,,,,3396.9,1.94,868908.0,,,3.436,1.94,29.1,57.97,57.94,57.6,60.18
2022-11-15 00:00:00+00:00,120.9,122.48,0.74,52916.43,,,,4747.9,1.94,868908.0,,,3.436,1.94,29.1,60.9,60.89,57.7,61.86
2022-11-16 00:00:00+00:00,115.0,116.52,0.78,50344.46,,,,6018.1,1.94,868908.0,,,3.436,1.94,29.1,57.96,57.94,57.55,60.88
2022-11-17 00:00:00+00:00,116.6,118.17,0.77,51056.96,,,,3160.0,1.965,868908.0,,,3.227,1.97,30.99,58.77,58.76,56.85,58.98
2022-11-18 00:00:00+00:00,113.4,114.91,0.79,49649.34,,,,3601.9,1.965,868908.0,,,3.227,1.97,30.99,57.19,57.14,57.0,59.37
2022-11-21 00:00:00+00:00,111.9,113.43,0.8,49006.34,,,,3285.6,1.965,868908.0,,,3.227,1.97,30.99,56.41,56.4,55.8,57.19
2022-11-22 00:00:00+00:00,113.5,115.03,0.79,49701.48,,,,3688.7,1.965,868908.0,,,3.227,1.97,30.99,57.2,57.1,56.13,57.95
2022-11-23 00:00:00+00:00,110.7,112.14,0.81,48450.27,,,,5032.9,1.965,868908.0,,,3.227,1.97,30.99,55.76,55.73,55.2,57.97
2022-11-24 00:00:00+00:00,109.9,111.41,0.81,48137.46,,,,5119.1,1.965,868908.0,,,3.227,1.97,30.99,55.41,55.4,54.78,57.44
2022-11-25 00:00:00+00:00,107.7,109.16,0.83,47164.29,,,,4337.8,1.965,868908.0,,,3.227,1.97,30.99,54.3,54.28,53.78,55.6
2022-11-28 00:00:00+00:00,109.7,111.17,0.81,48033.18,,,,5258.0,1.965,868908.0,,,3.227,1.97,30.99,55.28,55.25,53.18,55.6
2022-11-29 00:00:00+00:00,110.1,111.6,0.81,48215.65,,,,3991.5,1.965,868908.0,,,3.227,1.97,30.99,55.49,55.38,54.71,56.36
2022-11-30 00:00:00+00:00,110.4,111.92,0.81,48354.67,,,,5094.2,1.965,868908.0,,,3.227,1.97,30.99,55.67,55.65,54.21,55.8
2022-12-01 00:00:00+00:00,111.3,112.82,0.8,48745.68,,,,5041.1,1.965,868908.0,,,3.227,1.97,30.99,56.11,56.1,55.72,56.78
2022-12-02 00:00:00+00:00,111.7,113.18,0.8,48902.1,,,,3699.8,1.965,868908.0,,,3.227,1.97,30.99,56.28,56.27,55.81,56.89
2022-12-05 00:00:00+00:00,113.2,114.67,0.79,49545.09,,,,4533.6,1.965,868908.0,,,3.227,1.97,30.99,57.02,57.01,56.38,57.5
2022-12-06 00:00:00+00:00,114.2,115.76,0.78,50014.29,,,,4126.2,1.965,868908.0,,,3.227,1.97,30.99,57.56,57.55,55.68,58.2
2022-12-07 00:00:00+00:00,113.0,114.49,0.79,49466.86,,,,3506.0,1.965,868908.0,,,3.227,1.97,30.99,56.94,56.93,56.35,57.48
2022-12-08 00:00:00+00:00,115.3,116.8,0.77,50466.12,,,,5667.9,1.965,868908.0,,,3.227,1.97,30.99,58.08,58.06,56.39,58.68
2022-12-09 00:00:00+00:00,112.7,114.25,0.79,49362.61,,,,9339.4,1.965,868908.0,,,3.227,1.97,30.99,56.84,56.81,56.8,59.9
2022-12-12 00:00:00+00:00,112.7,114.17,0.79,49327.88,,,,6433.4,1.965,868908.0,,,3.227,1.97,30.99,56.77,56.76,55.68,57.58
2022-12-13 00:00:00+00:00,112.2,113.75,0.8,49145.4,,,,3159.7,1.965,868908.0,,,3.227,1.97,30.99,56.56,56.55,55.66,56.7
2022-12-14 00:00:00+00:00,113.1,114.57,0.79,49501.63,,,,3663.3,1.965,868908.0,,,3.227,1.97,30.99,56.97,56.8,56.3,57.7
2022-12-15 00:00:00+00:00,112.7,114.23,0.79,49353.93,,,,2671.1,1.99,868908.0,,,3.518,1.99,28.42,56.8,56.79,55.91,57.22
2022-12-16 00:00:00+00:00,110.3,111.8,0.81,48302.53,,,,2557.8,1.99,868908.0,,,3.518,1.99,28.42,55.59,55.5,55.34,56.8
2022-12-19 00:00:00+00:00,109.7,111.19,0.81,48041.86,,,,2109.9,1.99,868908.0,,,3.518,1.99,28.42,55.31,55.29,54.7,56.28
2022-12-20 00:00:00+00:00,112.1,113.57,0.8,49067.17,,,,3175.1,1.99,868908.0,,,3.518,1.99,28.42,56.47,56.37,55.09,56.89
2022-12-21 00:00:00+00:00,109.5,111.01,0.82,47963.67,,,,2287.8,1.99,868908.0,,,3.518,1.99,28.42,55.23,55.2,54.95,56.79
2022-12-22 00:00:00+00:00,109.5,110.95,0.82,47937.62,,,,1939.7,1.99,868908.0,,,3.518,1.99,28.42,55.17,54.96,54.5,55.8
2022-12-23 00:00:00+00:00,104.4,105.76,0.86,45695.84,,,,2580.7,1.99,868908.0,,,3.518,1.99,28.42,52.59,52.54,52.1,54.83
2022-12-26 00:00:00+00:00,108.4,109.85,0.82,47459.7,,,,2253.1,1.99,868908.0,,,3.518,1.99,28.42,54.63,54.62,52.11,54.8
2022-12-27 00:00:00+00:00,108.0,109.4,0.83,47268.54,,,,2103.0,1.99,868908.0,,,3.518,1.99,28.42,54.43,54.4,53.0,54.99
2022-12-28 00:00:00+00:00,108.3,109.79,0.82,47433.64,,,,2253.4,1.99,868908.0,,,3.518,1.99,28.42,54.59,54.57,53.68,55.45
2022-12-29 00:00:00+00:00,107.7,109.1,0.83,47138.2,,,,2636.3,1.99,868908.0,,,3.518,1.99,28.42,54.29,54.25,53.54,55.14
2022-12-30 00:00:00+00:00,108.3,109.75,0.82,47416.28,,,,2230.1,1.99,868908.0,,,3.518,1.99,28.42,54.57,54.43,54.05,55.2
2023-01-02 00:00:00+00:00,108.3,109.75,0.82,47416.28,,,,,1.99,868908.0,,,3.518,1.99,28.42,,,,
2023-01-03 00:00:00+00:00,109.7,111.21,0.81,48050.58,,,,2710.2,1.99,868908.0,,,3.518,1.99,28.42,55.31,55.3,53.66,55.41
2023-01-04 00:00:00+00:00,107.2,108.66,0.83,46947.04,,,,3662.0,1.99,868908.0,,,3.518,1.99,28.42,54.05,54.03,53.79,55.96
2023-01-05 00:00:00+00:00,108.0,109.44,0.83,47285.94,,,,3198.3,1.99,868908.0,,,3.518,1.99,28.42,54.43,54.42,53.3,54.53
2023-01-06 00:00:00+00:00,111.1,112.62,0.8,48658.8,,,,5627.8,1.99,868908.0,,,3.518,1.99,28.42,56.01,56.0,53.8,56.2
2023-01-09 00:00:00+00:00,110.2,111.72,0.81,48267.79,,,,4100.0,1.99,868908.0,,,3.518,1.99,28.42,55.55,55.54,55.26,57.57
2023-01-10 00:00:00+00:00,108.2,109.6,0.83,47355.45,,,,5285.1,1.99,868908.0,,,3.518,1.99,28.42,54.51,54.5,53.99,56.15
2023-01-11 00:00:00+00:00,105.8,107.19,0.84,46312.73,,,,5257.0,1.99,868908.0,,,3.518,1.99,28.42,53.3,53.28,53.01,55.0
2023-01-12 00:00:00+00:00,110.0,111.52,0.81,48180.88,,,,6585.8,1.99,868908.0,,,3.518,1.99,28.42,55.47,55.45,52.9,56.13
2023-01-13 00:00:00+00:00,106.8,108.22,0.84,46755.88,,,,6773.6,1.99,868908.0,,,3.518,1.99,28.42,53.81,53.8,53.66,55.97
2023-01-16 00:00:00+00:00,111.1,112.56,0.8,48632.75,,,,4917.8,1.99,868908.0,,,3.518,1.99,28.42,55.99,55.97,53.87,56.88
2023-01-17 00:00:00+00:00,111.9,113.43,0.8,49006.34,,,,2785.4,1.99,868908.0,,,3.518,1.99,28.42,56.4,56.27,55.9,57.27
2023-01-18 00:00:00+00:00,112.3,113.77,0.8,49154.09,,,,2286.0,1.99,868908.0,,,3.518,1.99,28.42,56.57,56.53,56.19,57.3
2023-01-19 00:00:00+00:00,113.7,115.2,0.79,49770.98,,,,2270.7,2.047,868908.0,,,3.629,2.05,27.56,57.28,57.27,56.01,57.53
2023-01-20 00:00:00+00:00,112.5,114.01,0.79,49258.33,,,,3199.9,2.047,868908.0,,,3.629,2.05,27.56,56.7,56.69,56.4,58.2
2023-01-23 00:00:00+00:00,112.5,114.01,0.79,49258.33,,,,,2.047,868908.0,,,3.629,2.05,27.56,,,,
2023-01-24 00:00:00+00:00,112.5,114.01,0.79,49258.33,,,,,2.047,868908.0,,,3.629,2.05,27.56,,,,
2023-01-25 00:00:00+00:00,112.5,114.01,0.79,49258.33,,,,,2.047,868908.0,,,3.629,2.05,27.56,,,,
2023-01-26 00:00:00+00:00,112.5,114.01,0.79,49258.33,,,,,2.047,868908.0,,,3.629,2.05,27.56,,,,
2023-01-27 00:00:00+00:00,112.5,114.01,0.79,49258.33,,,,,2.047,868908.0,,,3.629,2.05,27.56,,,,
2023-01-30 00:00:00+00:00,113.6,115.09,0.79,49727.57,,,,3518.3,2.047,868908.0,,,3.629,2.05,27.56,57.24,57.23,56.84,57.8
2023-01-31 00:00:00+00:00,110.8,112.28,0.81,48511.1,,,,3176.1,2.047,868908.0,,,3.629,2.05,27.56,55.87,55.83,55.53,57.25
2023-02-01 00:00:00+00:00,112.7,114.21,0.79,49345.25,,,,3028.3,2.047,868908.0,,,3.629,2.05,27.56,56.79,56.78,55.56,56.93
2023-02-02 00:00:00+00:00,112.8,114.33,0.79,49397.39,,,,3301.3,2.047,868908.0,,,3.629,2.05,27.56,56.88,56.85,56.5,57.68
2023-02-03 00:00:00+00:00,111.0,112.48,0.8,48597.97,,,,3141.5,2.047,868908.0,,,3.629,2.05,27.56,55.95,55.93,55.5,57.13
2023-02-06 00:00:00+00:00,109.2,110.67,0.82,47815.96,,,,2930.7,2.047,868908.0,,,3.629,2.05,27.56,55.07,55.03,54.6,56.0
2023-02-07 00:00:00+00:00,108.5,109.99,0.82,47520.52,,,,2973.8,2.047,868908.0,,,3.629,2.05,27.56,54.69,54.68,54.32,55.39
2023-02-08 00:00:00+00:00,107.0,108.4,0.83,46834.07,,,,2630.7,2.047,868908.0,,,3.629,2.05,27.56,53.91,53.9,53.88,55.25
2023-02-09 00:00:00+00:00,109.9,111.35,0.81,48111.37,,,,3948.1,2.047,868908.0,,,3.629,2.05,27.56,55.37,55.35,53.26,55.54
2023-02-10 00:00:00+00:00,108.8,110.23,0.82,47624.8,,,,2310.6,2.047,868908.0,,,3.629,2.05,27.56,54.84,54.81,54.7,55.54
2023-02-13 00:00:00+00:00,108.8,110.23,0.82,47624.8,,,,2802.3,2.047,868908.0,,,3.629,2.05,27.56,54.81,54.8,54.1,55.18
2023-02-14 00:00:00+00:00,107.6,109.0,0.83,47094.78,,,,3140.0,2.047,868908.0,,,3.629,2.05,27.56,54.2,54.19,53.71,55.29
2023-02-15 00:00:00+00:00,106.4,107.86,0.84,46599.49,,,,3537.9,2.047,868908.0,,,3.629,2.05,27.56,53.63,53.62,53.3,54.33
2023-02-16 00:00:00+00:00,105.2,106.59,0.85,46052.06,,,,3983.3,2.083,868908.0,,,3.844,2.08,26.02,53.0,52.99,52.68,54.38
2023-02-17 00:00:00+00:00,102.8,104.19,0.87,45018.07,,,,3950.8,2.083,868908.0,,,3.844,2.08,26.02,51.83,51.81,51.79,53.22
2023-02-20 00:00:00+00:00,102.4,103.77,0.87,44835.59,,,,3673.5,2.083,868908.0,,,3.844,2.08,26.02,51.6,51.55,50.68,52.25
2023-02-21 00:00:00+00:00,101.9,103.29,0.88,44627.07,,,,2833.2,2.083,868908.0,,,3.844,2.08,26.02,51.37,51.36,51.02,52.15
2023-02-22 00:00:00+00:00,101.7,103.07,0.88,44531.5,,,,2039.2,2.083,868908.0,,,3.844,2.08,26.02,51.26,51.25,51.0,51.78
2023-02-23 00:00:00+00:00,101.7,103.03,0.88,44514.1,,,,2680.8,2.083,868908.0,,,3.844,2.08,26.02,51.24,51.23,50.85,51.42
2023-02-24 00:00:00+00:00,101.3,102.65,0.88,44349.03,,,,2225.2,2.083,868908.0,,,3.844,2.08,26.02,51.04,51.03,50.91,51.53
2023-02-27 00:00:00+00:00,102.5,103.87,0.87,44879.05,,,,3455.1,2.083,868908.0,,,3.844,2.08,26.02,51.65,51.63,50.68,52.0
2023-02-28 00:00:00+00:00,102.7,104.07,0.87,44965.93,,,,3338.8,2.083,868908.0,,,3.844,2.08,26.02,51.75,51.74,50.98,52.59
2023-03-01 00:00:00+00:00,103.2,104.56,0.87,45174.5,,,,3249.9,2.083,868908.0,,,3.844,2.08,26.02,52.0,51.99,51.39,52.3
2023-03-02 00:00:00+00:00,103.3,104.7,0.86,45235.32,,,,3041.4,2.083,868908.0,,,3.844,2.08,26.02,52.13,52.06,51.7,52.51
2023-03-03 00:00:00+00:00,107.2,108.68,0.83,46955.72,,,,7004.6,2.083,868908.0,,,3.844,2.08,26.02,54.05,54.04,52.15,54.26
2023-03-06 00:00:00+00:00,107.4,108.8,0.83,47007.86,,,,4050.1,2.083,868908.0,,,3.844,2.08,26.02,54.1,54.09,53.0,54.62
2023-03-07 00:00:00+00:00,105.9,107.27,0.84,46347.51,,,,2847.6,2.083,868908.0,,,3.844,2.08,26.02,53.34,53.32,53.21,54.63
2023-03-08 00:00:00+00:00,105.3,106.69,0.85,46095.52,,,,2248.0,2.083,868908.0,,,3.844,2.08,26.02,53.05,52.97,52.58,53.68
2023-03-09 00:00:00+00:00,108.7,110.15,0.82,47590.03,,,,6842.8,2.083,868908.0,,,3.844,2.08,26.02,54.77,54.75,52.61,55.47
2023-03-10 00:00:00+00:00,106.1,107.49,0.84,46443.07,,,,3644.6,2.083,868908.0,,,3.844,2.08,26.02,53.46,53.45,53.4,55.12
2023-03-13 00:00:00+00:00,106.6,108.06,0.84,46686.37,,,,3862.6,2.083,868908.0,,,3.844,2.08,26.02,53.73,53.72,52.48,53.98
2023-03-14 00:00:00+00:00,106.2,107.65,0.84,46512.58,,,,2629.0,2.083,868908.0,,,3.844,2.08,26.02,53.57,53.53,52.8,53.97
2023-03-15 00:00:00+00:00,107.0,108.4,0.83,46834.07,,,,3448.5,2.083,868908.0,,,3.844,2.08,26.02,53.9,53.89,53.29,54.33
2023-03-16 00:00:00+00:00,100.2,101.56,0.89,43879.79,,,,6297.4,2.105,868908.0,,,3.932,2.1,25.43,50.51,50.5,50.4,54.28
2023-03-17 00:00:00+00:00,100.2,101.58,0.89,43888.47,,,,7015.4,2.105,868908.0,,,3.932,2.1,25.43,50.51,50.48,49.49,51.26
2023-03-20 00:00:00+00:00,98.3,99.63,0.91,43045.64,,,,4350.8,2.105,868908.0,,,3.932,2.1,25.43,49.54,49.52,49.12,50.6
2023-03-21 00:00:00+00:00,101.5,102.87,0.88,44444.59,,,,4180.8,2.105,868908.0,,,3.932,2.1,25.43,51.19,51.15,49.66,51.7
2023-03-22 00:00:00+00:00,102.3,103.67,0.87,44792.18,,,,3236.6,2.105,868908.0,,,3.932,2.1,25.43,51.55,51.54,51.01,52.3
2023-03-23 00:00:00+00:00,101.9,103.23,0.88,44601.02,,,,3080.8,2.105,868908.0,,,3.932,2.1,25.43,51.35,51.33,51.0,51.9
2023-03-24 00:00:00+00:00,101.8,103.17,0.88,44574.92,,,,3159.9,2.105,868908.0,,,3.932,2.1,25.43,51.32,51.3,51.19,52.47
2023-03-27 00:00:00+00:00,100.5,101.84,0.89,44001.44,,,,2285.4,2.105,868908.0,,,3.932,2.1,25.43,50.69,50.64,50.3,51.21
2023-03-28 00:00:00+00:00,98.9,100.19,0.9,43288.94,,,,2712.1,2.105,868908.0,,,3.932,2.1,25.43,49.82,49.75,49.61,51.1
2023-03-29 00:00:00+00:00,99.2,100.49,0.9,43419.28,,,,3268.9,2.105,868908.0,,,3.932,2.1,25.43,49.98,49.97,49.49,50.24
2023-03-30 00:00:00+00:00,99.6,100.94,0.9,43610.44,,,,2542.4,2.105,868908.0,,,3.932,2.1,25.43,50.2,50.19,49.56,50.78
2023-03-31 00:00:00+00:00,94.7,96.01,0.94,41481.65,,,,7338.3,2.105,868908.0,,,3.932,2.1,25.43,47.74,47.73,47.67,50.73
2023-04-03 00:00:00+00:00,96.5,97.76,0.93,42237.59,,,,5812.2,2.105,868908.0,,,3.932,2.1,25.43,48.62,48.61,47.7,49.0
2023-04-04 00:00:00+00:00,94.9,96.19,0.94,41559.84,,,,6197.1,2.105,868908.0,,,3.932,2.1,25.43,47.84,47.83,47.16,48.7
2023-04-05 00:00:00+00:00,94.9,96.19,0.94,41559.84,,,,,2.105,868908.0,,,3.932,2.1,25.43,,,,
2023-04-06 00:00:00+00:00,100.1,101.46,0.89,43836.38,,,,8289.5,2.105,868908.0,,,3.932,2.1,25.43,50.46,50.45,47.33,51.41
2023-04-07 00:00:00+00:00,103.3,104.66,0.86,45217.91,,,,7417.7,2.105,868908.0,,,3.932,2.1,25.43,52.05,52.04,50.03,52.48
2023-04-10 00:00:00+00:00,100.7,102.08,0.89,44105.73,,,,5348.5,2.105,868908.0,,,3.932,2.1,25.43,50.77,50.76,50.41,52.8
2023-04-11 00:00:00+00:00,100.3,101.64,0.89,43914.57,,,,5283.5,2.105,868908.0,,,3.932,2.1,25.43,50.55,50.54,49.7,51.4
2023-04-12 00:00:00+00:00,100.6,101.9,0.89,44027.54,,,,3003.9,2.105,868908.0,,,3.932,2.1,25.43,50.67,50.66,50.03,50.95
2023-04-13 00:00:00+00:00,97.3,98.6,0.92,42602.53,,,,5001.2,2.105,868908.0,,,3.932,2.1,25.43,49.03,49.02,48.84,50.56
2023-04-14 00:00:00+00:00,98.8,100.15,0.9,43271.57,,,,4892.5,2.105,868908.0,,,3.932,2.1,25.43,49.83,49.8,48.61,50.31
2023-04-17 00:00:00+00:00,98.4,99.75,0.91,43097.78,,,,2824.9,2.105,868908.0,,,3.932,2.1,25.43,49.61,49.6,49.27,50.27
2023-04-18 00:00:00+00:00,98.2,99.53,0.91,43002.22,,,,2796.6,2.105,868908.0,,,3.932,2.1,25.43,49.6,49.49,48.94,49.87
2023-04-19 00:00:00+00:00,95.5,96.73,0.94,41794.45,,,,4504.3,2.105,868908.0,,,3.932,2.1,25.43,48.11,48.1,47.88,49.49
2023-04-20 00:00:00+00:00,96.0,97.3,0.93,42037.75,,,,3807.4,2.127,868908.0,,,4.297,2.13,23.27,48.47,48.38,47.72,48.57
2023-04-21 00:00:00+00:00,94.5,95.73,0.95,41360.0,,,,4885.2,2.127,868908.0,,,4.297,2.13,23.27,47.6,47.58,47.33,49.85
2023-04-24 00:00:00+00:00,91.5,92.71,0.98,40056.64,,,,4934.2,2.127,868908.0,,,4.297,2.13,23.27,46.2,46.1,45.75,47.69
2023-04-25 00:00:00+00:00,88.9,90.1,1.0,38927.05,,,,5163.9,2.127,868908.0,,,4.297,2.13,23.27,44.82,44.8,44.21,46.8
2023-04-26 00:00:00+00:00,91.4,92.61,0.98,40013.19,,,,3259.3,2.127,868908.0,,,4.297,2.13,23.27,46.06,46.05,44.97,46.77
2023-04-27 00:00:00+00:00,92.4,93.62,0.97,40447.64,,,,3306.9,2.127,868908.0,,,4.297,2.13,23.27,46.58,46.55,45.8,46.92
2023-04-28 00:00:00+00:00,92.4,93.64,0.97,40456.33,,,,2900.2,2.127,868908.0,,,4.297,2.13,23.27,46.56,46.55,45.88,47.2
2023-05-01 00:00:00+00:00,92.4,93.64,0.97,40456.33,,,,,2.127,868908.0,,,4.297,2.13,23.27,,,,
2023-05-02 00:00:00+00:00,92.4,93.64,0.97,40456.33,,,,,2.127,868908.0,,,4.297,2.13,23.27,,,,
2023-05-03 00:00:00+00:00,92.4,93.64,0.97,40456.33,,,,,2.127,868908.0,,,4.297,2.13,23.27,,,,
2023-05-04 00:00:00+00:00,95.2,96.49,0.94,41690.18,,,,5229.1,2.127,868908.0,,,4.297,2.13,23.27,47.98,47.97,46.63,48.88
2023-05-05 00:00:00+00:00,96.1,97.34,0.93,42055.11,,,,4450.0,2.127,868908.0,,,4.297,2.13,23.27,48.4,48.37,47.24,48.66
2023-05-08 00:00:00+00:00,95.9,97.14,0.93,41968.23,,,,2515.2,2.127,868908.0,,,4.297,2.13,23.27,48.3,48.27,47.94,48.85
2023-05-09 00:00:00+00:00,95.4,96.63,0.94,41751.0,,,,3920.9,2.127,868908.0,,,4.297,2.13,23.27,48.05,48.04,48.0,49.7
2023-05-10 00:00:00+00:00,94.2,95.43,0.95,41229.66,,,,3057.3,2.127,868908.0,,,4.297,2.13,23.27,47.45,47.43,47.04,48.49
2023-05-11 00:00:00+00:00,93.9,95.14,0.95,41108.01,,,,1927.8,2.127,868908.0,,,4.297,2.13,23.27,47.31,47.3,47.12,47.98
2023-05-12 00:00:00+00:00,91.2,92.41,0.98,39926.3,,,,3295.0,2.127,868908.0,,,4.297,2.13,23.27,45.96,45.95,45.89,47.59
2023-05-15 00:00:00+00:00,92.7,93.92,0.96,40577.97,,,,1848.7,2.127,868908.0,,,4.297,2.13,23.27,46.7,46.69,45.52,46.71
2023-05-16 00:00:00+00:00,92.3,93.52,0.97,40404.2,,,,1463.9,2.127,868908.0,,,4.297,2.13,23.27,46.55,46.5,46.34,47.28
2023-05-17 00:00:00+00:00,93.2,94.48,0.96,40821.27,,,,2566.7,2.127,868908.0,,,4.297,2.13,23.27,46.98,46.96,46.04,47.44
2023-05-18 00:00:00+00:00,93.5,94.78,0.95,40951.61,,,,2195.4,2.179,868908.0,,,4.686,2.18,21.34,47.13,47.1,46.53,47.4
2023-05-19 00:00:00+00:00,93.8,95.04,0.95,41064.56,,,,2259.9,2.179,868908.0,,,4.686,2.18,21.34,47.31,47.26,46.56,47.58
2023-05-22 00:00:00+00:00,92.5,93.74,0.97,40499.78,,,,1765.5,2.179,868908.0,,,4.686,2.18,21.34,46.64,46.61,46.56,47.49
2023-05-23 00:00:00+00:00,89.9,91.1,0.99,39361.51,,,,3313.7,2.179,868908.0,,,4.686,2.18,21.34,45.3,45.29,45.3,46.8
2023-05-24 00:00:00+00:00,88.9,90.06,1.0,38909.67,,,,2144.3,2.179,868908.0,,,4.686,2.18,21.34,44.94,44.78,44.7,45.65
2023-05-25 00:00:00+00:00,89.5,90.66,1.0,39170.35,,,,2380.3,2.179,868908.0,,,4.686,2.18,21.34,45.08,45.07,44.38,45.15
2023-05-26 00:00:00+00:00,89.1,90.28,1.0,39005.25,,,,1546.9,2.179,868908.0,,,4.686,2.18,21.34,44.9,44.89,44.51,45.2
2023-05-29 00:00:00+00:00,87.1,88.27,1.03,38136.35,,,,3045.2,2.179,868908.0,,,4.686,2.18,21.34,43.89,43.88,43.45,45.01
2023-05-30 00:00:00+00:00,92.5,93.74,0.97,40499.78,,,,7344.9,2.179,868908.0,,,4.686,2.18,21.34,46.61,46.6,43.68,46.9
2023-05-31 00:00:00+00:00,90.8,92.03,0.98,39761.2,,,,4205.0,2.179,868908.0,,,4.686,2.18,21.34,45.88,45.76,45.76,46.85
2023-06-01 00:00:00+00:00,88.0,89.19,1.01,38536.05,,,,5422.8,2.176,868908.0,,,4.907,2.18,20.38,44.36,44.35,43.96,46.0
2023-06-02 00:00:00+00:00,87.9,89.11,1.02,38501.29,,,,2624.8,2.176,868908.0,,,4.907,2.18,20.38,44.32,44.31,44.02,44.66
2023-06-05 00:00:00+00:00,,,,,,,,,,,,,,2.18,20.38,43.08,43.02,42.97,44.96
