,0,1,2,3,4,5,6,7,8,9,10,11,12,13,14,15,16,17,18
Name,F&F - PRICE INDEX,F&F - TOT RETURN IND,F&F - DIVIDEND YIELD,F&F - MARKET VALUE,F&F - PER,F&F - EARNINGS PER SHR,F&F - PRICE TO BOOK VAL,F&F - TURNOVER BY VOLUME,F&F - 12MTH FORWARD EPS,F&F - NUMBER OF SHARES,F&F - NET SALES OR REVENUES,F&F - P/CSH ADJUSTED,F&F - 12 MONTH FORWARD EARN. YIELD,F&F - EPS 12M FWD,F&F - PE RATIO 12M FWD,F&F - ASK PRICE,F&F - BID PRICE,F&F - PRICE LOW,F&F - PRICE HIGH
MNEM,KO:FF,KO:FF,KO:FF,KO:FF,KO:FF,KO:FF,KO:FF,KO:FF,KO:FF,KO:FF,KO:FF,KO:FF,KO:FF,KO:FF,KO:FF,KO:FF,KO:FF,KO:FF,KO:FF
DATATYPE,PI,RI,DY,MV,PE,EPS,PTBV,VO,EPS1FD12,NOSH,WC01001,APC,529E,DIEP,DIPE,PA,PB,PL,PH
NAME,F&F,F&F,F&F,F&F,F&F,F&F,F&F,F&F,F&F,F&F,F&F,F&F,F&F,F&F,F&F,F&F,F&F,F&F,F&F
SECD,BP2NF51,BP2NF51,BP2NF51,BP2NF51,BP2NF51,BP2NF51,BP2NF51,BP2NF51,BP2NF51,BP2NF51,BP2NF51,BP2NF51,BP2NF51,BP2NF51,BP2NF51,BP2NF51,BP2NF51,BP2NF51,BP2NF51
ISIN,KR7383220001,KR7383220001,KR7383220001,KR7383220001,KR7383220001,KR7383220001,KR7383220001,KR7383220001,KR7383220001,KR7383220001,KR7383220001,KR7383220001,KR7383220001,KR7383220001,KR7383220001,KR7383220001,KR7383220001,KR7383220001,KR7383220001
CODON,SOUTH KOREA,SOUTH KOREA,SOUTH KOREA,SOUTH KOREA,SOUTH KOREA,SOUTH KOREA,SOUTH KOREA,SOUTH KOREA,SOUTH KOREA,SOUTH KOREA,SOUTH KOREA,SOUTH KOREA,SOUTH KOREA,SOUTH KOREA,SOUTH KOREA,SOUTH KOREA,SOUTH KOREA,SOUTH KOREA,SOUTH KOREA
ISOCUR,KRW,KRW,KRW,KRW,KRW,KRW,KRW,KRW,KRW,KRW,KRW,KRW,KRW,KRW,KRW,KRW,KRW,KRW,KRW
2021-01-01 00:00:00+00:00,,,,,,,,,,,1089172087.0,,,,,,,,
2021-01-04 00:00:00+00:00,,,,,,,,,,,1089172087.0,,,,,,,,
2021-01-05 00:00:00+00:00,,,,,,,,,,,1089172087.0,,,,,,,,
2021-01-06 00:00:00+00:00,,,,,,,,,,,1089172087.0,,,,,,,,
2021-01-07 00:00:00+00:00,,,,,,,,,,,1089172087.0,,,,,,,,
2021-01-08 00:00:00+00:00,,,,,,,,,,,1089172087.0,,,,,,,,
2021-01-11 00:00:00+00:00,,,,,,,,,,,1089172087.0,,,,,,,,
2021-01-12 00:00:00+00:00,,,,,,,,,,,1089172087.0,,,,,,,,
2021-01-13 00:00:00+00:00,,,,,,,,,,,1089172087.0,,,,,,,,
2021-01-14 00:00:00+00:00,,,,,,,,,,,1089172087.0,,,,,,,,
2021-01-15 00:00:00+00:00,,,,,,,,,,,1089172087.0,,,,,,,,
2021-01-18 00:00:00+00:00,,,,,,,,,,,1089172087.0,,,,,,,,
2021-01-19 00:00:00+00:00,,,,,,,,,,,1089172087.0,,,,,,,,
2021-01-20 00:00:00+00:00,,,,,,,,,,,1089172087.0,,,,,,,,
2021-01-21 00:00:00+00:00,,,,,,,,,,,1089172087.0,,,,,,,,
2021-01-22 00:00:00+00:00,,,,,,,,,,,1089172087.0,,,,,,,,
2021-01-25 00:00:00+00:00,,,,,,,,,,,1089172087.0,,,,,,,,
2021-01-26 00:00:00+00:00,,,,,,,,,,,1089172087.0,,,,,,,,
2021-01-27 00:00:00+00:00,,,,,,,,,,,1089172087.0,,,,,,,,
2021-01-28 00:00:00+00:00,,,,,,,,,,,1089172087.0,,,,,,,,
2021-01-29 00:00:00+00:00,,,,,,,,,,,1089172087.0,,,,,,,,
2021-02-01 00:00:00+00:00,,,,,,,,,,,1089172087.0,,,,,,,,
2021-02-02 00:00:00+00:00,,,,,,,,,,,1089172087.0,,,,,,,,
2021-02-03 00:00:00+00:00,,,,,,,,,,,1089172087.0,,,,,,,,
2021-02-04 00:00:00+00:00,,,,,,,,,,,1089172087.0,,,,,,,,
2021-02-05 00:00:00+00:00,,,,,,,,,,,1089172087.0,,,,,,,,
2021-02-08 00:00:00+00:00,,,,,,,,,,,1089172087.0,,,,,,,,
2021-02-09 00:00:00+00:00,,,,,,,,,,,1089172087.0,,,,,,,,
2021-02-10 00:00:00+00:00,,,,,,,,,,,1089172087.0,,,,,,,,
2021-02-11 00:00:00+00:00,,,,,,,,,,,1089172087.0,,,,,,,,
2021-02-12 00:00:00+00:00,,,,,,,,,,,1089172087.0,,,,,,,,
2021-02-15 00:00:00+00:00,,,,,,,,,,,1089172087.0,,,,,,,,
2021-02-16 00:00:00+00:00,,,,,,,,,,,1089172087.0,,,,,,,,
2021-02-17 00:00:00+00:00,,,,,,,,,,,1089172087.0,,,,,,,,
2021-02-18 00:00:00+00:00,,,,,,,,,,,1089172087.0,,,,,,,,
2021-02-19 00:00:00+00:00,,,,,,,,,,,1089172087.0,,,,,,,,
2021-02-22 00:00:00+00:00,,,,,,,,,,,1089172087.0,,,,,,,,
2021-02-23 00:00:00+00:00,,,,,,,,,,,1089172087.0,,,,,,,,
2021-02-24 00:00:00+00:00,,,,,,,,,,,1089172087.0,,,,,,,,
2021-02-25 00:00:00+00:00,,,,,,,,,,,1089172087.0,,,,,,,,
2021-02-26 00:00:00+00:00,,,,,,,,,,,1089172087.0,,,,,,,,
2021-03-01 00:00:00+00:00,,,,,,,,,,,1089172087.0,,,,,,,,
2021-03-02 00:00:00+00:00,,,,,,,,,,,1089172087.0,,,,,,,,
2021-03-03 00:00:00+00:00,,,,,,,,,,,1089172087.0,,,,,,,,
2021-03-04 00:00:00+00:00,,,,,,,,,,,1089172087.0,,,,,,,,
2021-03-05 00:00:00+00:00,,,,,,,,,,,1089172087.0,,,,,,,,
2021-03-08 00:00:00+00:00,,,,,,,,,,,1089172087.0,,,,,,,,
2021-03-09 00:00:00+00:00,,,,,,,,,,,1089172087.0,,,,,,,,
2021-03-10 00:00:00+00:00,,,,,,,,,,,1089172087.0,,,,,,,,
2021-03-11 00:00:00+00:00,,,,,,,,,,,1089172087.0,,,,,,,,
2021-03-12 00:00:00+00:00,,,,,,,,,,,1089172087.0,,,,,,,,
2021-03-15 00:00:00+00:00,,,,,,,,,,,1089172087.0,,,,,,,,
2021-03-16 00:00:00+00:00,,,,,,,,,,,1089172087.0,,,,,,,,
2021-03-17 00:00:00+00:00,,,,,,,,,,,1089172087.0,,,,,,,,
2021-03-18 00:00:00+00:00,,,,,,,,,,,1089172087.0,,,,,,,,
2021-03-19 00:00:00+00:00,,,,,,,,,,,1089172087.0,,,,,,,,
2021-03-22 00:00:00+00:00,,,,,,,,,,,1089172087.0,,,,,,,,
2021-03-23 00:00:00+00:00,,,,,,,,,,,1089172087.0,,,,,,,,
2021-03-24 00:00:00+00:00,,,,,,,,,,,1089172087.0,,,,,,,,
2021-03-25 00:00:00+00:00,,,,,,,,,,,1089172087.0,,,,,,,,
2021-03-26 00:00:00+00:00,,,,,,,,,,,1089172087.0,,,,,,,,
2021-03-29 00:00:00+00:00,,,,,,,,,,,1089172087.0,,,,,,,,
2021-03-30 00:00:00+00:00,,,,,,,,,,,1089172087.0,,,,,,,,
2021-03-31 00:00:00+00:00,,,,,,,,,,,1089172087.0,,,,,,,,
2021-04-01 00:00:00+00:00,,,,,,,,,,,1089172087.0,,,,,,,,
2021-04-02 00:00:00+00:00,,,,,,,,,,,1089172087.0,,,,,,,,
2021-04-05 00:00:00+00:00,,,,,,,,,,,1089172087.0,,,,,,,,
2021-04-06 00:00:00+00:00,,,,,,,,,,,1089172087.0,,,,,,,,
2021-04-07 00:00:00+00:00,,,,,,,,,,,1089172087.0,,,,,,,,
2021-04-08 00:00:00+00:00,,,,,,,,,,,1089172087.0,,,,,,,,
2021-04-09 00:00:00+00:00,,,,,,,,,,,1089172087.0,,,,,,,,
2021-04-12 00:00:00+00:00,,,,,,,,,,,1089172087.0,,,,,,,,
2021-04-13 00:00:00+00:00,,,,,,,,,,,1089172087.0,,,,,,,,
2021-04-14 00:00:00+00:00,,,,,,,,,,,1089172087.0,,,,,,,,
2021-04-15 00:00:00+00:00,,,,,,,,,,,1089172087.0,,,,,,,,
2021-04-16 00:00:00+00:00,,,,,,,,,,,1089172087.0,,,,,,,,
2021-04-19 00:00:00+00:00,,,,,,,,,,,1089172087.0,,,,,,,,
2021-04-20 00:00:00+00:00,,,,,,,,,,,1089172087.0,,,,,,,,
2021-04-21 00:00:00+00:00,,,,,,,,,,,1089172087.0,,,,,,,,
2021-04-22 00:00:00+00:00,,,,,,,,,,,1089172087.0,,,,,,,,
2021-04-23 00:00:00+00:00,,,,,,,,,,,1089172087.0,,,,,,,,
2021-04-26 00:00:00+00:00,,,,,,,,,,,1089172087.0,,,,,,,,
2021-04-27 00:00:00+00:00,,,,,,,,,,,1089172087.0,,,,,,,,
2021-04-28 00:00:00+00:00,,,,,,,,,,,1089172087.0,,,,,,,,
2021-04-29 00:00:00+00:00,,,,,,,,,,,1089172087.0,,,,,,,,
2021-04-30 00:00:00+00:00,,,,,,,,,,,1089172087.0,,,,,,,,
2021-05-03 00:00:00+00:00,,,,,,,,,,,1089172087.0,,,,,,,,
2021-05-04 00:00:00+00:00,,,,,,,,,,,1089172087.0,,,,,,,,
2021-05-05 00:00:00+00:00,,,,,,,,,,,1089172087.0,,,,,,,,
2021-05-06 00:00:00+00:00,,,,,,,,,,,1089172087.0,,,,,,,,
2021-05-07 00:00:00+00:00,,,,,,,,,,,1089172087.0,,,,,,,,
2021-05-10 00:00:00+00:00,,,,,,,,,,,1089172087.0,,,,,,,,
2021-05-11 00:00:00+00:00,,,,,,,,,,,1089172087.0,,,,,,,,
2021-05-12 00:00:00+00:00,,,,,,,,,,,1089172087.0,,,,,,,,
2021-05-13 00:00:00+00:00,,,,,,,,,,,1089172087.0,,,,,,,,
2021-05-14 00:00:00+00:00,,,,,,,,,,,1089172087.0,,,,,,,,
2021-05-17 00:00:00+00:00,,,,,,,,,,,1089172087.0,,,,,,,,
2021-05-18 00:00:00+00:00,,,,,,,,,,,1089172087.0,,,,,,,,
2021-05-19 00:00:00+00:00,,,,,,,,,,,1089172087.0,,,,,,,,
2021-05-20 00:00:00+00:00,,,,,,,,,,,1089172087.0,,,,,,,,
2021-05-21 00:00:00+00:00,100.0,100.0,0.0,3160334.0,,,5.77,2774.2,,7661.0,1089172087.0,9.55,,,,82499.94,82399.94,71999.94,93599.94
2021-05-24 00:00:00+00:00,107.9,107.88,0.0,3409330.0,,,6.22,879.9,,7661.0,1089172087.0,10.3,,,,88999.94,88899.94,81499.94,90999.94
2021-05-25 00:00:00+00:00,104.2,104.24,0.0,3294409.0,,,6.01,514.2,,7661.0,1089172087.0,9.96,,,,85999.94,85899.94,83199.94,88999.94
2021-05-26 00:00:00+00:00,105.8,105.82,0.0,3344208.0,,,6.1,503.1,,7661.0,1089172087.0,10.11,,,,87299.94,87199.94,81199.94,88599.94
2021-05-27 00:00:00+00:00,105.8,105.82,0.0,3344208.0,,,6.1,349.2,,7661.0,1089172087.0,10.11,,,,87299.94,86999.94,84399.94,87399.94
2021-05-28 00:00:00+00:00,108.4,108.36,0.0,3424653.0,,,6.25,409.9,,7661.0,1089172087.0,10.35,,,,89399.94,89299.94,86499.94,91999.94
2021-05-31 00:00:00+00:00,109.0,108.97,0.0,3443806.0,,,6.28,233.4,,7661.0,1089172087.0,10.41,,,,89899.94,89799.94,86399.94,89999.94
2021-06-01 00:00:00+00:00,119.4,119.39,0.0,3773247.0,,,6.88,689.0,,7661.0,1089172087.0,11.4,,,,98599.94,98499.94,89399.94,98999.94
2021-06-02 00:00:00+00:00,117.1,117.09,0.0,3700464.0,,,6.75,363.0,,7661.0,1089172087.0,11.18,,,,96899.94,96599.94,95299.94,99199.94
2021-06-03 00:00:00+00:00,120.5,120.48,0.0,3807724.0,,,6.95,477.4,,7661.0,1089172087.0,11.51,,,,99399.94,99299.94,95799.94,102999.9
2021-06-04 00:00:00+00:00,117.6,117.58,0.0,3715786.0,,,6.78,225.6,,7661.0,1089172087.0,11.23,,,,97099.94,96999.94,96899.94,102599.9
2021-06-07 00:00:00+00:00,117.1,117.09,0.0,3700464.0,,,6.75,261.4,,7661.0,1089172087.0,11.18,,,,96599.94,96499.94,95299.94,100599.9
2021-06-08 00:00:00+00:00,118.2,118.18,0.0,3734940.0,,,6.81,188.7,,7661.0,1089172087.0,11.29,,,,97499.94,97099.94,94599.94,98499.94
2021-06-09 00:00:00+00:00,123.2,123.15,0.0,3891999.0,,,7.1,331.7,,7661.0,1089172087.0,11.76,,,,101999.9,101599.9,97699.94,103999.9
2021-06-10 00:00:00+00:00,129.0,128.97,0.0,4075873.0,,,7.44,313.5,,7661.0,1089172087.0,12.32,,,,106399.9,106199.9,100799.9,106399.9
2021-06-11 00:00:00+00:00,125.1,125.09,0.0,3953291.0,,,7.21,346.1,,7661.0,1089172087.0,11.95,,,,103399.9,103199.9,101799.9,107999.9
2021-06-14 00:00:00+00:00,122.4,122.42,0.0,3869015.0,,,7.06,178.0,,7661.0,1089172087.0,11.69,,,,101199.9,100999.9,100399.9,103999.9
2021-06-15 00:00:00+00:00,125.1,125.09,0.0,3953291.0,,,7.21,231.1,,7661.0,1089172087.0,11.95,,,,103199.9,102999.9,100999.9,105399.9
2021-06-16 00:00:00+00:00,121.9,121.94,0.0,3853692.0,,,7.03,213.0,,7661.0,1089172087.0,11.65,,,,100799.9,100599.9,99899.94,103199.9
2021-06-17 00:00:00+00:00,119.4,119.39,0.0,3773247.0,,,6.88,247.6,,7661.0,1089172087.0,11.4,,,,98599.94,98499.94,97899.94,101999.9
2021-06-18 00:00:00+00:00,125.8,125.82,0.0,3976275.0,,,7.26,318.1,,7661.0,1089172087.0,12.02,,,,103799.9,103599.9,97999.94,103999.9
2021-06-21 00:00:00+00:00,127.3,127.27,0.0,4022243.0,,,7.34,292.3,,7661.0,1089172087.0,12.16,,,,105199.9,104999.9,102199.9,108799.9
2021-06-22 00:00:00+00:00,133.3,133.33,0.0,4213779.0,,,7.69,314.0,,7661.0,1089172087.0,12.74,,,,109999.9,109599.9,105399.9,111399.9
2021-06-23 00:00:00+00:00,137.5,137.45,0.0,4344023.0,,,7.93,244.3,,7661.0,1089172087.0,13.13,,,,113399.9,113199.9,110199.9,114999.9
2021-06-24 00:00:00+00:00,131.9,131.88,0.0,4167811.0,,,7.6,271.2,,7661.0,1089172087.0,12.6,,,,108999.9,108799.9,107199.9,114999.9
2021-06-25 00:00:00+00:00,130.4,130.42,0.0,4121842.0,,,7.52,194.5,,7661.0,1089172087.0,12.46,,,,107599.9,107399.9,106599.9,112199.9
2021-06-28 00:00:00+00:00,134.1,134.06,0.0,4236763.0,,,7.73,174.0,,7661.0,1089172087.0,12.8,,,,110599.9,110399.9,105199.9,110999.9
2021-06-29 00:00:00+00:00,136.2,136.24,0.0,4305716.0,,,7.86,194.4,,7661.0,1089172087.0,13.01,,,,112799.9,112399.9,108399.9,113399.9
2021-06-30 00:00:00+00:00,135.8,135.76,0.0,4290393.0,,,7.83,159.0,,7661.0,1089172087.0,12.97,,,,111999.9,111399.9,109599.9,113799.9
2021-07-01 00:00:00+00:00,131.9,131.88,0.0,4167811.0,,,7.6,276.0,,7661.0,1089172087.0,12.6,,,,108799.9,108599.9,106599.9,111799.9
2021-07-02 00:00:00+00:00,128.7,128.73,0.0,4068212.0,,,7.42,447.0,,7661.0,1089172087.0,12.3,,,,106199.9,105799.9,102599.9,108399.9
2021-07-05 00:00:00+00:00,127.3,127.27,0.0,4022243.0,,,7.34,124.0,,7661.0,1089172087.0,12.16,,,,104999.9,104799.9,104199.9,107999.9
2021-07-06 00:00:00+00:00,127.3,127.27,0.0,4022243.0,,,7.34,182.3,,7661.0,1089172087.0,12.16,,,,105199.9,104999.9,103399.9,107199.9
2021-07-07 00:00:00+00:00,126.1,126.06,0.0,3983936.0,,,7.27,180.4,,7661.0,1089172087.0,12.04,,,,103999.9,103799.9,103199.9,106199.9
2021-07-08 00:00:00+00:00,123.2,123.15,0.0,3891999.0,,,7.1,272.4,,7661.0,1089172087.0,11.76,,,,101799.9,101599.9,99299.94,104799.9
2021-07-09 00:00:00+00:00,127.8,127.76,0.0,4037566.0,,,7.37,336.0,,7661.0,1089172087.0,12.2,,,,105599.9,105399.9,99699.94,105999.9
2021-07-12 00:00:00+00:00,129.7,129.7,0.0,4098858.0,,,7.48,186.8,,7661.0,1089172087.0,12.39,,,,107199.9,106999.9,104399.9,108999.9
2021-07-13 00:00:00+00:00,132.8,132.85,0.0,4198456.0,,,7.66,197.3,,7661.0,1089172087.0,12.69,,,,109599.9,109199.9,105399.9,109799.9
2021-07-14 00:00:00+00:00,133.1,133.09,0.0,4206118.0,,,7.67,155.8,,7661.0,1089172087.0,12.71,,,,109799.9,109199.9,106799.9,110399.9
2021-07-15 00:00:00+00:00,132.1,132.12,0.0,4175472.0,,,7.62,145.4,,7661.0,1089172087.0,12.62,,,,108999.9,108799.9,106999.9,110599.9
2021-07-16 00:00:00+00:00,127.3,127.27,0.0,4022243.0,,,7.34,200.7,,7661.0,1089172087.0,12.16,,,,105199.9,104999.9,103999.9,109399.9
2021-07-19 00:00:00+00:00,130.7,130.67,0.0,4129503.0,,,7.53,503.9,,7661.0,1089172087.0,12.48,,,,107999.9,107799.9,105199.9,111999.9
2021-07-20 00:00:00+00:00,139.9,139.88,0.0,4420637.0,,,8.07,749.0,,7661.0,1089172087.0,13.36,,,,115399.9,115199.9,109799.9,116199.9
2021-07-21 00:00:00+00:00,144.0,144.0,0.0,4550881.0,,,8.3,386.2,,7661.0,1089172087.0,13.75,,,,118799.9,118599.9,116799.9,119999.9
2021-07-22 00:00:00+00:00,145.2,145.21,0.0,4589188.0,,,8.37,195.5,,7661.0,1089172087.0,13.87,,,,119999.9,119799.9,114999.9,119999.9
2021-07-23 00:00:00+00:00,148.8,148.85,0.0,4704109.0,,,8.58,202.4,,7661.0,1089172087.0,14.22,,,,122999.9,122799.9,119799.9,125199.9
2021-07-26 00:00:00+00:00,149.6,149.58,0.0,4727093.0,,,8.63,164.1,,7661.0,1089172087.0,14.29,,,,123599.9,123399.9,120199.9,125199.9
2021-07-27 00:00:00+00:00,146.2,146.18,0.0,4619834.0,,,8.43,213.8,,7661.0,1089172087.0,13.96,,,,120599.9,120399.9,118399.9,124399.9
2021-07-28 00:00:00+00:00,142.1,142.06,0.0,4489590.0,,,8.19,147.9,,7661.0,1089172087.0,13.57,,,,117199.9,116999.9,116199.9,120999.9
2021-07-29 00:00:00+00:00,145.7,145.7,0.0,4604511.0,,,8.4,162.8,,7661.0,1089172087.0,13.92,,,,120199.9,119999.9,117199.9,122199.9
2021-07-30 00:00:00+00:00,145.5,145.45,0.0,4596850.0,,,8.39,97.1,,7661.0,1089172087.0,13.89,,,,119999.9,119599.9,117599.9,122199.9
2021-08-02 00:00:00+00:00,148.6,148.61,0.0,4696448.0,,,8.57,123.7,,7661.0,1089172087.0,14.19,,,,122799.9,122599.9,118999.9,122999.9
2021-08-03 00:00:00+00:00,148.8,148.85,0.0,4704109.0,,,8.58,121.5,,7661.0,1089172087.0,14.22,,,,122799.9,122599.9,118999.9,123399.9
2021-08-04 00:00:00+00:00,149.8,149.82,0.0,4734755.0,,,8.64,150.4,,7661.0,1089172087.0,14.31,,,,123799.9,123599.9,120999.9,124999.9
2021-08-05 00:00:00+00:00,153.9,153.94,0.0,4865000.0,,,8.88,189.5,,7661.0,1089172087.0,14.7,,,,126999.9,126799.9,121599.9,128799.9
2021-08-06 00:00:00+00:00,152.2,152.24,0.0,4811370.0,,,8.78,91.9,,7661.0,1089172087.0,14.54,,,,125799.9,125599.9,124399.9,128399.9
2021-08-09 00:00:00+00:00,153.7,153.7,0.0,4857338.0,,,8.86,83.0,,7661.0,1089172087.0,14.68,,,,126799.9,126599.9,125199.9,127599.9
2021-08-10 00:00:00+00:00,151.3,151.27,0.0,4780724.0,,,8.72,129.9,,7661.0,1089172087.0,14.45,,,,124999.9,124799.9,122799.9,128000.0
2021-08-11 00:00:00+00:00,154.2,154.18,0.0,4872661.0,,,8.89,162.5,,7661.0,1089172087.0,14.73,,,,127799.9,127199.9,123399.9,129399.9
2021-08-12 00:00:00+00:00,158.8,158.79,0.0,5018227.0,,,9.16,141.6,,7661.0,1089172087.0,15.17,,,,131199.9,130999.9,126399.9,131599.9
2021-08-13 00:00:00+00:00,160.0,160.0,0.0,5056534.0,,,9.23,141.0,,7661.0,1089172087.0,15.28,,,,131999.9,131799.9,129199.9,134999.9
2021-08-16 00:00:00+00:00,160.0,160.0,0.0,5056534.0,,,9.23,,,7661.0,1089172087.0,15.28,,,,,,,
2021-08-17 00:00:00+00:00,166.1,166.06,0.0,5248070.0,,,9.58,746.1,,7661.0,1089172087.0,15.86,,,,137199.9,136999.9,118199.9,138799.9
2021-08-18 00:00:00+00:00,175.8,175.76,0.0,5554527.0,,,10.13,485.5,,7661.0,1089172087.0,16.79,,,,144999.9,144799.9,133199.9,146999.9
2021-08-19 00:00:00+00:00,170.4,170.42,0.0,5385975.0,,,9.83,355.0,,7661.0,1089172087.0,16.28,,,,140799.9,140599.9,135999.9,146599.9
2021-08-20 00:00:00+00:00,164.6,164.61,0.0,5202102.0,,,9.49,322.6,,7661.0,1089172087.0,15.72,,,,135799.9,135599.9,132999.9,142399.9
2021-08-23 00:00:00+00:00,165.6,165.58,0.0,5232748.0,,,9.55,240.9,,7661.0,1089172087.0,15.81,,,,136799.9,136599.9,133399.9,139599.9
2021-08-24 00:00:00+00:00,169.9,169.94,0.0,5370653.0,,,9.8,250.7,,7661.0,1089172087.0,16.23,,,,140399.9,140199.9,133599.9,142199.9
2021-08-25 00:00:00+00:00,173.6,173.58,0.0,5485574.0,,,10.01,225.5,,7661.0,1089172087.0,16.58,,,,143399.9,143199.9,140199.9,149599.9
2021-08-26 00:00:00+00:00,178.4,178.42,0.0,5638802.0,,,10.29,160.0,,7661.0,1089172087.0,17.04,,,,147399.9,147199.9,143599.9,148399.9
2021-08-27 00:00:00+00:00,179.9,179.88,0.0,5684771.0,,,10.37,166.2,,7661.0,1089172087.0,17.18,,,,148599.9,148399.9,145999.9,150599.9
2021-08-30 00:00:00+00:00,179.9,179.88,0.0,5684771.0,,,10.37,128.5,,7661.0,1089172087.0,17.18,,,,148399.9,148199.9,140999.9,148599.9
2021-08-31 00:00:00+00:00,175.3,175.27,0.0,5539204.0,,,10.11,148.6,,7661.0,1089172087.0,16.74,,,,144799.9,144599.9,143999.9,148799.9
2021-09-01 00:00:00+00:00,173.8,173.82,0.0,5493236.0,,,10.02,165.7,,7661.0,1089172087.0,16.6,,,,143399.9,143199.9,139999.9,146199.9
2021-09-02 00:00:00+00:00,177.5,177.45,0.0,5608157.0,,,10.23,124.0,,7661.0,1089172087.0,16.95,,,,146399.9,146199.9,141799.9,147799.9
2021-09-03 00:00:00+00:00,179.6,179.64,0.0,5677109.0,,,10.36,168.1,,7661.0,1089172087.0,17.16,,,,148199.9,147999.9,145199.9,150999.9
2021-09-06 00:00:00+00:00,176.5,176.48,0.0,5577511.0,,,10.18,160.7,,7661.0,1089172087.0,16.86,,,,145599.9,145399.9,142999.9,147999.9
2021-09-07 00:00:00+00:00,181.3,181.33,0.0,5730739.0,,,10.46,152.0,,7661.0,1089172087.0,17.32,,,,149799.9,149599.9,144199.9,150399.9
2021-09-08 00:00:00+00:00,183.0,183.03,0.0,5784369.0,,,10.55,102.5,,7661.0,1089172087.0,17.48,,,,150999.9,150799.9,147999.9,151999.9
2021-09-09 00:00:00+00:00,182.3,182.3,0.0,5761385.0,,,10.51,169.6,,7661.0,1089172087.0,17.41,,,,150399.9,149999.9,146199.9,151199.9
2021-09-10 00:00:00+00:00,187.4,187.39,0.0,5922275.0,,,10.81,234.4,,7661.0,1089172087.0,17.9,,,,154799.9,154599.9,149399.9,155999.9
2021-09-13 00:00:00+00:00,184.0,184.0,0.0,5815015.0,,,10.61,567.8,,7661.0,1089172087.0,17.57,,,,151799.9,151599.9,142599.9,157799.9
2021-09-14 00:00:00+00:00,178.2,178.18,0.0,5631141.0,,,10.27,290.9,,7661.0,1089172087.0,17.02,,,,147399.9,146999.9,145599.9,151199.9
2021-09-15 00:00:00+00:00,179.2,179.15,0.0,5661787.0,,,10.33,198.6,,7661.0,1089172087.0,17.11,,,,147799.9,147399.9,144399.9,148399.9
2021-09-16 00:00:00+00:00,175.3,175.27,0.0,5539204.0,,,10.11,160.4,8135.5,7661.0,1089172087.0,16.74,5.534,8135.5,18.07,144799.9,144599.9,144199.9,148799.9
2021-09-17 00:00:00+00:00,172.6,172.61,0.0,5454928.0,,,9.95,230.4,8135.5,7661.0,1089172087.0,16.49,5.534,8135.5,18.07,142399.9,142199.9,139999.9,144199.9
2021-09-20 00:00:00+00:00,172.6,172.61,0.0,5454928.0,,,9.95,,8135.5,7661.0,1089172087.0,16.49,5.534,8135.5,18.07,,,,
2021-09-21 00:00:00+00:00,172.6,172.61,0.0,5454928.0,,,9.95,,8135.5,7661.0,1089172087.0,16.49,5.534,8135.5,18.07,,,,
2021-09-22 00:00:00+00:00,172.6,172.61,0.0,5454928.0,,,9.95,,8135.5,7661.0,1089172087.0,16.49,5.534,8135.5,18.07,,,,
2021-09-23 00:00:00+00:00,169.2,169.21,0.0,5347668.0,,,9.76,292.8,8135.5,7661.0,1089172087.0,16.16,5.534,8135.5,18.07,139599.9,139399.9,134999.9,141599.9
2021-09-24 00:00:00+00:00,177.2,177.21,0.0,5600496.0,,,10.22,221.8,8135.5,7661.0,1089172087.0,16.93,5.534,8135.5,18.07,146199.9,144599.9,140399.9,146799.9
2021-09-27 00:00:00+00:00,175.5,175.52,0.0,5546866.0,,,10.12,140.6,8135.5,7661.0,1089172087.0,16.76,5.534,8135.5,18.07,144799.9,144599.9,141399.9,146799.9
2021-09-28 00:00:00+00:00,169.7,169.7,0.0,5362991.0,,,9.79,166.9,8135.5,7661.0,1089172087.0,16.21,5.534,8135.5,18.07,140199.9,139999.9,138799.9,146199.9
2021-09-29 00:00:00+00:00,164.4,164.36,0.0,5194441.0,,,9.48,295.1,8135.5,7661.0,1089172087.0,15.7,5.534,8135.5,18.07,135599.9,135199.9,131199.9,137199.9
2021-09-30 00:00:00+00:00,171.9,171.88,0.0,5431944.0,,,9.91,144.1,8135.5,7661.0,1089172087.0,16.42,5.534,8135.5,18.07,141999.9,141799.9,136199.9,141799.9
2021-10-01 00:00:00+00:00,176.7,176.73,0.0,5585173.0,,,10.19,297.3,8135.5,7661.0,1089172087.0,16.88,5.534,8135.5,18.07,145999.9,145799.9,138599.9,148599.9
2021-10-04 00:00:00+00:00,176.7,176.73,0.0,5585173.0,,,10.19,,8135.5,7661.0,1089172087.0,16.88,5.534,8135.5,18.07,,,,
2021-10-05 00:00:00+00:00,184.7,184.73,0.0,5837999.0,,,10.65,301.9,8135.5,7661.0,1089172087.0,17.64,5.534,8135.5,18.07,152399.9,152199.9,143999.9,153999.9
2021-10-06 00:00:00+00:00,181.8,181.82,0.0,5746062.0,,,10.48,157.2,8135.5,7661.0,1089172087.0,17.37,5.534,8135.5,18.07,149999.9,149799.9,147199.9,155799.9
2021-10-07 00:00:00+00:00,185.5,185.45,0.0,5860984.0,,,10.69,145.2,8135.5,7661.0,1089172087.0,17.71,5.534,8135.5,18.07,152999.9,152199.9,148599.9,153999.9
2021-10-08 00:00:00+00:00,193.9,193.94,0.0,6129133.0,,,11.18,257.8,8135.5,7661.0,1089172087.0,18.52,5.534,8135.5,18.07,159999.9,159799.9,151599.9,159999.9
2021-10-11 00:00:00+00:00,193.9,193.94,0.0,6129133.0,,,11.18,,8135.5,7661.0,1089172087.0,18.52,5.534,8135.5,18.07,,,,
2021-10-12 00:00:00+00:00,200.0,200.0,0.0,6320669.0,,,11.53,254.4,8135.5,7661.0,1089172087.0,19.1,5.534,8135.5,18.07,165199.9,164999.9,159399.9,166799.9
2021-10-13 00:00:00+00:00,203.9,203.88,0.0,6443251.0,,,11.76,191.5,8135.5,7661.0,1089172087.0,19.47,5.534,8135.5,18.07,168199.9,167599.9,160599.9,168999.9
2021-10-14 00:00:00+00:00,215.3,215.27,0.0,6803338.0,,,12.41,254.6,8377.0,7661.0,1089172087.0,20.56,5.077,8377.0,19.7,177799.9,177599.9,168999.9,178799.9
2021-10-15 00:00:00+00:00,215.0,215.03,0.0,6795676.0,,,12.4,170.9,8377.0,7661.0,1089172087.0,20.54,5.077,8377.0,19.7,177599.9,177399.9,173999.9,185999.9
2021-10-18 00:00:00+00:00,210.4,210.42,0.0,6650110.0,,,12.13,185.6,8377.0,7661.0,1089172087.0,20.1,5.077,8377.0,19.7,173799.9,173599.9,171599.9,177599.9
2021-10-19 00:00:00+00:00,210.2,210.18,0.0,6642448.0,,,12.12,155.5,8377.0,7661.0,1089172087.0,20.08,5.077,8377.0,19.7,173599.9,173399.9,170599.9,175999.9
2021-10-20 00:00:00+00:00,206.1,206.06,0.0,6512204.0,,,11.88,121.0,8377.0,7661.0,1089172087.0,19.68,5.077,8377.0,19.7,170399.9,169999.9,169399.9,174199.9
2021-10-21 00:00:00+00:00,213.6,213.58,0.0,6749708.0,,,12.32,208.9,8377.0,7661.0,1089172087.0,20.4,5.077,8377.0,19.7,176199.9,175999.9,170999.9,179200.0
2021-10-22 00:00:00+00:00,213.3,213.33,0.0,6742046.0,,,12.3,175.3,8377.0,7661.0,1089172087.0,20.38,5.077,8377.0,19.7,175999.9,175599.9,174799.9,181599.9
2021-10-25 00:00:00+00:00,208.5,208.48,0.0,6588819.0,,,12.02,113.7,8377.0,7661.0,1089172087.0,19.91,5.077,8377.0,19.7,171999.9,171799.9,170599.9,177199.9
2021-10-26 00:00:00+00:00,208.0,208.0,0.0,6573496.0,,,11.99,95.8,8377.0,7661.0,1089172087.0,19.87,5.077,8377.0,19.7,171599.9,171399.9,169999.9,172799.9
2021-10-27 00:00:00+00:00,208.7,208.73,0.0,6596480.0,,,12.04,121.0,8377.0,7661.0,1089172087.0,19.94,5.077,8377.0,19.7,172399.9,172199.9,167999.9,173599.9
2021-10-28 00:00:00+00:00,211.6,211.64,0.0,6688417.0,,,12.2,136.4,8377.0,7661.0,1089172087.0,20.21,5.077,8377.0,19.7,174599.9,174399.9,171599.9,175799.9
2021-10-29 00:00:00+00:00,210.4,210.42,0.0,6650110.0,,,12.13,104.6,8377.0,7661.0,1089172087.0,20.1,5.077,8377.0,19.7,173599.9,173399.9,172999.9,176599.9
2021-11-01 00:00:00+00:00,213.8,213.82,0.0,6757369.0,,,12.33,117.9,8377.0,7661.0,1089172087.0,20.42,5.077,8377.0,19.7,176399.9,176199.9,172599.9,176599.9
2021-11-02 00:00:00+00:00,215.0,215.03,0.0,6795676.0,,,12.4,139.6,8377.0,7661.0,1089172087.0,20.54,5.077,8377.0,19.7,177399.9,177199.9,173999.9,180799.9
2021-11-03 00:00:00+00:00,209.2,209.21,0.0,6611803.0,,,12.06,102.4,8377.0,7661.0,1089172087.0,19.98,5.077,8377.0,19.7,172799.9,172599.9,171799.9,177599.9
2021-11-04 00:00:00+00:00,216.2,216.24,0.0,6833983.0,,,12.47,191.4,8377.0,7661.0,1089172087.0,20.65,5.077,8377.0,19.7,178599.9,178399.9,171799.9,180399.9
2021-11-05 00:00:00+00:00,229.1,229.09,0.0,7240039.0,,,13.21,342.5,8377.0,7661.0,1089172087.0,21.88,5.077,8377.0,19.7,188999.9,188799.9,186799.9,192999.9
2021-11-08 00:00:00+00:00,232.0,232.0,0.0,7331976.0,,,13.38,133.7,8377.0,7661.0,1089172087.0,22.16,5.077,8377.0,19.7,191599.9,191399.9,188199.9,192399.9
2021-11-09 00:00:00+00:00,234.9,234.91,0.0,7423913.0,,,13.55,184.4,8377.0,7661.0,1089172087.0,22.44,5.077,8377.0,19.7,193799.9,193599.9,189599.9,195199.9
2021-11-10 00:00:00+00:00,226.9,226.91,0.0,7171086.0,,,13.08,241.6,8377.0,7661.0,1089172087.0,21.67,5.077,8377.0,19.7,187399.9,187199.9,180999.9,192999.9
2021-11-11 00:00:00+00:00,227.2,227.15,0.0,7178747.0,,,13.1,286.2,8377.0,7661.0,1089172087.0,21.7,5.077,8377.0,19.7,187399.9,187199.9,179399.9,187999.9
2021-11-12 00:00:00+00:00,223.5,223.52,0.0,7063826.0,,,12.89,246.2,8377.0,7661.0,1089172087.0,21.35,5.077,8377.0,19.7,184399.9,184199.9,180399.9,189399.9
2021-11-15 00:00:00+00:00,217.5,217.45,0.0,6872291.0,,,12.54,247.4,8377.0,7661.0,1089172087.0,20.77,5.077,8377.0,19.7,179799.9,179399.9,178199.9,186999.9
2021-11-16 00:00:00+00:00,221.3,221.33,0.0,6994873.0,,,12.76,275.0,8377.0,7661.0,1089172087.0,21.14,5.077,8377.0,19.7,182799.9,182599.9,177799.9,184999.9
2021-11-17 00:00:00+00:00,215.5,215.52,0.0,6810999.0,,,12.43,199.1,8377.0,7661.0,1089172087.0,20.58,5.077,8377.0,19.7,177999.9,177799.9,176999.9,185399.9
2021-11-18 00:00:00+00:00,217.7,217.7,0.0,6879952.0,,,12.55,139.6,9741.668,7661.0,1089172087.0,20.79,5.335,9741.67,18.74,179599.9,179399.9,176999.9,180599.9
2021-11-19 00:00:00+00:00,217.0,216.97,0.0,6856968.0,,,12.51,133.6,9741.668,7661.0,1089172087.0,20.72,5.335,9741.67,18.74,178999.9,178799.9,175999.9,180199.9
2021-11-22 00:00:00+00:00,213.6,213.58,0.0,6749708.0,,,12.32,147.6,9741.668,7661.0,1089172087.0,20.4,5.335,9741.67,18.74,176199.9,175999.9,175799.9,181799.9
2021-11-23 00:00:00+00:00,215.3,215.27,0.0,6803338.0,,,12.41,105.5,9741.668,7661.0,1089172087.0,20.56,5.335,9741.67,18.74,177799.9,177599.9,172999.9,177799.9
2021-11-24 00:00:00+00:00,216.5,216.48,0.0,6841645.0,,,12.48,188.3,9741.668,7661.0,1089172087.0,20.68,5.335,9741.67,18.74,178599.9,178399.9,175199.9,179399.9
2021-11-25 00:00:00+00:00,209.7,209.7,0.0,6627125.0,,,12.09,190.7,9741.668,7661.0,1089172087.0,20.03,5.335,9741.67,18.74,173199.9,172999.9,172999.9,178399.9
2021-11-26 00:00:00+00:00,204.8,204.85,0.0,6473897.0,,,11.81,299.4,9741.668,7661.0,1089172087.0,19.57,5.335,9741.67,18.74,168999.9,168799.9,168199.9,176399.9
2021-11-29 00:00:00+00:00,203.6,203.64,0.0,6435590.0,,,11.74,254.7,9741.668,7661.0,1089172087.0,19.45,5.335,9741.67,18.74,168199.9,167999.9,163799.9,171999.9
2021-11-30 00:00:00+00:00,201.2,201.21,0.0,6358976.0,,,11.6,1723.6,9741.668,7661.0,1089172087.0,19.22,5.335,9741.67,18.74,165999.9,165799.9,156599.9,176199.9
2021-12-01 00:00:00+00:00,200.0,200.0,0.0,6320669.0,,,11.53,246.5,9741.668,7661.0,1089172087.0,19.1,5.335,9741.67,18.74,165199.9,164999.9,158399.9,169999.9
2021-12-02 00:00:00+00:00,203.4,203.39,0.0,6427928.0,,,11.73,305.8,9741.668,7661.0,1089172087.0,19.43,5.335,9741.67,18.74,167799.9,167599.9,152999.9,167799.9
2021-12-03 00:00:00+00:00,218.2,218.18,0.0,6895275.0,,,12.58,342.9,9741.668,7661.0,1089172087.0,20.84,5.335,9741.67,18.74,179999.9,179399.9,165799.9,181799.9
2021-12-06 00:00:00+00:00,213.6,213.58,0.0,6749708.0,,,12.32,179.8,9741.668,7661.0,1089172087.0,20.4,5.335,9741.67,18.74,176199.9,175999.9,172199.9,179200.0
2021-12-07 00:00:00+00:00,211.2,211.15,0.0,6673094.0,,,12.18,159.1,9741.668,7661.0,1089172087.0,20.17,5.335,9741.67,18.74,174399.9,174199.9,172799.9,177999.9
2021-12-08 00:00:00+00:00,211.9,211.88,0.0,6696078.0,,,12.22,109.4,9741.668,7661.0,1089172087.0,20.24,5.335,9741.67,18.74,174999.9,174799.9,173799.9,178199.9
2021-12-09 00:00:00+00:00,213.1,213.09,0.0,6734385.0,,,12.29,84.6,9741.668,7661.0,1089172087.0,20.35,5.335,9741.67,18.74,176199.9,175799.9,174199.9,178599.9
2021-12-10 00:00:00+00:00,210.7,210.67,0.0,6657771.0,,,12.15,82.7,9741.668,7661.0,1089172087.0,20.12,5.335,9741.67,18.74,174799.9,173799.9,173599.9,178799.9
2021-12-13 00:00:00+00:00,209.2,209.21,0.0,6611803.0,,,12.06,84.6,9741.668,7661.0,1089172087.0,19.98,5.335,9741.67,18.74,172599.9,172399.9,172199.9,175399.9
2021-12-14 00:00:00+00:00,209.7,209.7,0.0,6627125.0,,,12.09,93.1,9741.668,7661.0,1089172087.0,20.03,5.335,9741.67,18.74,172999.9,172599.9,170999.9,175399.9
2021-12-15 00:00:00+00:00,210.9,210.91,0.0,6665432.0,,,12.16,91.8,9741.668,7661.0,1089172087.0,20.14,5.335,9741.67,18.74,173999.9,173599.9,171599.9,174999.9
2021-12-16 00:00:00+00:00,215.8,215.76,0.0,6818661.0,,,12.44,232.2,10047.0,7661.0,1089172087.0,20.61,5.808,10047.0,17.22,177999.9,177799.9,172999.9,181599.9
2021-12-17 00:00:00+00:00,219.9,219.88,0.0,6948905.0,,,12.68,303.3,10047.0,7661.0,1089172087.0,21.0,5.808,10047.0,17.22,181599.9,181399.9,173599.9,181399.9
2021-12-20 00:00:00+00:00,217.9,217.94,0.0,6887614.0,,,12.57,180.7,10047.0,7661.0,1089172087.0,20.82,5.808,10047.0,17.22,179799.9,179599.9,175999.9,180999.9
2021-12-21 00:00:00+00:00,214.5,214.55,0.0,6780353.0,,,12.37,151.9,10047.0,7661.0,1089172087.0,20.49,5.808,10047.0,17.22,177199.9,176999.9,176399.9,179799.9
2021-12-22 00:00:00+00:00,214.5,214.55,0.0,6780353.0,,,12.37,181.3,10047.0,7661.0,1089172087.0,20.49,5.808,10047.0,17.22,176999.9,176799.9,175399.9,178799.9
2021-12-23 00:00:00+00:00,213.3,213.33,0.0,6742046.0,,,12.3,247.0,10047.0,7661.0,1089172087.0,20.38,5.808,10047.0,17.22,175999.9,175799.9,175799.9,179399.9
2021-12-24 00:00:00+00:00,213.3,213.33,0.0,6742046.0,,,12.3,266.0,10047.0,7661.0,1089172087.0,20.38,5.808,10047.0,17.22,176199.9,175999.9,164399.9,177199.9
2021-12-27 00:00:00+00:00,217.0,216.97,0.0,6856968.0,,,12.51,211.3,10047.0,7661.0,1089172087.0,20.72,5.808,10047.0,17.22,179200.0,178999.9,175599.9,180999.9
2021-12-28 00:00:00+00:00,229.6,229.58,0.0,7255362.0,,,13.24,390.1,10047.0,7661.0,1089172087.0,21.93,5.808,10047.0,17.22,189399.9,188999.9,178399.9,189799.9
2021-12-29 00:00:00+00:00,237.3,238.67,0.0,7500527.0,,,13.69,370.8,10047.0,7661.0,1089172087.0,22.67,5.808,10047.0,17.22,195799.9,195199.9,191399.9,199599.9
2021-12-30 00:00:00+00:00,229.1,230.38,0.0,7240039.0,,,13.21,166.6,10047.0,7661.0,1089172087.0,21.88,5.808,10047.0,17.22,189199.9,188999.9,188999.9,194599.9
2021-12-31 00:00:00+00:00,229.1,230.38,0.0,7240039.0,,,13.21,,10047.0,7661.0,1089172087.0,21.88,5.808,10047.0,17.22,,,,
2022-01-03 00:00:00+00:00,229.1,230.38,0.0,7240039.0,,,7.82,207.5,10047.0,7661.0,1808894547.0,14.94,5.808,10047.0,17.22,188999.9,188799.9,185399.9,189999.9
2022-01-04 00:00:00+00:00,222.8,224.04,0.0,7040842.0,,,7.61,218.9,10047.0,7661.0,1808894547.0,14.52,5.808,10047.0,17.22,183799.9,183599.9,180599.9,188399.9
2022-01-05 00:00:00+00:00,220.4,221.6,0.0,6964228.0,,,7.53,154.1,10047.0,7661.0,1808894547.0,14.37,5.808,10047.0,17.22,181799.9,181399.9,178399.9,182799.9
2022-01-06 00:00:00+00:00,211.6,212.83,0.0,6688417.0,,,7.23,227.4,10047.0,7661.0,1808894547.0,13.8,5.808,10047.0,17.22,174799.9,174599.9,174599.9,179200.0
2022-01-07 00:00:00+00:00,220.1,221.36,0.0,6956566.0,,,7.52,162.9,10047.0,7661.0,1808894547.0,14.35,5.808,10047.0,17.22,181599.9,181399.9,174799.9,183999.9
2022-01-10 00:00:00+00:00,209.9,211.12,0.0,6634787.0,,,7.17,246.9,10047.0,7661.0,1808894547.0,13.69,5.808,10047.0,17.22,173399.9,173199.9,170999.9,178199.9
2022-01-11 00:00:00+00:00,213.6,214.78,0.0,6749708.0,,,7.29,138.8,10047.0,7661.0,1808894547.0,13.92,5.808,10047.0,17.22,176399.9,176199.9,172999.9,176999.9
2022-01-12 00:00:00+00:00,215.0,216.24,0.0,6795676.0,,,7.34,90.3,10047.0,7661.0,1808894547.0,14.02,5.808,10047.0,17.22,177399.9,176599.9,175999.9,179399.9
2022-01-13 00:00:00+00:00,220.1,221.36,0.0,6956566.0,,,7.52,143.8,10047.0,7661.0,1808894547.0,14.35,5.808,10047.0,17.22,181599.9,180999.9,179399.9,184999.9
2022-01-14 00:00:00+00:00,220.1,221.36,0.0,6956566.0,,,7.52,74.3,10047.0,7661.0,1808894547.0,14.35,5.808,10047.0,17.22,181599.9,180599.9,178599.9,182199.9
2022-01-17 00:00:00+00:00,212.8,214.04,0.0,6726724.0,,,7.27,79.2,10047.0,7661.0,1808894547.0,13.88,5.808,10047.0,17.22,175799.9,175599.9,175599.9,181599.9
2022-01-18 00:00:00+00:00,214.5,215.75,0.0,6780353.0,,,7.33,110.6,10047.0,7661.0,1808894547.0,13.99,5.808,10047.0,17.22,176999.9,176599.9,175799.9,181199.9
2022-01-19 00:00:00+00:00,212.8,214.04,0.0,6726724.0,,,7.27,65.1,10047.0,7661.0,1808894547.0,13.88,5.808,10047.0,17.22,175599.9,175199.9,174199.9,177799.9
2022-01-20 00:00:00+00:00,217.9,219.16,0.0,6887614.0,,,7.44,73.9,10350.75,7661.0,1808894547.0,14.21,5.848,10350.75,17.1,179799.9,179200.0,173799.9,179799.9
2022-01-21 00:00:00+00:00,212.8,214.04,0.0,6726724.0,,,7.27,91.6,10350.75,7661.0,1808894547.0,13.88,5.848,10350.75,17.1,175599.9,175399.9,174399.9,178999.9
2022-01-24 00:00:00+00:00,203.4,204.54,0.0,6427928.0,,,6.95,242.4,10350.75,7661.0,1808894547.0,13.26,5.848,10350.75,17.1,167799.9,167599.9,163599.9,174999.9
2022-01-25 00:00:00+00:00,199.8,200.88,0.0,6313007.0,,,6.82,189.3,10350.75,7661.0,1808894547.0,13.02,5.848,10350.75,17.1,164999.9,164799.9,162599.9,170799.9
2022-01-26 00:00:00+00:00,199.3,200.39,0.0,6297684.0,,,6.8,204.0,10350.75,7661.0,1808894547.0,12.99,5.848,10350.75,17.1,164399.9,163999.9,157999.9,166599.9
2022-01-27 00:00:00+00:00,190.8,191.86,0.0,6029535.0,,,6.52,191.9,10350.75,7661.0,1808894547.0,12.44,5.848,10350.75,17.1,157599.9,157399.9,156999.9,163999.9
2022-01-28 00:00:00+00:00,198.3,199.42,0.0,6267039.0,,,6.77,127.0,10350.75,7661.0,1808894547.0,12.93,5.848,10350.75,17.1,163599.9,163399.9,153999.9,163599.9
2022-01-31 00:00:00+00:00,198.3,199.42,0.0,6267039.0,,,6.77,,10350.75,7661.0,1808894547.0,12.93,5.848,10350.75,17.1,,,,
2022-02-01 00:00:00+00:00,198.3,199.42,0.0,6267039.0,,,6.77,,10350.75,7661.0,1808894547.0,12.93,5.848,10350.75,17.1,,,,
2022-02-02 00:00:00+00:00,198.3,199.42,0.0,6267039.0,,,6.77,,10350.75,7661.0,1808894547.0,12.93,5.848,10350.75,17.1,,,,
2022-02-03 00:00:00+00:00,200.2,201.37,0.0,6328330.0,,,6.84,116.3,10350.75,7661.0,1808894547.0,13.05,5.848,10350.75,17.1,165199.9,164999.9,164799.9,171599.9
2022-02-04 00:00:00+00:00,204.1,205.27,0.0,6450912.0,,,6.97,111.8,10350.75,7661.0,1808894547.0,13.31,5.848,10350.75,17.1,168399.9,168199.9,161199.9,168599.9
2022-02-07 00:00:00+00:00,201.7,202.83,0.0,6374298.0,,,6.89,90.4,10350.75,7661.0,1808894547.0,13.15,5.848,10350.75,17.1,166599.9,166399.9,165999.9,169599.9
2022-02-08 00:00:00+00:00,210.7,211.85,0.0,6657771.0,,,7.19,113.1,10350.75,7661.0,1808894547.0,13.73,5.848,10350.75,17.1,173799.9,173399.9,166399.9,173799.9
2022-02-09 00:00:00+00:00,216.0,217.21,0.0,6826322.0,,,7.38,194.3,10350.75,7661.0,1808894547.0,14.08,5.848,10350.75,17.1,178399.9,178199.9,174199.9,181599.9
2022-02-10 00:00:00+00:00,216.0,217.21,0.0,6826322.0,,,7.38,105.2,10350.75,7661.0,1808894547.0,14.08,5.848,10350.75,17.1,178199.9,176999.9,176399.9,182199.9
2022-02-11 00:00:00+00:00,220.1,221.36,0.0,6956566.0,,,7.52,154.8,10350.75,7661.0,1808894547.0,14.35,5.848,10350.75,17.1,181599.9,180999.9,174799.9,182799.9
2022-02-14 00:00:00+00:00,221.1,222.33,0.0,6987212.0,,,7.55,173.6,10350.75,7661.0,1808894547.0,14.41,5.848,10350.75,17.1,182999.9,182399.9,177999.9,183999.9
2022-02-15 00:00:00+00:00,213.3,214.53,0.0,6742046.0,29.0,6060.62,7.29,336.1,10350.75,7661.0,1808894547.0,13.91,5.848,10350.75,17.1,176199.9,175999.9,172999.9,185999.9
2022-02-16 00:00:00+00:00,209.2,210.39,0.0,6611803.0,28.5,6060.62,7.14,331.1,10350.75,7661.0,1808894547.0,13.64,5.848,10350.75,17.1,172799.9,172599.9,168999.9,180999.9
2022-02-17 00:00:00+00:00,203.9,205.02,0.0,6443251.0,27.8,6060.62,6.96,204.1,10716.0,7661.0,1808894547.0,13.29,6.089,10716.0,16.42,168399.9,168199.9,166799.9,175599.9
2022-02-18 00:00:00+00:00,204.4,205.51,0.0,6458574.0,27.8,6060.62,6.98,119.3,10716.0,7661.0,1808894547.0,13.32,6.089,10716.0,16.42,168999.9,168599.9,164199.9,169399.9
2022-02-21 00:00:00+00:00,200.2,201.37,0.0,6328330.0,27.3,6060.62,6.84,77.3,10716.0,7661.0,1808894547.0,13.05,6.089,10716.0,16.42,165599.9,165199.9,163999.9,167399.9
2022-02-22 00:00:00+00:00,195.4,196.49,0.0,6175102.0,26.6,6060.62,6.67,192.5,10716.0,7661.0,1808894547.0,12.74,6.089,10716.0,16.42,161199.9,160999.9,159199.9,164599.9
2022-02-23 00:00:00+00:00,202.7,203.81,0.0,6404944.0,27.6,6060.62,6.92,149.2,10716.0,7661.0,1808894547.0,13.21,6.089,10716.0,16.42,167199.9,166999.9,161199.9,169199.9
2022-02-24 00:00:00+00:00,198.3,199.42,0.0,6267039.0,27.0,6060.62,6.77,77.4,10716.0,7661.0,1808894547.0,12.93,6.089,10716.0,16.42,163599.9,162999.9,161199.9,167999.9
2022-02-25 00:00:00+00:00,204.4,205.51,0.0,6458574.0,27.8,6060.62,6.98,115.6,10716.0,7661.0,1808894547.0,13.32,6.089,10716.0,16.42,168799.9,168599.9,164399.9,171999.9
2022-02-28 00:00:00+00:00,215.8,216.97,0.0,6818661.0,29.4,6060.62,7.37,130.7,10716.0,7661.0,1808894547.0,14.07,6.089,10716.0,16.42,177999.9,177199.9,168399.9,177999.9
2022-03-01 00:00:00+00:00,215.8,216.97,0.0,6818661.0,29.4,6060.62,7.37,,10716.0,7661.0,1808894547.0,14.07,6.089,10716.0,16.42,,,,
2022-03-02 00:00:00+00:00,207.8,208.92,0.64,6565834.0,28.3,6060.62,7.09,161.6,10716.0,7661.0,1808894547.0,13.54,6.089,10716.0,16.42,171399.9,171199.9,169999.9,177999.9
2022-03-03 00:00:00+00:00,209.5,210.63,0.64,6619464.0,28.5,6060.62,7.15,76.1,10716.0,7661.0,1808894547.0,13.66,6.089,10716.0,16.42,172999.9,172799.9,170999.9,174799.9
2022-03-04 00:00:00+00:00,205.1,206.24,0.65,6481558.0,27.9,6060.62,7.0,69.8,10716.0,7661.0,1808894547.0,13.37,6.089,10716.0,16.42,169399.9,169199.9,167799.9,173599.9
2022-03-07 00:00:00+00:00,198.8,199.9,0.67,6282362.0,27.1,6060.62,6.79,125.3,10716.0,7661.0,1808894547.0,12.96,6.089,10716.0,16.42,163999.9,163799.9,161199.9,166599.9
2022-03-08 00:00:00+00:00,199.3,200.39,0.67,6297684.0,27.1,6060.62,6.8,82.2,10716.0,7661.0,1808894547.0,12.99,6.089,10716.0,16.42,164399.9,164199.9,159599.9,165799.9
2022-03-09 00:00:00+00:00,199.3,200.39,0.67,6297684.0,27.1,6060.62,6.8,,10716.0,7661.0,1808894547.0,12.99,6.089,10716.0,16.42,,,,
2022-03-10 00:00:00+00:00,197.6,198.69,0.67,6244055.0,26.9,6060.62,6.75,100.1,10716.0,7661.0,1808894547.0,12.88,6.089,10716.0,16.42,163199.9,162999.9,161599.9,167399.9
2022-03-11 00:00:00+00:00,193.7,194.79,0.69,6121472.0,26.4,6060.62,6.61,104.4,10716.0,7661.0,1808894547.0,12.63,6.089,10716.0,16.42,159799.9,159599.9,159399.9,164599.9
2022-03-14 00:00:00+00:00,170.9,171.87,0.78,5401298.0,23.3,6060.62,5.84,749.2,10716.0,7661.0,1808894547.0,11.14,6.089,10716.0,16.42,141199.9,140999.9,139799.9,160599.9
2022-03-15 00:00:00+00:00,167.0,167.97,0.8,5278716.0,22.7,6060.62,5.7,647.7,10716.0,7661.0,1808894547.0,10.89,6.089,10716.0,16.42,137999.9,137799.9,132399.9,144199.9
2022-03-16 00:00:00+00:00,168.5,169.43,0.79,5324684.0,22.9,6060.62,5.75,254.9,10716.0,7661.0,1808894547.0,10.98,6.089,10716.0,16.42,138999.9,138799.9,135199.9,140399.9
2022-03-17 00:00:00+00:00,172.1,173.09,0.77,5439605.0,23.4,6060.62,5.88,204.9,11018.75,7661.0,1808894547.0,11.22,7.996,11018.75,12.51,141999.9,141799.9,138599.9,143199.9
2022-03-18 00:00:00+00:00,181.3,182.35,0.74,5730739.0,24.7,6060.62,6.19,278.7,11018.75,7661.0,1808894547.0,11.82,7.996,11018.75,12.51,149599.9,149399.9,141399.9,151399.9
2022-03-21 00:00:00+00:00,177.7,178.7,0.75,5615818.0,24.2,6060.62,6.07,105.1,11018.75,7661.0,1808894547.0,11.58,7.996,11018.75,12.51,146799.9,146599.9,145999.9,150599.9
2022-03-22 00:00:00+00:00,184.7,185.77,0.72,5837999.0,25.1,6060.62,6.31,117.2,11018.75,7661.0,1808894547.0,12.04,7.996,11018.75,12.51,152599.9,152399.9,144799.9,153600.0
2022-03-23 00:00:00+00:00,184.0,185.03,0.72,5815015.0,25.0,6060.62,6.28,85.6,11018.75,7661.0,1808894547.0,12.0,7.996,11018.75,12.51,152199.9,151799.9,149999.9,155199.9
2022-03-24 00:00:00+00:00,187.4,188.45,0.71,5922275.0,25.5,6060.62,6.4,77.7,11018.75,7661.0,1808894547.0,12.22,7.996,11018.75,12.51,154599.9,154399.9,149599.9,155399.9
2022-03-25 00:00:00+00:00,186.4,187.47,0.72,5891630.0,25.4,6060.62,6.37,97.6,11018.75,7661.0,1808894547.0,12.15,7.996,11018.75,12.51,153999.9,153799.9,153199.9,158599.9
2022-03-28 00:00:00+00:00,181.8,182.84,0.73,5746062.0,24.7,6060.62,6.21,162.7,11018.75,7661.0,1808894547.0,11.85,7.996,11018.75,12.51,149999.9,149799.9,142799.9,152199.9
2022-03-29 00:00:00+00:00,179.2,180.16,0.74,5661787.0,24.4,6060.62,6.12,93.3,11018.75,7661.0,1808894547.0,11.68,7.996,11018.75,12.51,147799.9,147599.9,146999.9,151799.9
2022-03-30 00:00:00+00:00,177.0,177.96,0.75,5592834.0,24.1,6060.62,6.04,95.6,11018.75,7661.0,1808894547.0,11.54,7.996,11018.75,12.51,146399.9,145999.9,145999.9,149199.9
2022-03-31 00:00:00+00:00,180.6,181.62,0.74,5707755.0,24.6,6060.62,6.17,134.4,11018.75,7661.0,1808894547.0,11.77,7.996,11018.75,12.51,149599.9,148999.9,145199.9,152399.9
2022-04-01 00:00:00+00:00,189.1,190.15,0.71,5975905.0,25.7,6060.62,6.46,232.4,11018.75,7661.0,1808894547.0,12.33,7.996,11018.75,12.51,155999.9,155599.9,148599.9,156599.9
2022-04-04 00:00:00+00:00,186.9,187.96,0.71,5906952.0,25.4,6060.62,6.38,122.2,11018.75,7661.0,1808894547.0,12.19,7.996,11018.75,12.51,154399.9,154199.9,153199.9,157999.9
2022-04-05 00:00:00+00:00,181.8,182.84,0.73,5746062.0,24.7,6060.62,6.21,287.4,11018.75,7661.0,1808894547.0,11.85,7.996,11018.75,12.51,149999.9,149799.9,147599.9,154999.9
2022-04-06 00:00:00+00:00,180.6,181.62,0.74,5707755.0,24.6,6060.62,6.17,305.8,11018.75,7661.0,1808894547.0,11.77,7.996,11018.75,12.51,149199.9,148999.9,144599.9,150199.9
2022-04-07 00:00:00+00:00,186.7,187.72,0.71,5899291.0,25.4,6060.62,6.37,235.7,11018.75,7661.0,1808894547.0,12.17,7.996,11018.75,12.51,153999.9,153799.9,146199.9,155199.9
2022-04-08 00:00:00+00:00,186.7,187.72,0.71,5899291.0,25.4,6060.62,6.37,,11018.75,7661.0,1808894547.0,12.17,7.996,11018.75,12.51,,,,
2022-04-11 00:00:00+00:00,186.7,187.72,0.71,5899291.0,25.4,6060.62,6.37,,11018.75,7661.0,1808894547.0,12.17,7.996,11018.75,12.51,,,,
2022-04-12 00:00:00+00:00,186.7,187.72,0.71,5899291.0,25.4,6060.62,6.37,,11018.75,7661.0,1808894547.0,12.17,7.996,11018.75,12.51,,,,
2022-04-13 00:00:00+00:00,177.0,177.96,0.75,5592831.0,24.1,6060.61,6.04,327.8,11018.75,38307.0,1808894547.0,11.54,7.996,11018.75,12.51,146500.0,146000.0,144000.0,154000.0
2022-04-14 00:00:00+00:00,177.6,178.57,0.75,5611985.0,24.2,6060.61,6.06,122.0,11226.0,38307.0,1808894547.0,11.58,7.689,11226.0,13.01,147000.0,146500.0,146000.0,151500.0
2022-04-15 00:00:00+00:00,181.8,182.84,0.73,5746060.0,24.7,6060.61,6.21,123.6,11226.0,38307.0,1808894547.0,11.85,7.689,11226.0,13.01,150500.0,150000.0,143500.0,153500.0
2022-04-18 00:00:00+00:00,184.2,185.28,0.72,5822674.0,25.1,6060.61,6.29,138.4,11226.0,38307.0,1808894547.0,12.01,7.689,11226.0,13.01,152500.0,152000.0,147000.0,156000.0
2022-04-19 00:00:00+00:00,181.2,182.23,0.74,5726906.0,24.7,6060.61,6.19,163.1,11226.0,38307.0,1808894547.0,11.81,7.689,11226.0,13.01,150000.0,149500.0,145500.0,152000.0
2022-04-20 00:00:00+00:00,178.2,179.18,0.75,5631138.0,24.3,6060.61,6.08,94.6,11226.0,38307.0,1808894547.0,11.62,7.689,11226.0,13.01,147500.0,147000.0,146500.0,149500.0
2022-04-21 00:00:00+00:00,173.3,174.31,0.77,5477910.0,23.6,6060.61,5.92,113.3,11226.0,38307.0,1808894547.0,11.3,7.689,11226.0,13.01,144000.0,143000.0,143000.0,147500.0
2022-04-22 00:00:00+00:00,169.7,170.65,0.79,5362989.0,23.1,6060.61,5.8,144.1,11226.0,38307.0,1808894547.0,11.06,7.689,11226.0,13.01,140000.0,139500.0,137000.0,144500.0
2022-04-25 00:00:00+00:00,153.3,154.19,0.87,4845843.0,20.9,6060.61,5.24,472.2,11226.0,38307.0,1808894547.0,10.0,7.689,11226.0,13.01,127000.0,126500.0,126000.0,137000.0
2022-04-26 00:00:00+00:00,155.2,156.02,0.86,4903304.0,21.1,6060.61,5.3,227.2,11226.0,38307.0,1808894547.0,10.11,7.689,11226.0,13.01,128500.0,128000.0,126000.0,131500.0
2022-04-27 00:00:00+00:00,162.4,163.34,0.82,5133147.0,22.1,6060.61,5.55,228.4,11226.0,38307.0,1808894547.0,10.59,7.689,11226.0,13.01,134500.0,134000.0,122500.0,136000.0
2022-04-28 00:00:00+00:00,162.4,163.34,0.82,5133147.0,22.1,6060.61,5.55,117.0,11226.0,38307.0,1808894547.0,10.59,7.689,11226.0,13.01,134000.0,133500.0,132000.0,137500.0
2022-04-29 00:00:00+00:00,170.9,171.87,0.78,5401296.0,23.3,6060.61,5.84,185.8,11226.0,38307.0,1808894547.0,11.14,7.689,11226.0,13.01,141500.0,141000.0,134000.0,143500.0
2022-05-02 00:00:00+00:00,171.5,172.48,0.78,5420449.0,23.3,6060.61,5.86,206.9,11226.0,38307.0,1808894547.0,11.18,7.689,11226.0,13.01,141500.0,141000.0,136000.0,144500.0
2022-05-03 00:00:00+00:00,170.3,171.26,0.78,5382142.0,23.2,6060.61,5.82,145.7,11226.0,38307.0,1808894547.0,11.1,7.689,11226.0,13.01,141000.0,140500.0,136500.0,142000.0
2022-05-04 00:00:00+00:00,164.8,165.77,0.81,5209761.0,22.4,6060.61,5.63,101.2,11226.0,38307.0,1808894547.0,10.75,7.689,11226.0,13.01,137000.0,136000.0,135000.0,140500.0
2022-05-05 00:00:00+00:00,164.8,165.77,0.81,5209761.0,22.4,6060.61,5.63,,11226.0,38307.0,1808894547.0,10.75,7.689,11226.0,13.01,,,,
2022-05-06 00:00:00+00:00,160.0,160.9,0.83,5056532.0,21.8,6060.61,5.46,167.5,11226.0,38307.0,1808894547.0,10.43,7.689,11226.0,13.01,132500.0,132000.0,129500.0,135500.0
2022-05-09 00:00:00+00:00,151.5,152.37,0.88,4788383.0,20.6,6060.61,5.17,452.6,11226.0,38307.0,1808894547.0,9.88,7.689,11226.0,13.01,125000.0,124500.0,117000.0,130500.0
2022-05-10 00:00:00+00:00,150.9,151.76,0.88,4769229.0,20.5,6060.61,5.15,264.7,11226.0,38307.0,1808894547.0,9.84,7.689,11226.0,13.01,125000.0,124500.0,117500.0,125500.0
2022-05-11 00:00:00+00:00,151.5,152.37,0.88,4788383.0,20.6,6060.61,5.17,129.1,11226.0,38307.0,1808894547.0,9.88,7.689,11226.0,13.01,125500.0,125000.0,121000.0,126500.0
2022-05-12 00:00:00+00:00,149.1,149.93,0.89,4711769.0,20.3,6060.61,5.09,152.0,11226.0,38307.0,1808894547.0,9.72,7.689,11226.0,13.01,123000.0,122500.0,121000.0,128000.0
2022-05-13 00:00:00+00:00,152.7,153.59,0.87,4826690.0,20.8,6060.61,5.22,141.5,11226.0,38307.0,1808894547.0,9.96,7.689,11226.0,13.01,126500.0,126000.0,122500.0,128000.0
2022-05-16 00:00:00+00:00,161.2,162.12,0.83,5094840.0,21.9,6060.61,5.51,253.2,11226.0,38307.0,1808894547.0,10.51,7.689,11226.0,13.01,133500.0,133000.0,128500.0,136500.0
2022-05-17 00:00:00+00:00,159.4,160.29,0.84,5037379.0,21.7,6060.61,5.44,105.9,11226.0,38307.0,1808894547.0,10.39,7.689,11226.0,13.01,132000.0,131500.0,130500.0,135000.0
2022-05-18 00:00:00+00:00,172.1,173.09,0.77,5439603.0,23.4,6060.61,5.88,308.6,11226.0,38307.0,1808894547.0,11.22,7.689,11226.0,13.01,142000.0,141500.0,133000.0,142000.0
2022-05-19 00:00:00+00:00,164.8,165.77,0.81,5209761.0,22.4,6060.61,5.63,180.9,11615.58,38307.0,1808894547.0,10.75,8.833,11615.58,11.32,136500.0,136000.0,134500.0,140500.0
2022-05-20 00:00:00+00:00,167.3,168.21,0.8,5286375.0,22.8,6060.61,5.71,139.5,11615.58,38307.0,1808894547.0,10.91,8.833,11615.58,11.32,138000.0,137500.0,132500.0,138000.0
2022-05-23 00:00:00+00:00,164.2,165.17,0.81,5190607.0,22.4,6060.61,5.61,159.1,11615.58,38307.0,1808894547.0,10.71,8.833,11615.58,11.32,135500.0,135000.0,131500.0,137000.0
2022-05-24 00:00:00+00:00,170.9,171.87,0.78,5401296.0,23.3,6060.61,5.84,227.1,11615.58,38307.0,1808894547.0,11.14,8.833,11615.58,11.32,141000.0,140500.0,134000.0,143000.0
2022-05-25 00:00:00+00:00,169.7,170.65,0.79,5362989.0,23.1,6060.61,5.8,191.2,11615.58,38307.0,1808894547.0,11.06,8.833,11615.58,11.32,140500.0,140000.0,134000.0,144000.0
2022-05-26 00:00:00+00:00,169.1,170.04,0.79,5343836.0,23.0,6060.61,5.77,116.9,11615.58,38307.0,1808894547.0,11.02,8.833,11615.58,11.32,140000.0,139500.0,138000.0,143000.0
2022-05-27 00:00:00+00:00,170.9,171.87,0.78,5401296.0,23.3,6060.61,5.84,98.0,11615.58,38307.0,1808894547.0,11.14,8.833,11615.58,11.32,141000.0,140500.0,138000.0,143000.0
2022-05-30 00:00:00+00:00,171.5,172.48,0.78,5420449.0,23.3,6060.61,5.86,132.7,11615.58,38307.0,1808894547.0,11.18,8.833,11615.58,11.32,142000.0,141500.0,141000.0,147000.0
2022-05-31 00:00:00+00:00,177.0,177.96,0.75,5592831.0,24.1,6060.61,6.04,225.3,11615.58,38307.0,1808894547.0,11.54,8.833,11615.58,11.32,146500.0,146000.0,143000.0,146500.0
2022-06-01 00:00:00+00:00,177.0,177.96,0.75,5592831.0,24.1,6060.61,6.04,,11615.58,38307.0,1808894547.0,11.54,8.833,11615.58,11.32,,,,
2022-06-02 00:00:00+00:00,177.6,178.57,0.75,5611985.0,24.2,6060.61,6.06,110.9,11615.58,38307.0,1808894547.0,11.58,8.833,11615.58,11.32,147000.0,146500.0,145000.0,149500.0
2022-06-03 00:00:00+00:00,176.4,177.35,0.76,5573678.0,24.0,6060.61,6.02,92.3,11615.58,38307.0,1808894547.0,11.5,8.833,11615.58,11.32,146000.0,145500.0,143500.0,148500.0
2022-06-06 00:00:00+00:00,176.4,177.35,0.76,5573678.0,24.0,6060.61,6.02,,11615.58,38307.0,1808894547.0,11.5,8.833,11615.58,11.32,,,,
2022-06-07 00:00:00+00:00,166.1,166.99,0.8,5248068.0,22.6,6060.61,5.67,150.3,11615.58,38307.0,1808894547.0,10.83,8.833,11615.58,11.32,137500.0,137000.0,136500.0,144500.0
2022-06-08 00:00:00+00:00,166.1,166.99,0.8,5248068.0,22.6,6060.61,5.67,102.5,11615.58,38307.0,1808894547.0,10.83,8.833,11615.58,11.32,137500.0,137000.0,136000.0,140500.0
2022-06-09 00:00:00+00:00,157.6,158.46,0.85,4979918.0,21.4,6060.61,5.38,597.4,11615.58,38307.0,1808894547.0,10.27,8.833,11615.58,11.32,130000.0,129500.0,129500.0,136000.0
2022-06-10 00:00:00+00:00,158.2,159.07,0.84,4999072.0,21.5,6060.61,5.4,213.9,11615.58,38307.0,1808894547.0,10.31,8.833,11615.58,11.32,130500.0,130000.0,128000.0,132500.0
2022-06-13 00:00:00+00:00,152.1,152.98,0.88,4807536.0,20.7,6060.61,5.19,135.2,11615.58,38307.0,1808894547.0,9.92,8.833,11615.58,11.32,126000.0,125500.0,125000.0,130000.0
2022-06-14 00:00:00+00:00,152.7,153.59,0.87,4826690.0,20.8,6060.61,5.22,131.3,11615.58,38307.0,1808894547.0,9.96,8.833,11615.58,11.32,126500.0,126000.0,121000.0,127500.0
2022-06-15 00:00:00+00:00,153.9,154.8,0.87,4864997.0,21.0,6060.61,5.26,127.4,11615.58,38307.0,1808894547.0,10.04,8.833,11615.58,11.32,127500.0,127000.0,123000.0,129000.0
2022-06-16 00:00:00+00:00,159.4,160.29,0.84,5037379.0,21.7,6060.61,5.44,149.8,12095.0,38307.0,1808894547.0,10.39,9.599,12095.0,10.42,132000.0,131500.0,128500.0,136000.0
2022-06-17 00:00:00+00:00,167.9,168.82,0.79,5305529.0,22.9,6060.61,5.73,194.7,12095.0,38307.0,1808894547.0,10.94,9.599,12095.0,10.42,138500.0,138000.0,128000.0,139000.0
2022-06-20 00:00:00+00:00,165.5,166.38,0.81,5228914.0,22.5,6060.61,5.65,96.7,12095.0,38307.0,1808894547.0,10.79,9.599,12095.0,10.42,136500.0,136000.0,133000.0,139000.0
2022-06-21 00:00:00+00:00,170.9,171.87,0.78,5401296.0,23.3,6060.61,5.84,115.4,12095.0,38307.0,1808894547.0,11.14,9.599,12095.0,10.42,141000.0,140500.0,135500.0,142000.0
2022-06-22 00:00:00+00:00,163.0,163.95,0.82,5152300.0,22.2,6060.61,5.57,129.6,12095.0,38307.0,1808894547.0,10.63,9.599,12095.0,10.42,134500.0,134000.0,132500.0,141000.0
2022-06-23 00:00:00+00:00,161.2,162.12,0.83,5094840.0,21.9,6060.61,5.51,103.3,12095.0,38307.0,1808894547.0,10.51,9.599,12095.0,10.42,133500.0,133000.0,131500.0,140000.0
2022-06-24 00:00:00+00:00,166.7,167.6,0.8,5267222.0,22.7,6060.61,5.69,61.1,12095.0,38307.0,1808894547.0,10.87,9.599,12095.0,10.42,137500.0,137000.0,133500.0,138500.0
2022-06-27 00:00:00+00:00,170.3,171.26,0.78,5382142.0,23.2,6060.61,5.82,123.3,12095.0,38307.0,1808894547.0,11.1,9.599,12095.0,10.42,140500.0,140000.0,137500.0,143500.0
2022-06-28 00:00:00+00:00,170.9,171.87,0.78,5401296.0,23.3,6060.61,5.84,93.9,12095.0,38307.0,1808894547.0,11.14,9.599,12095.0,10.42,141000.0,140500.0,136000.0,142000.0
2022-06-29 00:00:00+00:00,176.4,177.35,0.76,5573678.0,24.0,6060.61,6.02,141.1,12095.0,38307.0,1808894547.0,11.5,9.599,12095.0,10.42,145500.0,145000.0,138500.0,146500.0
2022-06-30 00:00:00+00:00,163.0,163.95,0.82,5152300.0,22.2,6060.61,5.57,242.4,12095.0,38307.0,1808894547.0,10.63,9.599,12095.0,10.42,135000.0,134500.0,132500.0,144500.0
2022-07-01 00:00:00+00:00,154.5,155.41,0.86,4884151.0,21.0,6060.61,5.28,278.1,12095.0,38307.0,1808894547.0,10.08,9.599,12095.0,10.42,127500.0,127000.0,124000.0,136000.0
2022-07-04 00:00:00+00:00,156.4,157.24,0.85,4941611.0,21.3,6060.61,5.34,113.0,12095.0,38307.0,1808894547.0,10.19,9.599,12095.0,10.42,129000.0,128500.0,125000.0,132000.0
2022-07-05 00:00:00+00:00,163.0,163.95,0.82,5152300.0,22.2,6060.61,5.57,98.8,12095.0,38307.0,1808894547.0,10.63,9.599,12095.0,10.42,135000.0,134500.0,128000.0,137500.0
2022-07-06 00:00:00+00:00,161.2,162.12,0.83,5094840.0,21.9,6060.61,5.51,68.6,12095.0,38307.0,1808894547.0,10.51,9.599,12095.0,10.42,133000.0,132500.0,132500.0,140000.0
2022-07-07 00:00:00+00:00,166.7,167.6,0.8,5267222.0,22.7,6060.61,5.69,87.8,12095.0,38307.0,1808894547.0,10.87,9.599,12095.0,10.42,137500.0,137000.0,133500.0,139000.0
2022-07-08 00:00:00+00:00,167.3,168.21,0.8,5286375.0,22.8,6060.61,5.71,61.2,12095.0,38307.0,1808894547.0,10.91,9.599,12095.0,10.42,138000.0,137500.0,136500.0,142000.0
2022-07-11 00:00:00+00:00,161.2,162.12,0.83,5094840.0,21.9,6060.61,5.51,74.0,12095.0,38307.0,1808894547.0,10.51,9.599,12095.0,10.42,133000.0,132500.0,131500.0,138500.0
2022-07-12 00:00:00+00:00,157.0,157.85,0.85,4960765.0,21.4,6060.61,5.36,76.9,12095.0,38307.0,1808894547.0,10.23,9.599,12095.0,10.42,129500.0,129000.0,128000.0,135000.0
2022-07-13 00:00:00+00:00,166.7,167.6,0.8,5267222.0,22.7,6060.61,5.69,93.7,12095.0,38307.0,1808894547.0,10.87,9.599,12095.0,10.42,137500.0,137000.0,130000.0,139000.0
2022-07-14 00:00:00+00:00,164.8,165.77,0.81,5209761.0,22.4,6060.61,5.63,73.2,12438.58,38307.0,1808894547.0,10.75,9.605,12438.58,10.41,136000.0,135500.0,135500.0,140000.0
2022-07-15 00:00:00+00:00,170.3,171.26,0.78,5382142.0,23.2,6060.61,5.82,122.3,12438.58,38307.0,1808894547.0,11.1,9.605,12438.58,10.41,140500.0,140000.0,133500.0,142000.0
2022-07-18 00:00:00+00:00,168.5,169.43,0.79,5324682.0,22.9,6060.61,5.75,61.3,12438.58,38307.0,1808894547.0,10.98,9.605,12438.58,10.41,139000.0,138500.0,137000.0,142000.0
2022-07-19 00:00:00+00:00,169.1,170.04,0.79,5343836.0,23.0,6060.61,5.77,49.0,12438.58,38307.0,1808894547.0,11.02,9.605,12438.58,10.41,139500.0,139000.0,138000.0,142500.0
2022-07-20 00:00:00+00:00,169.7,170.65,0.79,5362989.0,23.1,6060.61,5.8,86.1,12438.58,38307.0,1808894547.0,11.06,9.605,12438.58,10.41,140500.0,140000.0,139000.0,144500.0
2022-07-21 00:00:00+00:00,173.3,174.31,0.77,5477910.0,23.6,6060.61,5.92,110.8,12438.58,38307.0,1808894547.0,11.3,9.605,12438.58,10.41,143500.0,143000.0,140000.0,146500.0
2022-07-22 00:00:00+00:00,172.1,173.09,0.77,5439603.0,23.4,6060.61,5.88,76.4,12438.58,38307.0,1808894547.0,11.22,9.605,12438.58,10.41,142000.0,141500.0,140500.0,145000.0
2022-07-25 00:00:00+00:00,175.8,176.74,0.76,5554524.0,23.9,6060.61,6.0,96.7,12438.58,38307.0,1808894547.0,11.46,9.605,12438.58,10.41,145500.0,145000.0,140000.0,147000.0
2022-07-26 00:00:00+00:00,180.6,181.62,0.74,5707753.0,24.6,6060.61,6.17,128.3,12438.58,38307.0,1808894547.0,11.77,9.605,12438.58,10.41,149500.0,149000.0,144000.0,150000.0
2022-07-27 00:00:00+00:00,180.6,181.62,0.74,5707753.0,24.6,6060.61,6.17,91.5,12438.58,38307.0,1808894547.0,11.77,9.605,12438.58,10.41,149500.0,149000.0,145000.0,150500.0
2022-07-28 00:00:00+00:00,182.4,183.45,0.73,5765213.0,24.8,6060.61,6.23,124.5,12438.58,38307.0,1808894547.0,11.89,9.605,12438.58,10.41,150500.0,150000.0,148000.0,154500.0
2022-07-29 00:00:00+00:00,181.2,182.23,0.74,5726906.0,24.7,6060.61,6.19,79.4,12438.58,38307.0,1808894547.0,11.81,9.605,12438.58,10.41,149500.0,149000.0,147000.0,152000.0
2022-08-01 00:00:00+00:00,193.9,195.03,0.69,6129131.0,16.7,9575.0,6.62,277.8,12438.58,38307.0,1808894547.0,12.64,9.605,12438.58,10.41,160000.0,159500.0,148000.0,160000.0
2022-08-02 00:00:00+00:00,193.9,195.03,0.69,6129131.0,16.7,9575.0,6.62,301.2,12438.58,38307.0,1808894547.0,12.64,9.605,12438.58,10.41,160000.0,159500.0,154000.0,166500.0
2022-08-03 00:00:00+00:00,192.1,193.2,0.69,6071670.0,16.6,9575.0,6.56,157.6,12438.58,38307.0,1808894547.0,12.53,9.605,12438.58,10.41,158500.0,158000.0,156500.0,164000.0
2022-08-04 00:00:00+00:00,192.1,193.2,0.69,6071670.0,16.6,9575.0,6.56,132.3,12438.58,38307.0,1808894547.0,12.53,9.605,12438.58,10.41,158500.0,158000.0,155000.0,161500.0
2022-08-05 00:00:00+00:00,189.1,190.15,0.71,5975902.0,16.3,9575.0,6.46,89.5,12438.58,38307.0,1808894547.0,12.33,9.605,12438.58,10.41,156000.0,155500.0,155500.0,159500.0
2022-08-08 00:00:00+00:00,184.8,185.89,0.72,5841827.0,15.9,9575.0,6.31,137.8,12438.58,38307.0,1808894547.0,12.05,9.605,12438.58,10.41,153000.0,152500.0,150000.0,156000.0
2022-08-09 00:00:00+00:00,189.1,190.15,0.71,5975902.0,16.3,9575.0,6.46,107.5,12438.58,38307.0,1808894547.0,12.33,9.605,12438.58,10.41,156000.0,155500.0,149000.0,156500.0
2022-08-10 00:00:00+00:00,183.6,184.67,0.73,5803520.0,15.8,9575.0,6.27,131.2,12438.58,38307.0,1808894547.0,11.97,9.605,12438.58,10.41,152000.0,151500.0,149500.0,157000.0
2022-08-11 00:00:00+00:00,184.8,185.89,0.72,5841827.0,15.9,9575.0,6.31,146.6,12438.58,38307.0,1808894547.0,12.05,9.605,12438.58,10.41,152500.0,152000.0,150000.0,156500.0
2022-08-12 00:00:00+00:00,181.2,182.23,0.74,5726906.0,15.6,9575.0,6.19,120.8,12438.58,38307.0,1808894547.0,11.81,9.605,12438.58,10.41,149500.0,149000.0,147500.0,154000.0
2022-08-15 00:00:00+00:00,181.2,182.23,0.74,5726906.0,15.6,9575.0,6.19,,12438.58,38307.0,1808894547.0,11.81,9.605,12438.58,10.41,,,,
2022-08-16 00:00:00+00:00,178.8,179.79,0.75,5650292.0,15.4,9575.0,6.11,164.6,12438.58,38307.0,1808894547.0,11.66,9.605,12438.58,10.41,148000.0,147500.0,143500.0,149500.0
2022-08-17 00:00:00+00:00,181.2,182.23,0.74,5726906.0,15.6,9575.0,6.19,117.0,12438.58,38307.0,1808894547.0,11.81,9.605,12438.58,10.41,149500.0,149000.0,146000.0,150500.0
2022-08-18 00:00:00+00:00,180.6,181.62,0.74,5707753.0,15.6,9575.0,6.17,78.3,12930.33,38307.0,1808894547.0,11.77,8.766,12930.33,11.41,149500.0,149000.0,145500.0,150500.0
2022-08-19 00:00:00+00:00,183.6,184.67,0.73,5803520.0,15.8,9575.0,6.27,130.5,12930.33,38307.0,1808894547.0,11.97,8.766,12930.33,11.41,151500.0,151000.0,147000.0,155000.0
2022-08-22 00:00:00+00:00,178.8,179.79,0.75,5650292.0,15.4,9575.0,6.11,81.1,12930.33,38307.0,1808894547.0,11.66,8.766,12930.33,11.41,148000.0,147500.0,146500.0,150500.0
2022-08-23 00:00:00+00:00,175.2,176.14,0.76,5535371.0,15.1,9575.0,5.98,133.5,12930.33,38307.0,1808894547.0,11.42,8.766,12930.33,11.41,144500.0,144000.0,142000.0,147000.0
2022-08-24 00:00:00+00:00,173.3,174.31,0.77,5477910.0,14.9,9575.0,5.92,112.7,12930.33,38307.0,1808894547.0,11.3,8.766,12930.33,11.41,143000.0,142500.0,138500.0,146000.0
2022-08-25 00:00:00+00:00,177.0,177.96,0.75,5592831.0,15.2,9575.0,6.04,98.5,12930.33,38307.0,1808894547.0,11.54,8.766,12930.33,11.41,146000.0,145500.0,142000.0,147500.0
2022-08-26 00:00:00+00:00,173.3,174.31,0.77,5477910.0,14.9,9575.0,5.92,78.0,12930.33,38307.0,1808894547.0,11.3,8.766,12930.33,11.41,143000.0,142500.0,142500.0,147000.0
2022-08-29 00:00:00+00:00,166.1,166.99,0.8,5248068.0,14.3,9575.0,5.67,108.2,12930.33,38307.0,1808894547.0,10.83,8.766,12930.33,11.41,137500.0,137000.0,135000.0,139500.0
2022-08-30 00:00:00+00:00,169.7,170.65,0.79,5362989.0,14.6,9575.0,5.8,89.1,12930.33,38307.0,1808894547.0,11.06,8.766,12930.33,11.41,140000.0,139500.0,135000.0,141000.0
2022-08-31 00:00:00+00:00,172.7,173.7,0.77,5458756.0,14.9,9575.0,5.9,97.1,12930.33,38307.0,1808894547.0,11.26,8.766,12930.33,11.41,142500.0,142000.0,136500.0,143500.0
2022-09-01 00:00:00+00:00,163.6,164.56,0.81,5171454.0,14.1,9575.0,5.59,159.6,12930.33,38307.0,1808894547.0,10.67,8.766,12930.33,11.41,135500.0,135000.0,135000.0,141000.0
2022-09-02 00:00:00+00:00,168.5,169.43,0.79,5324682.0,14.5,9575.0,5.75,99.7,12930.33,38307.0,1808894547.0,10.98,8.766,12930.33,11.41,139000.0,138000.0,133500.0,140500.0
2022-09-05 00:00:00+00:00,164.8,165.77,0.81,5209761.0,14.2,9575.0,5.63,76.6,12930.33,38307.0,1808894547.0,10.75,8.766,12930.33,11.41,136500.0,136000.0,135500.0,139000.0
2022-09-06 00:00:00+00:00,176.4,177.35,0.76,5573678.0,15.2,9575.0,6.02,179.0,12930.33,38307.0,1808894547.0,11.5,8.766,12930.33,11.41,145500.0,145000.0,137500.0,147000.0
2022-09-07 00:00:00+00:00,173.9,174.92,0.77,5497063.0,15.0,9575.0,5.94,81.3,12930.33,38307.0,1808894547.0,11.34,8.766,12930.33,11.41,143500.0,143000.0,142000.0,146500.0
2022-09-08 00:00:00+00:00,177.6,178.57,0.75,5611985.0,15.3,9575.0,6.06,85.4,12930.33,38307.0,1808894547.0,11.58,8.766,12930.33,11.41,146500.0,146000.0,144500.0,149000.0
2022-09-09 00:00:00+00:00,177.6,178.57,0.75,5611985.0,15.3,9575.0,6.06,,12930.33,38307.0,1808894547.0,11.58,8.766,12930.33,11.41,,,,
2022-09-12 00:00:00+00:00,177.6,178.57,0.75,5611985.0,15.3,9575.0,6.06,,12930.33,38307.0,1808894547.0,11.58,8.766,12930.33,11.41,,,,
2022-09-13 00:00:00+00:00,183.0,184.06,0.73,5784367.0,15.8,9575.0,6.25,124.9,12930.33,38307.0,1808894547.0,11.93,8.766,12930.33,11.41,151000.0,150500.0,148000.0,153000.0
2022-09-14 00:00:00+00:00,178.8,179.79,0.75,5650292.0,15.4,9575.0,6.11,65.5,12930.33,38307.0,1808894547.0,11.66,8.766,12930.33,11.41,147500.0,147000.0,141000.0,149500.0
2022-09-15 00:00:00+00:00,182.4,183.45,0.73,5765213.0,15.7,9575.0,6.23,114.4,13420.25,38307.0,1808894547.0,11.89,8.888,13420.25,11.25,151000.0,150500.0,147500.0,153500.0
2022-09-16 00:00:00+00:00,186.7,187.72,0.71,5899288.0,16.1,9575.0,6.37,147.8,13420.25,38307.0,1808894547.0,12.17,8.888,13420.25,11.25,154500.0,154000.0,146500.0,154500.0
2022-09-19 00:00:00+00:00,183.0,184.06,0.73,5784367.0,15.8,9575.0,6.25,101.4,13420.25,38307.0,1808894547.0,11.93,8.888,13420.25,11.25,151500.0,151000.0,150500.0,156000.0
2022-09-20 00:00:00+00:00,189.1,190.15,0.71,5975902.0,16.3,9575.0,6.46,86.7,13420.25,38307.0,1808894547.0,12.33,8.888,13420.25,11.25,156000.0,155500.0,154500.0,158000.0
2022-09-21 00:00:00+00:00,186.7,187.72,0.71,5899288.0,16.1,9575.0,6.37,76.9,13420.25,38307.0,1808894547.0,12.17,8.888,13420.25,11.25,154500.0,154000.0,151500.0,156000.0
2022-09-22 00:00:00+00:00,187.3,188.32,0.71,5918442.0,16.1,9575.0,6.4,102.1,13420.25,38307.0,1808894547.0,12.21,8.888,13420.25,11.25,154500.0,154000.0,152500.0,158500.0
2022-09-23 00:00:00+00:00,181.8,182.84,0.73,5746060.0,15.7,9575.0,6.21,102.1,13420.25,38307.0,1808894547.0,11.85,8.888,13420.25,11.25,150000.0,149500.0,147500.0,155000.0
2022-09-26 00:00:00+00:00,175.8,176.74,0.76,5554524.0,15.1,9575.0,6.0,90.8,13420.25,38307.0,1808894547.0,11.46,8.888,13420.25,11.25,145000.0,144500.0,144500.0,148500.0
2022-09-27 00:00:00+00:00,177.0,177.96,0.75,5592831.0,15.2,9575.0,6.04,94.5,13420.25,38307.0,1808894547.0,11.54,8.888,13420.25,11.25,146000.0,145500.0,142500.0,150000.0
2022-09-28 00:00:00+00:00,173.3,174.31,0.77,5477910.0,14.9,9575.0,5.92,121.0,13420.25,38307.0,1808894547.0,11.3,8.888,13420.25,11.25,143000.0,142500.0,138500.0,147000.0
2022-09-29 00:00:00+00:00,173.3,174.31,0.77,5477910.0,14.9,9575.0,5.92,102.9,13420.25,38307.0,1808894547.0,11.3,8.888,13420.25,11.25,143000.0,142500.0,142000.0,147000.0
2022-09-30 00:00:00+00:00,166.7,167.6,0.8,5267222.0,14.4,9575.0,5.69,204.5,13420.25,38307.0,1808894547.0,10.87,8.888,13420.25,11.25,138000.0,137500.0,134500.0,144000.0
2022-10-03 00:00:00+00:00,166.7,167.6,0.8,5267222.0,14.4,9575.0,5.69,,13420.25,38307.0,1808894547.0,10.87,8.888,13420.25,11.25,,,,
2022-10-04 00:00:00+00:00,172.7,173.7,0.77,5458756.0,14.9,9575.0,5.9,104.4,13420.25,38307.0,1808894547.0,11.26,8.888,13420.25,11.25,143000.0,142500.0,139500.0,146000.0
2022-10-05 00:00:00+00:00,176.4,177.35,0.76,5573678.0,15.2,9575.0,6.02,150.7,13420.25,38307.0,1808894547.0,11.5,8.888,13420.25,11.25,145500.0,145000.0,139000.0,148500.0
2022-10-06 00:00:00+00:00,178.2,179.18,0.75,5631138.0,15.4,9575.0,6.08,94.1,13420.25,38307.0,1808894547.0,11.62,8.888,13420.25,11.25,147000.0,146500.0,143500.0,148500.0
2022-10-07 00:00:00+00:00,176.4,177.35,0.76,5573678.0,15.2,9575.0,6.02,67.4,13420.25,38307.0,1808894547.0,11.5,8.888,13420.25,11.25,145500.0,145000.0,142500.0,148000.0
2022-10-10 00:00:00+00:00,176.4,177.35,0.76,5573678.0,15.2,9575.0,6.02,,13420.25,38307.0,1808894547.0,11.5,8.888,13420.25,11.25,,,,
2022-10-11 00:00:00+00:00,164.8,165.77,0.81,5209761.0,14.2,9575.0,5.63,161.0,13420.25,38307.0,1808894547.0,10.75,8.888,13420.25,11.25,136000.0,135500.0,133500.0,143000.0
2022-10-12 00:00:00+00:00,168.5,169.43,0.79,5324682.0,14.5,9575.0,5.75,75.1,13420.25,38307.0,1808894547.0,10.98,8.888,13420.25,11.25,139000.0,138500.0,134000.0,139500.0
2022-10-13 00:00:00+00:00,163.6,164.56,0.81,5171454.0,14.1,9575.0,5.59,76.3,13420.25,38307.0,1808894547.0,10.67,8.888,13420.25,11.25,135000.0,134500.0,134000.0,138000.0
2022-10-14 00:00:00+00:00,168.5,169.43,0.79,5324682.0,14.5,9575.0,5.75,96.5,13420.25,38307.0,1808894547.0,10.98,8.888,13420.25,11.25,139000.0,138500.0,136500.0,141000.0
2022-10-17 00:00:00+00:00,168.5,169.43,0.79,5324682.0,14.5,9575.0,5.75,61.8,13420.25,38307.0,1808894547.0,10.98,8.888,13420.25,11.25,139000.0,138500.0,135000.0,140000.0
2022-10-18 00:00:00+00:00,168.5,169.43,0.79,5324682.0,14.5,9575.0,5.75,94.0,13420.25,38307.0,1808894547.0,10.98,8.888,13420.25,11.25,139000.0,138500.0,135500.0,142500.0
2022-10-19 00:00:00+00:00,167.3,168.21,0.8,5286375.0,14.4,9575.0,5.71,96.3,13420.25,38307.0,1808894547.0,10.91,8.888,13420.25,11.25,138000.0,137500.0,136000.0,140500.0
2022-10-20 00:00:00+00:00,169.7,170.65,0.79,5362989.0,14.6,9575.0,5.8,207.6,13538.67,38307.0,1808894547.0,11.06,9.74,13538.67,10.27,140000.0,139500.0,131500.0,140500.0
2022-10-21 00:00:00+00:00,164.8,165.77,0.81,5209761.0,14.2,9575.0,5.63,81.1,13538.67,38307.0,1808894547.0,10.75,9.74,13538.67,10.27,136500.0,136000.0,135000.0,138000.0
2022-10-24 00:00:00+00:00,166.7,167.6,0.8,5267222.0,14.4,9575.0,5.69,114.7,13538.67,38307.0,1808894547.0,10.87,9.74,13538.67,10.27,138000.0,137500.0,136000.0,144000.0
2022-10-25 00:00:00+00:00,167.3,168.21,0.8,5286375.0,14.4,9575.0,5.71,63.9,13538.67,38307.0,1808894547.0,10.91,9.74,13538.67,10.27,138000.0,137500.0,135500.0,139500.0
2022-10-26 00:00:00+00:00,161.8,162.73,0.82,5113993.0,13.9,9575.0,5.53,199.7,13538.67,38307.0,1808894547.0,10.55,9.74,13538.67,10.27,134000.0,133500.0,131000.0,137500.0
2022-10-27 00:00:00+00:00,166.1,166.99,0.8,5248068.0,14.3,9575.0,5.67,74.0,13538.67,38307.0,1808894547.0,10.83,9.74,13538.67,10.27,137000.0,136500.0,133000.0,138000.0
2022-10-28 00:00:00+00:00,173.9,174.92,0.77,5497063.0,15.0,9575.0,5.94,135.1,13538.67,38307.0,1808894547.0,11.34,9.74,13538.67,10.27,143500.0,143000.0,136000.0,144500.0
2022-10-31 00:00:00+00:00,176.4,177.35,0.76,5573678.0,15.2,9575.0,6.02,152.7,13538.67,38307.0,1808894547.0,11.5,9.74,13538.67,10.27,146000.0,145500.0,141500.0,147500.0
2022-11-01 00:00:00+00:00,180.0,181.01,0.74,5688599.0,14.0,10598.62,6.15,198.8,13538.67,38307.0,1808894547.0,11.73,9.74,13538.67,10.27,149000.0,148500.0,141500.0,150000.0
2022-11-02 00:00:00+00:00,177.6,178.57,0.75,5611985.0,13.8,10598.62,6.06,242.8,13538.67,38307.0,1808894547.0,11.58,9.74,13538.67,10.27,147000.0,146500.0,145000.0,153000.0
2022-11-03 00:00:00+00:00,173.3,174.31,0.77,5477910.0,13.5,10598.62,5.92,110.5,13538.67,38307.0,1808894547.0,11.3,9.74,13538.67,10.27,143000.0,142500.0,142000.0,145500.0
2022-11-04 00:00:00+00:00,186.1,187.11,0.72,5880135.0,14.5,10598.62,6.35,304.8,13538.67,38307.0,1808894547.0,12.13,9.74,13538.67,10.27,153500.0,153000.0,139000.0,154000.0
2022-11-07 00:00:00+00:00,179.4,180.4,0.74,5669445.0,14.0,10598.62,6.13,154.4,13538.67,38307.0,1808894547.0,11.7,9.74,13538.67,10.27,148000.0,147500.0,146500.0,152000.0
2022-11-08 00:00:00+00:00,182.4,183.45,0.73,5765213.0,14.2,10598.62,6.23,140.8,13538.67,38307.0,1808894547.0,11.89,9.74,13538.67,10.27,150500.0,150000.0,148000.0,154000.0
2022-11-09 00:00:00+00:00,182.4,183.45,0.73,5765213.0,14.2,10598.62,6.23,113.9,13538.67,38307.0,1808894547.0,11.89,9.74,13538.67,10.27,150500.0,150000.0,147000.0,151500.0
2022-11-10 00:00:00+00:00,184.2,185.28,0.72,5822674.0,14.3,10598.62,6.29,192.1,13538.67,38307.0,1808894547.0,12.01,9.74,13538.67,10.27,152000.0,151500.0,150000.0,156500.0
2022-11-11 00:00:00+00:00,190.9,191.98,0.7,6033363.0,14.9,10598.62,6.52,217.1,13538.67,38307.0,1808894547.0,12.45,9.74,13538.67,10.27,158000.0,157500.0,152000.0,158500.0
2022-11-14 00:00:00+00:00,190.3,191.37,0.7,6014209.0,14.8,10598.62,6.5,148.9,13538.67,38307.0,1808894547.0,12.41,9.74,13538.67,10.27,157000.0,156500.0,154500.0,159500.0
2022-11-15 00:00:00+00:00,192.1,193.2,0.69,6071670.0,15.0,10598.62,6.56,191.4,13538.67,38307.0,1808894547.0,12.53,9.74,13538.67,10.27,158500.0,158000.0,155500.0,162500.0
2022-11-16 00:00:00+00:00,189.7,190.76,0.7,5995056.0,14.8,10598.62,6.48,141.6,13538.67,38307.0,1808894547.0,12.37,9.74,13538.67,10.27,156500.0,156000.0,151000.0,159000.0
2022-11-17 00:00:00+00:00,189.1,190.15,0.71,5975902.0,14.7,10598.62,6.46,94.3,13802.25,38307.0,1808894547.0,12.33,8.708,13802.25,11.48,156000.0,155500.0,153500.0,158000.0
2022-11-18 00:00:00+00:00,192.7,193.81,0.69,6090824.0,15.0,10598.62,6.58,107.2,13802.25,38307.0,1808894547.0,12.56,8.708,13802.25,11.48,159000.0,158500.0,154000.0,160500.0
2022-11-21 00:00:00+00:00,183.0,184.06,0.73,5784367.0,14.2,10598.62,6.25,143.9,13802.25,38307.0,1808894547.0,11.93,8.708,13802.25,11.48,151500.0,151000.0,151000.0,160000.0
2022-11-22 00:00:00+00:00,180.0,181.01,0.74,5688599.0,14.0,10598.62,6.15,116.0,13802.25,38307.0,1808894547.0,11.73,8.708,13802.25,11.48,148500.0,148000.0,145500.0,149500.0
2022-11-23 00:00:00+00:00,179.4,180.4,0.74,5669445.0,14.0,10598.62,6.13,135.1,13802.25,38307.0,1808894547.0,11.7,8.708,13802.25,11.48,148000.0,147500.0,145000.0,149500.0
2022-11-24 00:00:00+00:00,179.4,180.4,0.74,5669445.0,14.0,10598.62,6.13,160.3,13802.25,38307.0,1808894547.0,11.7,8.708,13802.25,11.48,148000.0,147500.0,145500.0,150000.0
2022-11-25 00:00:00+00:00,177.0,177.96,0.75,5592831.0,13.8,10598.62,6.04,138.0,13802.25,38307.0,1808894547.0,11.54,8.708,13802.25,11.48,146500.0,146000.0,143500.0,149000.0
2022-11-28 00:00:00+00:00,173.3,174.31,0.77,5477910.0,13.5,10598.62,5.92,148.1,13802.25,38307.0,1808894547.0,11.3,8.708,13802.25,11.48,143000.0,142500.0,140500.0,144500.0
2022-11-29 00:00:00+00:00,181.2,182.23,0.74,5726906.0,14.1,10598.62,6.19,167.8,13802.25,38307.0,1808894547.0,11.81,8.708,13802.25,11.48,149500.0,149000.0,142500.0,150000.0
2022-11-30 00:00:00+00:00,183.6,184.67,0.73,5803520.0,14.3,10598.62,6.27,144.9,13802.25,38307.0,1808894547.0,11.97,8.708,13802.25,11.48,151500.0,151000.0,146000.0,152000.0
2022-12-01 00:00:00+00:00,186.7,187.72,0.71,5899288.0,14.5,10598.62,6.37,121.2,13802.25,38307.0,1808894547.0,12.17,8.708,13802.25,11.48,154000.0,153500.0,150000.0,155000.0
2022-12-02 00:00:00+00:00,182.4,183.45,0.73,5765213.0,14.2,10598.62,6.23,139.2,13802.25,38307.0,1808894547.0,11.89,8.708,13802.25,11.48,150500.0,150000.0,149500.0,154500.0
2022-12-05 00:00:00+00:00,195.2,196.25,0.68,6167437.0,15.2,10598.62,6.66,329.8,13802.25,38307.0,1808894547.0,12.72,8.708,13802.25,11.48,161000.0,160500.0,151500.0,161500.0
2022-12-06 00:00:00+00:00,187.9,188.93,0.71,5937595.0,14.6,10598.62,6.42,245.7,13802.25,38307.0,1808894547.0,12.25,8.708,13802.25,11.48,155000.0,154500.0,154000.0,165500.0
2022-12-07 00:00:00+00:00,190.3,191.37,0.7,6014209.0,14.8,10598.62,6.5,164.2,13802.25,38307.0,1808894547.0,12.41,8.708,13802.25,11.48,157000.0,156500.0,154000.0,161000.0
2022-12-08 00:00:00+00:00,187.3,188.32,0.71,5918442.0,14.6,10598.62,6.4,188.3,13802.25,38307.0,1808894547.0,12.21,8.708,13802.25,11.48,154500.0,154000.0,150500.0,157500.0
2022-12-09 00:00:00+00:00,182.4,183.45,0.73,5765213.0,14.2,10598.62,6.23,161.3,13802.25,38307.0,1808894547.0,11.89,8.708,13802.25,11.48,151000.0,150500.0,148500.0,156000.0
2022-12-12 00:00:00+00:00,175.2,176.14,0.76,5535371.0,13.6,10598.62,5.98,181.8,13802.25,38307.0,1808894547.0,11.42,8.708,13802.25,11.48,145000.0,144500.0,144000.0,150000.0
2022-12-13 00:00:00+00:00,174.5,175.53,0.76,5516217.0,13.6,10598.62,5.96,143.1,13802.25,38307.0,1808894547.0,11.38,8.708,13802.25,11.48,144000.0,143500.0,142500.0,147500.0
2022-12-14 00:00:00+00:00,173.9,174.92,0.77,5497063.0,13.5,10598.62,5.94,190.6,13802.25,38307.0,1808894547.0,11.34,8.708,13802.25,11.48,143500.0,143000.0,141500.0,147500.0
2022-12-15 00:00:00+00:00,168.5,169.43,0.79,5324682.0,13.1,10598.62,5.75,198.9,13995.0,38307.0,1808894547.0,10.98,9.719,13995.0,10.29,139000.0,138500.0,138000.0,142500.0
2022-12-16 00:00:00+00:00,170.3,171.26,0.78,5382142.0,13.3,10598.62,5.82,253.0,13995.0,38307.0,1808894547.0,11.1,9.719,13995.0,10.29,140500.0,140000.0,135000.0,143000.0
2022-12-19 00:00:00+00:00,166.1,166.99,0.8,5248068.0,12.9,10598.62,5.67,167.3,13995.0,38307.0,1808894547.0,10.83,9.719,13995.0,10.29,137500.0,137000.0,136000.0,141500.0
2022-12-20 00:00:00+00:00,166.1,166.99,0.8,5248068.0,12.9,10598.62,5.67,100.8,13995.0,38307.0,1808894547.0,10.83,9.719,13995.0,10.29,137000.0,136500.0,135500.0,140000.0
2022-12-21 00:00:00+00:00,169.1,170.04,0.79,5343836.0,13.2,10598.62,5.77,141.3,13995.0,38307.0,1808894547.0,11.02,9.719,13995.0,10.29,139500.0,139000.0,138000.0,141500.0
2022-12-22 00:00:00+00:00,172.1,173.09,0.77,5439603.0,13.4,10598.62,5.88,178.7,13995.0,38307.0,1808894547.0,11.22,9.719,13995.0,10.29,142000.0,141500.0,138500.0,142500.0
2022-12-23 00:00:00+00:00,169.1,170.04,0.79,5343836.0,13.2,10598.62,5.77,196.6,13995.0,38307.0,1808894547.0,11.02,9.719,13995.0,10.29,139500.0,139000.0,138000.0,141500.0
2022-12-26 00:00:00+00:00,173.3,174.31,0.77,5477910.0,13.5,10598.62,5.92,253.4,13995.0,38307.0,1808894547.0,11.3,9.719,13995.0,10.29,143000.0,142500.0,139000.0,143500.0
2022-12-27 00:00:00+00:00,178.2,179.18,0.75,5631138.0,13.9,10598.62,6.08,333.0,13995.0,38307.0,1808894547.0,11.62,9.719,13995.0,10.29,147500.0,147000.0,144000.0,149000.0
2022-12-28 00:00:00+00:00,178.8,181.74,0.75,5650292.0,13.9,10598.62,6.11,339.1,13995.0,38307.0,1808894547.0,11.66,9.719,13995.0,10.29,147500.0,147000.0,145500.0,150000.0
2022-12-29 00:00:00+00:00,175.2,178.05,0.76,5535371.0,13.6,10598.62,5.98,154.3,13995.0,38307.0,1808894547.0,11.42,9.719,13995.0,10.29,145000.0,144500.0,142500.0,147000.0
2022-12-30 00:00:00+00:00,175.2,178.05,0.76,5535371.0,13.6,10598.62,5.98,,13995.0,38307.0,1808894547.0,11.42,9.719,13995.0,10.29,,,,
2023-01-02 00:00:00+00:00,169.7,172.5,0.79,5362989.0,13.2,10598.62,5.8,222.7,13995.0,38307.0,,11.06,9.719,13995.0,10.29,140000.0,139500.0,136500.0,146500.0
2023-01-03 00:00:00+00:00,168.5,171.27,0.79,5324682.0,13.1,10598.62,5.75,141.0,13995.0,38307.0,,10.98,9.719,13995.0,10.29,139500.0,139000.0,134500.0,139500.0
2023-01-04 00:00:00+00:00,164.8,167.57,0.81,5209761.0,12.8,10598.62,5.63,149.3,13995.0,38307.0,,10.75,9.719,13995.0,10.29,136500.0,136000.0,134500.0,139500.0
2023-01-05 00:00:00+00:00,164.2,166.96,0.81,5190607.0,12.8,10598.62,5.61,160.2,13995.0,38307.0,,10.71,9.719,13995.0,10.29,135500.0,135000.0,132500.0,137500.0
2023-01-06 00:00:00+00:00,152.7,155.25,0.87,4826690.0,11.9,10598.62,5.22,897.6,13995.0,38307.0,,9.96,9.719,13995.0,10.29,126500.0,126000.0,120500.0,134500.0
2023-01-09 00:00:00+00:00,159.4,162.03,0.84,5037379.0,12.4,10598.62,5.44,239.5,13995.0,38307.0,,10.39,9.719,13995.0,10.29,132000.0,131500.0,126000.0,132500.0
2023-01-10 00:00:00+00:00,162.4,165.11,0.82,5133147.0,12.6,10598.62,5.55,163.4,13995.0,38307.0,,10.59,9.719,13995.0,10.29,134000.0,133500.0,131000.0,134500.0
2023-01-11 00:00:00+00:00,159.4,162.03,0.84,5037379.0,12.4,10598.62,5.44,172.6,13995.0,38307.0,,10.39,9.719,13995.0,10.29,132000.0,131500.0,130000.0,135500.0
2023-01-12 00:00:00+00:00,163.0,165.72,0.82,5152300.0,12.7,10598.62,5.57,281.2,13995.0,38307.0,,10.63,9.719,13995.0,10.29,134500.0,134000.0,130000.0,135500.0
2023-01-13 00:00:00+00:00,161.2,163.88,0.83,5094840.0,12.5,10598.62,5.51,202.2,13995.0,38307.0,,10.51,9.719,13995.0,10.29,133000.0,132500.0,131500.0,136500.0
2023-01-16 00:00:00+00:00,158.8,161.41,0.84,5018225.0,12.4,10598.62,5.42,219.0,13995.0,38307.0,,10.35,9.719,13995.0,10.29,131500.0,131000.0,130000.0,134000.0
2023-01-17 00:00:00+00:00,158.8,161.41,0.84,5018225.0,12.4,10598.62,5.42,91.3,13995.0,38307.0,,10.35,9.719,13995.0,10.29,131000.0,130500.0,130500.0,132500.0
2023-01-18 00:00:00+00:00,170.9,173.73,0.78,5401296.0,13.3,10598.62,5.84,462.2,13995.0,38307.0,,11.14,9.719,13995.0,10.29,141500.0,141000.0,131000.0,141500.0
2023-01-19 00:00:00+00:00,171.5,174.35,0.78,5420449.0,13.4,10598.62,5.86,187.8,14093.75,38307.0,,11.18,10.759,14093.75,9.29,142000.0,141500.0,138500.0,143000.0
2023-01-20 00:00:00+00:00,172.1,174.97,0.77,5439603.0,13.4,10598.62,5.88,202.1,14093.75,38307.0,,11.22,10.759,14093.75,9.29,142000.0,141500.0,138000.0,143500.0
2023-01-23 00:00:00+00:00,172.1,174.97,0.77,5439603.0,13.4,10598.62,5.88,,14093.75,38307.0,,11.22,10.759,14093.75,9.29,,,,
2023-01-24 00:00:00+00:00,172.1,174.97,0.77,5439603.0,13.4,10598.62,5.88,,14093.75,38307.0,,11.22,10.759,14093.75,9.29,,,,
2023-01-25 00:00:00+00:00,179.5,182.48,0.74,5673276.0,14.0,10598.62,6.13,291.6,14093.75,38307.0,,11.7,10.759,14093.75,9.29,148200.0,148100.0,143000.0,149300.0
2023-01-26 00:00:00+00:00,176.8,179.77,0.75,5589001.0,13.8,10598.62,6.04,148.1,14093.75,38307.0,,11.53,10.759,14093.75,9.29,145900.0,145800.0,144700.0,147800.0
2023-01-27 00:00:00+00:00,178.2,181.13,0.75,5631138.0,13.9,10598.62,6.08,217.8,14093.75,38307.0,,11.62,10.759,14093.75,9.29,147000.0,146800.0,141800.0,148500.0
2023-01-30 00:00:00+00:00,179.8,182.73,0.74,5680938.0,14.0,10598.62,6.14,158.8,14093.75,38307.0,,11.72,10.759,14093.75,9.29,148300.0,147900.0,146300.0,149800.0
2023-01-31 00:00:00+00:00,183.9,186.92,0.73,5811181.0,14.3,10598.62,6.28,280.6,14093.75,38307.0,,11.99,10.759,14093.75,9.29,151800.0,151700.0,147100.0,154000.0
2023-02-01 00:00:00+00:00,183.0,186.06,0.73,5784367.0,13.1,11570.52,6.25,222.3,14093.75,38307.0,,11.93,10.759,14093.75,9.29,151000.0,150900.0,149500.0,155500.0
2023-02-02 00:00:00+00:00,185.0,188.03,0.72,5845658.0,13.2,11570.52,6.32,281.2,14093.75,38307.0,,12.06,10.759,14093.75,9.29,152800.0,152600.0,145600.0,153700.0
2023-02-03 00:00:00+00:00,184.8,187.9,0.72,5841827.0,13.2,11570.52,6.31,158.0,14093.75,38307.0,,12.05,10.759,14093.75,9.29,152500.0,152400.0,148200.0,153800.0
2023-02-06 00:00:00+00:00,182.2,185.19,0.73,5757552.0,13.0,11570.52,6.22,130.8,14093.75,38307.0,,11.88,10.759,14093.75,9.29,150400.0,150300.0,149200.0,153300.0
2023-02-07 00:00:00+00:00,182.1,185.07,0.73,5753721.0,13.0,11570.52,6.22,178.9,14093.75,38307.0,,11.87,10.759,14093.75,9.29,150200.0,150000.0,146000.0,150400.0
2023-02-08 00:00:00+00:00,181.7,184.7,0.73,5742229.0,13.0,11570.52,6.2,107.9,14093.75,38307.0,,11.85,10.759,14093.75,9.29,150000.0,149900.0,148500.0,150300.0
2023-02-09 00:00:00+00:00,180.1,183.1,0.74,5692430.0,12.8,11570.52,6.15,160.9,14093.75,38307.0,,11.74,10.759,14093.75,9.29,149500.0,148600.0,148300.0,153300.0
2023-02-10 00:00:00+00:00,185.5,188.52,0.72,5860981.0,13.2,11570.52,6.33,149.8,14093.75,38307.0,,12.09,10.759,14093.75,9.29,153100.0,153000.0,147000.0,154400.0
2023-02-13 00:00:00+00:00,183.2,186.18,0.73,5788197.0,13.1,11570.52,6.25,75.4,14093.75,38307.0,,11.94,10.759,14093.75,9.29,151200.0,151100.0,150100.0,153000.0
2023-02-14 00:00:00+00:00,184.1,187.16,0.72,5818843.0,13.1,11570.52,6.29,62.7,14093.75,38307.0,,12.0,10.759,14093.75,9.29,152000.0,151900.0,150800.0,153800.0
2023-02-15 00:00:00+00:00,179.0,181.99,0.74,5657954.0,12.8,11570.52,6.11,104.9,14093.75,38307.0,,11.67,10.759,14093.75,9.29,147800.0,147700.0,147700.0,151800.0
2023-02-16 00:00:00+00:00,181.5,184.45,0.73,5734567.0,12.9,11570.52,6.2,98.1,13902.33,38307.0,,11.83,9.152,13902.33,10.93,149800.0,149700.0,148400.0,150700.0
2023-02-17 00:00:00+00:00,177.7,180.63,0.75,5615815.0,12.7,11570.52,6.07,150.4,13902.33,38307.0,,11.58,9.152,13902.33,10.93,146600.0,146500.0,144300.0,149000.0
2023-02-20 00:00:00+00:00,179.0,181.99,0.74,5657954.0,12.8,11570.52,6.11,65.8,13902.33,38307.0,,11.67,9.152,13902.33,10.93,147700.0,147500.0,145000.0,148700.0
2023-02-21 00:00:00+00:00,175.5,178.42,0.76,5546863.0,12.5,11570.52,5.99,124.8,13902.33,38307.0,,11.44,9.152,13902.33,10.93,144900.0,144800.0,143200.0,147900.0
2023-02-22 00:00:00+00:00,172.6,175.46,0.77,5454926.0,12.3,11570.52,5.89,125.4,13902.33,38307.0,,11.25,9.152,13902.33,10.93,142400.0,142300.0,138800.0,143000.0
2023-02-23 00:00:00+00:00,171.4,174.23,0.78,5416619.0,12.2,11570.52,5.85,106.0,13902.33,38307.0,,11.17,9.152,13902.33,10.93,141400.0,141300.0,140800.0,143400.0
2023-02-24 00:00:00+00:00,173.2,176.07,0.77,5474079.0,12.4,11570.52,5.92,93.7,13902.33,38307.0,,11.29,9.152,13902.33,10.93,142900.0,142800.0,141100.0,144000.0
2023-02-27 00:00:00+00:00,170.5,173.36,1.14,5389804.0,12.2,11570.52,5.82,167.6,13902.33,38307.0,,11.12,9.152,13902.33,10.93,141100.0,140700.0,136500.0,142200.0
2023-02-28 00:00:00+00:00,168.4,171.15,1.15,5320851.0,12.0,11570.52,5.75,120.6,13902.33,38307.0,,10.98,9.152,13902.33,10.93,138900.0,138800.0,138400.0,143200.0
2023-03-01 00:00:00+00:00,168.4,171.15,1.15,5320851.0,12.0,11570.52,5.75,,13902.33,38307.0,,10.98,9.152,13902.33,10.93,,,,
2023-03-02 00:00:00+00:00,173.9,176.81,1.11,5497063.0,12.4,11570.52,5.94,171.5,13902.33,38307.0,,11.34,9.152,13902.33,10.93,143500.0,143400.0,139700.0,145400.0
2023-03-03 00:00:00+00:00,172.8,175.71,1.12,5462588.0,12.3,11570.52,5.9,69.4,13902.33,38307.0,,11.27,9.152,13902.33,10.93,142600.0,142500.0,141200.0,145200.0
2023-03-06 00:00:00+00:00,174.5,177.43,1.11,5516217.0,12.4,11570.52,5.96,128.4,13902.33,38307.0,,11.38,9.152,13902.33,10.93,144100.0,144000.0,142400.0,147700.0
2023-03-07 00:00:00+00:00,169.7,172.5,1.14,5362989.0,12.1,11570.52,5.8,143.0,13902.33,38307.0,,11.06,9.152,13902.33,10.93,140000.0,139900.0,139700.0,144600.0
2023-03-08 00:00:00+00:00,172.1,174.97,1.13,5439603.0,12.3,11570.52,5.88,114.5,13902.33,38307.0,,11.22,9.152,13902.33,10.93,142000.0,141900.0,138000.0,144100.0
2023-03-09 00:00:00+00:00,173.1,175.95,1.12,5470249.0,12.3,11570.52,5.91,137.1,13902.33,38307.0,,11.28,9.152,13902.33,10.93,142900.0,142800.0,141100.0,144600.0
2023-03-10 00:00:00+00:00,171.0,173.86,1.13,5405127.0,12.2,11570.52,5.84,69.5,13902.33,38307.0,,11.15,9.152,13902.33,10.93,141100.0,141000.0,140600.0,143800.0
2023-03-13 00:00:00+00:00,169.7,172.5,1.14,5362989.0,12.1,11570.52,5.8,106.2,13902.33,38307.0,,11.06,9.152,13902.33,10.93,140100.0,140000.0,136400.0,142500.0
2023-03-14 00:00:00+00:00,163.0,165.72,1.19,5152300.0,11.6,11570.52,5.57,139.0,13902.33,38307.0,,10.63,9.152,13902.33,10.93,134700.0,134500.0,132700.0,139900.0
2023-03-15 00:00:00+00:00,160.4,163.01,1.21,5068024.0,11.4,11570.52,5.48,244.2,13902.33,38307.0,,10.45,9.152,13902.33,10.93,132300.0,132200.0,129300.0,136200.0
2023-03-16 00:00:00+00:00,157.5,160.06,1.23,4976088.0,11.2,11570.52,5.38,173.4,13957.25,38307.0,,10.27,10.377,13957.25,9.64,130000.0,129900.0,128100.0,130700.0
2023-03-17 00:00:00+00:00,157.6,160.18,1.23,4979918.0,11.2,11570.52,5.38,138.2,13957.25,38307.0,,10.27,10.377,13957.25,9.64,130000.0,129900.0,128400.0,133000.0
2023-03-20 00:00:00+00:00,159.2,161.78,1.22,5029718.0,11.3,11570.52,5.43,118.4,13957.25,38307.0,,10.38,10.377,13957.25,9.64,131300.0,131200.0,130000.0,135600.0
2023-03-21 00:00:00+00:00,161.5,164.12,1.2,5102501.0,11.5,11570.52,5.51,55.9,13957.25,38307.0,,10.53,10.377,13957.25,9.64,133300.0,133200.0,131300.0,134000.0
2023-03-22 00:00:00+00:00,160.8,163.51,1.21,5083347.0,11.5,11570.52,5.49,63.0,13957.25,38307.0,,10.49,10.377,13957.25,9.64,132800.0,132700.0,131800.0,134100.0
2023-03-23 00:00:00+00:00,158.9,161.54,1.22,5022056.0,11.3,11570.52,5.43,78.0,13957.25,38307.0,,10.36,10.377,13957.25,9.64,131100.0,131000.0,130400.0,133000.0
2023-03-24 00:00:00+00:00,162.9,165.6,1.19,5148470.0,11.6,11570.52,5.56,106.0,13957.25,38307.0,,10.62,10.377,13957.25,9.64,134500.0,134400.0,129800.0,136500.0
2023-03-27 00:00:00+00:00,164.8,167.57,1.18,5209761.0,11.8,11570.52,5.63,107.9,13957.25,38307.0,,10.75,10.377,13957.25,9.64,136000.0,135900.0,131800.0,136500.0
2023-03-28 00:00:00+00:00,169.1,171.89,1.15,5343836.0,12.1,11570.52,5.77,110.6,13957.25,38307.0,,11.02,10.377,13957.25,9.64,139500.0,139100.0,136300.0,141400.0
2023-03-29 00:00:00+00:00,167.3,170.04,1.16,5286375.0,11.9,11570.52,5.71,75.7,13957.25,38307.0,,10.91,10.377,13957.25,9.64,138000.0,137900.0,137700.0,141200.0
2023-03-30 00:00:00+00:00,167.3,170.04,1.16,5286375.0,11.9,11570.52,5.71,176.4,13957.25,38307.0,,10.91,10.377,13957.25,9.64,138100.0,138000.0,133900.0,138700.0
2023-03-31 00:00:00+00:00,169.1,171.89,1.15,5343836.0,12.1,11570.52,5.77,90.0,13957.25,38307.0,,11.02,10.377,13957.25,9.64,139600.0,139500.0,137300.0,141000.0
2023-04-03 00:00:00+00:00,170.4,173.24,1.14,5385973.0,12.2,11570.52,5.82,108.8,13957.25,38307.0,,11.11,10.377,13957.25,9.64,140600.0,140500.0,138500.0,142000.0
2023-04-04 00:00:00+00:00,173.8,176.69,1.12,5493233.0,12.4,11570.52,5.94,146.6,13957.25,38307.0,,11.33,10.377,13957.25,9.64,143400.0,143000.0,138600.0,144400.0
2023-04-05 00:00:00+00:00,170.2,172.99,1.14,5378312.0,12.1,11570.52,5.81,116.9,13957.25,38307.0,,11.09,10.377,13957.25,9.64,140400.0,140300.0,139700.0,144500.0
2023-04-06 00:00:00+00:00,165.6,168.31,1.17,5232745.0,11.8,11570.52,5.65,141.6,13957.25,38307.0,,10.79,10.377,13957.25,9.64,136700.0,136600.0,135700.0,140400.0
2023-04-07 00:00:00+00:00,166.2,168.93,1.17,5251899.0,11.8,11570.52,5.67,94.4,13957.25,38307.0,,10.83,10.377,13957.25,9.64,137300.0,137100.0,135000.0,138200.0
2023-04-10 00:00:00+00:00,165.7,168.44,1.17,5236576.0,11.8,11570.52,5.66,98.9,13957.25,38307.0,,10.8,10.377,13957.25,9.64,136700.0,136600.0,135800.0,138600.0
2023-04-11 00:00:00+00:00,171.0,173.86,1.13,5405127.0,12.2,11570.52,5.84,136.9,13957.25,38307.0,,11.15,10.377,13957.25,9.64,141100.0,141000.0,136700.0,142600.0
2023-04-12 00:00:00+00:00,169.7,172.5,1.14,5362989.0,12.1,11570.52,5.8,76.5,13957.25,38307.0,,11.06,10.377,13957.25,9.64,140300.0,140000.0,138200.0,141500.0
2023-04-13 00:00:00+00:00,169.1,171.89,1.15,5343836.0,12.1,11570.52,5.77,105.7,13957.25,38307.0,,11.02,10.377,13957.25,9.64,139600.0,139500.0,137100.0,140700.0
2023-04-14 00:00:00+00:00,170.1,172.87,1.14,5374481.0,12.1,11570.52,5.81,121.7,13957.25,38307.0,,11.09,10.377,13957.25,9.64,140400.0,140300.0,137900.0,141600.0
2023-04-17 00:00:00+00:00,173.5,176.32,1.12,5481741.0,12.4,11570.52,5.92,99.5,13957.25,38307.0,,11.31,10.377,13957.25,9.64,143100.0,143000.0,138800.0,144200.0
2023-04-18 00:00:00+00:00,181.1,184.08,1.07,5723076.0,12.9,11570.52,6.18,280.4,13957.25,38307.0,,11.81,10.377,13957.25,9.64,149500.0,149400.0,140900.0,151500.0
2023-04-19 00:00:00+00:00,176.4,179.28,1.1,5573678.0,12.6,11570.52,6.02,172.0,13957.25,38307.0,,11.5,10.377,13957.25,9.64,145700.0,145500.0,145200.0,150200.0
2023-04-20 00:00:00+00:00,173.0,175.83,1.12,5466418.0,12.3,11570.52,5.91,79.3,14121.0,38307.0,,11.28,9.452,14121.0,10.58,142800.0,142700.0,142000.0,146700.0
2023-04-21 00:00:00+00:00,163.3,165.97,1.19,5159961.0,11.6,11570.52,5.58,300.2,14121.0,38307.0,,10.64,9.452,14121.0,10.58,134700.0,134600.0,133100.0,141900.0
2023-04-24 00:00:00+00:00,165.9,168.68,1.17,5244237.0,11.8,11570.52,5.67,196.5,14121.0,38307.0,,10.82,9.452,14121.0,10.58,136900.0,136800.0,132400.0,137400.0
2023-04-25 00:00:00+00:00,167.3,170.04,1.16,5286375.0,11.9,11570.52,5.71,113.2,14121.0,38307.0,,10.91,9.452,14121.0,10.58,138000.0,137900.0,136100.0,143100.0
2023-04-26 00:00:00+00:00,167.3,170.04,1.16,5286375.0,11.9,11570.52,5.71,95.6,14121.0,38307.0,,10.91,9.452,14121.0,10.58,138000.0,137900.0,136300.0,141500.0
2023-04-27 00:00:00+00:00,165.9,168.68,1.17,5244237.0,11.8,11570.52,5.67,104.1,14121.0,38307.0,,10.82,9.452,14121.0,10.58,136900.0,136800.0,134000.0,138200.0
2023-04-28 00:00:00+00:00,170.9,173.73,1.13,5401296.0,12.2,11570.52,5.84,94.5,14121.0,38307.0,,11.14,9.452,14121.0,10.58,141000.0,140900.0,137000.0,142000.0
2023-05-01 00:00:00+00:00,170.9,173.73,1.13,5401296.0,11.6,12155.09,5.84,,14121.0,38307.0,,11.14,9.452,14121.0,10.58,,,,
2023-05-02 00:00:00+00:00,176.1,179.03,1.1,5566017.0,12.0,12155.09,6.01,204.4,14121.0,38307.0,,11.48,9.452,14121.0,10.58,145300.0,145200.0,140600.0,148400.0
2023-05-03 00:00:00+00:00,177.5,180.39,1.09,5608154.0,12.0,12155.09,6.06,130.4,14121.0,38307.0,,11.57,9.452,14121.0,10.58,146500.0,146400.0,144500.0,147100.0
2023-05-04 00:00:00+00:00,179.2,182.11,1.08,5661784.0,12.2,12155.09,6.12,146.9,14121.0,38307.0,,11.68,9.452,14121.0,10.58,147800.0,147700.0,143200.0,148300.0
2023-05-05 00:00:00+00:00,179.2,182.11,1.08,5661784.0,12.2,12155.09,6.12,,14121.0,38307.0,,11.68,9.452,14121.0,10.58,,,,
2023-05-08 00:00:00+00:00,174.4,177.31,1.11,5512386.0,11.8,12155.09,5.96,93.9,14121.0,38307.0,,11.37,9.452,14121.0,10.58,143900.0,143800.0,143000.0,148000.0
2023-05-09 00:00:00+00:00,170.9,173.73,1.13,5401296.0,11.6,12155.09,5.84,76.7,14121.0,38307.0,,11.14,9.452,14121.0,10.58,141000.0,140900.0,139200.0,144300.0
2023-05-10 00:00:00+00:00,170.3,173.12,1.14,5382142.0,11.6,12155.09,5.82,83.0,14121.0,38307.0,,11.1,9.452,14121.0,10.58,140500.0,140400.0,138100.0,142400.0
2023-05-11 00:00:00+00:00,168.7,171.52,1.15,5332343.0,11.5,12155.09,5.76,60.3,14121.0,38307.0,,11.0,9.452,14121.0,10.58,139500.0,139200.0,138800.0,140900.0
2023-05-12 00:00:00+00:00,168.0,170.78,1.15,5309359.0,11.4,12155.09,5.74,69.7,14121.0,38307.0,,10.95,9.452,14121.0,10.58,138600.0,138500.0,137000.0,139200.0
2023-05-15 00:00:00+00:00,169.5,172.26,1.14,5355327.0,11.5,12155.09,5.79,52.8,14121.0,38307.0,,11.05,9.452,14121.0,10.58,139900.0,139800.0,136200.0,140600.0
2023-05-16 00:00:00+00:00,167.2,169.91,1.16,5282544.0,11.3,12155.09,5.71,62.6,14121.0,38307.0,,10.9,9.452,14121.0,10.58,138000.0,137800.0,137000.0,140700.0
2023-05-17 00:00:00+00:00,169.6,172.38,1.14,5359158.0,11.5,12155.09,5.79,47.9,14121.0,38307.0,,11.06,9.452,14121.0,10.58,139900.0,139800.0,137000.0,139900.0
2023-05-18 00:00:00+00:00,168.2,171.02,1.15,5317020.0,11.4,12155.09,5.75,66.0,14479.33,38307.0,,10.97,10.5,14479.33,9.52,138800.0,138700.0,137700.0,139900.0
2023-05-19 00:00:00+00:00,166.8,169.54,1.16,5271052.0,11.3,12155.09,5.7,73.5,14479.33,38307.0,,10.87,10.5,14479.33,9.52,137700.0,137600.0,137200.0,139900.0
2023-05-22 00:00:00+00:00,163.9,166.59,1.18,5179115.0,11.1,12155.09,5.6,190.2,14479.33,38307.0,,10.68,10.5,14479.33,9.52,135200.0,135100.0,134600.0,139200.0
2023-05-23 00:00:00+00:00,167.0,169.79,1.16,5278713.0,11.3,12155.09,5.7,95.9,14479.33,38307.0,,10.89,10.5,14479.33,9.52,137800.0,137700.0,134900.0,138000.0
2023-05-24 00:00:00+00:00,162.9,165.6,1.19,5148470.0,11.1,12155.09,5.56,125.1,14479.33,38307.0,,10.62,10.5,14479.33,9.52,134400.0,134300.0,134300.0,137200.0
2023-05-25 00:00:00+00:00,160.4,163.01,1.21,5068024.0,10.9,12155.09,5.48,148.2,14479.33,38307.0,,10.45,10.5,14479.33,9.52,132400.0,132300.0,132100.0,134600.0
2023-05-26 00:00:00+00:00,163.3,165.97,1.19,5159961.0,11.1,12155.09,5.58,129.6,14479.33,38307.0,,10.64,10.5,14479.33,9.52,134800.0,134700.0,131200.0,135700.0
2023-05-29 00:00:00+00:00,163.3,165.97,1.19,5159961.0,11.1,12155.09,5.58,,14479.33,38307.0,,10.64,10.5,14479.33,9.52,,,,
2023-05-30 00:00:00+00:00,159.6,162.27,1.21,5045040.0,10.8,12155.09,5.45,151.5,14479.33,38307.0,,10.41,10.5,14479.33,9.52,132100.0,131700.0,131100.0,135200.0
2023-05-31 00:00:00+00:00,156.8,159.44,1.24,4956934.0,10.6,12155.09,5.36,248.5,14479.33,38307.0,,10.23,10.5,14479.33,9.52,129500.0,129400.0,128200.0,132400.0
2023-06-01 00:00:00+00:00,155.2,157.72,1.25,4903304.0,10.5,12155.09,5.3,107.0,14463.07,38307.0,,10.11,11.299,14463.07,8.85,128200.0,128000.0,127800.0,130500.0
2023-06-02 00:00:00+00:00,161.0,163.63,1.2,5087178.0,10.9,12155.09,5.5,196.2,14463.07,38307.0,,10.49,11.299,14463.07,8.85,132800.0,132700.0,126700.0,134000.0
2023-06-05 00:00:00+00:00,,,,,,,5.48,85.7,14463.07,38307.0,,10.45,11.299,14463.07,8.85,132300.0,132200.0,131400.0,134800.0
