,0,1,2,3,4,5,6,7,8,9,10,11
Name,SK BIOPHARMACEUTICALS - PRICE INDEX,SK BIOPHARMACEUTICALS - TOT RETURN IND,SK BIOPHARMACEUTICALS - DIVIDEND YIELD,SK BIOPHARMACEUTICALS - MARKET VALUE,SK BIOPHARMACEUTICALS - PER,SK BIOPHARMACEUTICALS - EARNINGS PER SHR,SK BIOPHARMACEUTICALS - EPS 12M FWD,SK BIOPHARMACEUTICALS - PE RATIO 12M FWD,SK BIOPHARMACEUTICALS - ASK PRICE,SK BIOPHARMACEUTICALS - BID PRICE,SK BIOPHARMACEUTICALS - PRICE LOW,SK BIOPHARMACEUTICALS - PRICE HIGH
MNEM,KO:SBP,KO:SBP,KO:SBP,KO:SBP,KO:SBP,KO:SBP,KO:SBP,KO:SBP,KO:SBP,KO:SBP,KO:SBP,KO:SBP
DATATYPE,PI,RI,DY,MV,PE,EPS,DIEP,DIPE,PA,PB,PL,PH
NAME,SK BIOPHARMACEUTICALS,SK BIOPHARMACEUTICALS,SK BIOPHARMACEUTICALS,SK BIOPHARMACEUTICALS,SK BIOPHARMACEUTICALS,SK BIOPHARMACEUTICALS,SK BIOPHARMACEUTICALS,SK BIOPHARMACEUTICALS,SK BIOPHARMACEUTICALS,SK BIOPHARMACEUTICALS,SK BIOPHARMACEUTICALS,SK BIOPHARMACEUTICALS
SECD,BLF9YV7,BLF9YV7,BLF9YV7,BLF9YV7,BLF9YV7,BLF9YV7,BLF9YV7,BLF9YV7,BLF9YV7,BLF9YV7,BLF9YV7,BLF9YV7
ISIN,KR7326030004,KR7326030004,KR7326030004,KR7326030004,KR7326030004,KR7326030004,KR7326030004,KR7326030004,KR7326030004,KR7326030004,KR7326030004,KR7326030004
CODON,SOUTH KOREA,SOUTH KOREA,SOUTH KOREA,SOUTH KOREA,SOUTH KOREA,SOUTH KOREA,SOUTH KOREA,SOUTH KOREA,SOUTH KOREA,SOUTH KOREA,SOUTH KOREA,SOUTH KOREA
ISOCUR,KRW,KRW,KRW,KRW,KRW,KRW,KRW,KRW,KRW,KRW,KRW,KRW
2020-07-02 00:00:00+00:00,100.0,100.0,0.0,9945782.0,,0.0,,,,127000.0,98000.0,127000.0
2020-07-03 00:00:00+00:00,129.9,129.92,0.0,12921690.0,,0.0,,,,165000.0,165000.0,165000.0
2020-07-06 00:00:00+00:00,168.9,168.9,0.0,16798180.0,,0.0,,,,214500.0,193500.0,214500.0
2020-07-07 00:00:00+00:00,170.5,170.47,0.0,16954800.0,,0.0,,,217000.0,216500.0,210000.0,269500.0
2020-07-08 00:00:00+00:00,170.9,170.87,0.0,16993950.0,,0.0,,,217500.0,217000.0,198000.0,225000.0
2020-07-09 00:00:00+00:00,161.8,161.81,0.0,16093370.0,,0.0,,,205500.0,205000.0,205500.0,220000.0
2020-07-10 00:00:00+00:00,161.8,161.81,0.0,16093370.0,,0.0,,,206000.0,205500.0,198500.0,213500.0
2020-07-13 00:00:00+00:00,156.7,156.69,0.0,15584330.0,,0.0,,,199500.0,199000.0,199000.0,207500.0
2020-07-14 00:00:00+00:00,148.4,148.43,0.0,14762040.0,,0.0,,,188500.0,188000.0,188000.0,201500.0
2020-07-15 00:00:00+00:00,139.4,139.37,0.0,13861440.0,,0.0,,,177500.0,177000.0,174000.0,191000.0
2020-07-16 00:00:00+00:00,144.5,144.49,0.0,14370470.0,,0.0,-789.17,,184000.0,183500.0,179000.0,197500.0
2020-07-17 00:00:00+00:00,150.4,150.39,0.0,14957820.0,,0.0,-789.17,,191000.0,190500.0,183500.0,193000.0
2020-07-20 00:00:00+00:00,147.2,147.24,0.0,14644570.0,,0.0,-789.17,,187000.0,186500.0,185000.0,195000.0
2020-07-21 00:00:00+00:00,146.1,146.06,0.0,14527100.0,,0.0,-789.17,,186000.0,185500.0,184500.0,189000.0
2020-07-22 00:00:00+00:00,148.0,148.03,0.0,14722890.0,,0.0,-789.17,,188500.0,188000.0,188000.0,205000.0
2020-07-23 00:00:00+00:00,146.9,146.85,0.0,14605420.0,,0.0,-789.17,,187000.0,186500.0,183000.0,190500.0
2020-07-24 00:00:00+00:00,148.8,148.82,0.0,14801200.0,,0.0,-789.17,,189000.0,188500.0,183000.0,194500.0
2020-07-27 00:00:00+00:00,150.8,150.79,0.0,14996990.0,,0.0,-789.17,,192000.0,191500.0,190500.0,199500.0
2020-07-28 00:00:00+00:00,149.6,149.61,0.0,14879510.0,,0.0,-789.17,,190500.0,190000.0,188000.0,193500.0
2020-07-29 00:00:00+00:00,146.9,146.85,0.0,14605420.0,,0.0,-789.17,,187000.0,186500.0,185500.0,190500.0
2020-07-30 00:00:00+00:00,145.7,145.67,0.0,14487940.0,,0.0,-789.17,,185500.0,185000.0,183500.0,189000.0
2020-07-31 00:00:00+00:00,143.3,143.31,0.0,14253010.0,,0.0,-789.17,,182500.0,182000.0,182000.0,184500.0
2020-08-03 00:00:00+00:00,137.8,137.8,0.0,13704810.0,,0.0,-789.17,,175000.0,174500.0,170000.0,178000.0
2020-08-04 00:00:00+00:00,138.2,138.19,0.0,13743970.0,,0.0,-789.17,,176000.0,175500.0,175000.0,179000.0
2020-08-05 00:00:00+00:00,141.3,141.34,0.0,14057220.0,,0.0,-789.17,,180000.0,179500.0,175500.0,183000.0
2020-08-06 00:00:00+00:00,141.3,141.34,0.0,14057220.0,,0.0,-789.17,,179500.0,179000.0,178500.0,182500.0
2020-08-07 00:00:00+00:00,140.9,140.94,0.0,14018070.0,,0.0,-789.17,,179500.0,179000.0,178000.0,181000.0
2020-08-10 00:00:00+00:00,151.6,151.57,0.0,15075290.0,,0.0,-789.17,,192500.0,192000.0,184500.0,196000.0
2020-08-11 00:00:00+00:00,150.8,150.79,0.0,14996990.0,,0.0,-789.17,,191500.0,191000.0,190000.0,196500.0
2020-08-12 00:00:00+00:00,150.4,150.39,0.0,14957820.0,,0.0,-789.17,,191000.0,190500.0,188000.0,195500.0
2020-08-13 00:00:00+00:00,146.5,146.46,0.0,14566260.0,,0.0,-789.17,,186500.0,186000.0,184500.0,193000.0
2020-08-14 00:00:00+00:00,140.6,140.55,0.0,13978910.0,,0.0,-789.17,,178500.0,178000.0,177500.0,184000.0
2020-08-17 00:00:00+00:00,140.6,140.55,0.0,13978910.0,,0.0,-789.17,,,,,
2020-08-18 00:00:00+00:00,134.6,134.65,0.0,13391560.0,,0.0,-789.17,,171500.0,171000.0,170500.0,178000.0
2020-08-19 00:00:00+00:00,135.4,135.43,0.0,13469870.0,,0.0,-789.17,,172000.0,171500.0,170500.0,175000.0
2020-08-20 00:00:00+00:00,131.5,131.5,0.0,13078310.0,,0.0,-2206.67,,167500.0,167000.0,165500.0,174000.0
2020-08-21 00:00:00+00:00,128.0,127.95,0.0,12725900.0,,0.0,-2206.67,,163000.0,162500.0,159500.0,169500.0
2020-08-24 00:00:00+00:00,132.3,132.28,0.0,13156620.0,,0.0,-2206.67,,168000.0,167500.0,155000.0,168500.0
2020-08-25 00:00:00+00:00,135.4,135.43,0.0,13469870.0,,0.0,-2206.67,,172500.0,172000.0,168500.0,173000.0
2020-08-26 00:00:00+00:00,135.4,135.43,0.0,13469870.0,,0.0,-2206.67,,172500.0,172000.0,171000.0,175000.0
2020-08-27 00:00:00+00:00,131.9,131.89,0.0,13117470.0,,0.0,-2206.67,,168000.0,167500.0,167000.0,172500.0
2020-08-28 00:00:00+00:00,131.5,131.5,0.0,13078310.0,,0.0,-2206.67,,167000.0,166500.0,166500.0,169000.0
2020-08-31 00:00:00+00:00,128.7,128.74,0.0,12804210.0,,0.0,-2206.67,,164000.0,163500.0,163000.0,170000.0
2020-09-01 00:00:00+00:00,134.6,134.65,0.0,13391560.0,,0.0,-2206.67,,171000.0,170500.0,163500.0,173000.0
2020-09-02 00:00:00+00:00,142.9,142.91,0.0,14213850.0,,0.0,-2206.67,,181500.0,181000.0,167500.0,185000.0
2020-09-03 00:00:00+00:00,143.3,143.31,0.0,14253010.0,,0.0,-2206.67,,182000.0,181500.0,179000.0,186500.0
2020-09-04 00:00:00+00:00,149.6,149.61,0.0,14879510.0,,0.0,-2206.67,,190000.0,189500.0,177000.0,191500.0
2020-09-07 00:00:00+00:00,150.8,150.79,0.0,14996990.0,,0.0,-2206.67,,191500.0,191000.0,187000.0,193500.0
2020-09-08 00:00:00+00:00,148.0,148.03,0.0,14722890.0,,0.0,-2206.67,,188000.0,187500.0,187000.0,197000.0
2020-09-09 00:00:00+00:00,150.4,150.39,0.0,14957820.0,,0.0,-2206.67,,191500.0,191000.0,181000.0,194000.0
2020-09-10 00:00:00+00:00,145.3,145.28,0.0,14448790.0,,0.0,-2206.67,,184500.0,184000.0,184500.0,194500.0
2020-09-11 00:00:00+00:00,137.8,137.8,0.0,13704810.0,,0.0,-2206.67,,175500.0,175000.0,173000.0,182500.0
2020-09-14 00:00:00+00:00,134.3,134.25,0.0,13352400.0,,0.0,-2206.67,,171000.0,170500.0,169000.0,174500.0
2020-09-15 00:00:00+00:00,135.0,135.04,0.0,13430720.0,,0.0,-2206.67,,172000.0,171500.0,170500.0,173000.0
2020-09-16 00:00:00+00:00,133.9,133.86,0.0,13313250.0,,0.0,-2206.67,,170500.0,170000.0,170000.0,173000.0
2020-09-17 00:00:00+00:00,134.3,134.25,0.0,13352400.0,,0.0,-1450.5,,170500.0,170000.0,169000.0,171500.0
2020-09-18 00:00:00+00:00,135.0,135.04,0.0,13430720.0,,0.0,-1450.5,,171500.0,171000.0,169000.0,172000.0
2020-09-21 00:00:00+00:00,131.9,131.89,0.0,13117470.0,,0.0,-1450.5,,168000.0,167500.0,165500.0,172000.0
2020-09-22 00:00:00+00:00,129.5,129.53,0.0,12882520.0,,0.0,-1450.5,,164500.0,164000.0,163000.0,168500.0
2020-09-23 00:00:00+00:00,127.6,127.56,0.0,12686740.0,,0.0,-1450.5,,162500.0,162000.0,158500.0,166500.0
2020-09-24 00:00:00+00:00,125.2,125.2,0.0,12451800.0,,0.0,-1450.5,,159000.0,158500.0,156000.0,159000.0
2020-09-25 00:00:00+00:00,124.8,124.8,0.0,12412640.0,,0.0,-1450.5,,158500.0,158000.0,158000.0,161500.0
2020-09-28 00:00:00+00:00,122.0,122.05,0.0,12138550.0,,0.0,-1450.5,,155500.0,155000.0,155000.0,160000.0
2020-09-29 00:00:00+00:00,123.2,123.23,0.0,12256020.0,,0.0,-1450.5,,157000.0,156500.0,155000.0,158000.0
2020-09-30 00:00:00+00:00,123.2,123.23,0.0,12256020.0,,0.0,-1450.5,,,,,
2020-10-01 00:00:00+00:00,123.2,123.23,0.0,12256020.0,,0.0,-1450.5,,,,,
2020-10-02 00:00:00+00:00,123.2,123.23,0.0,12256020.0,,0.0,-1450.5,,,,,
2020-10-05 00:00:00+00:00,110.6,110.63,0.0,11003000.0,,0.0,-1450.5,,140500.0,140000.0,138000.0,146000.0
2020-10-06 00:00:00+00:00,111.0,111.02,0.0,11042170.0,,0.0,-1450.5,,141500.0,141000.0,139500.0,142500.0
2020-10-07 00:00:00+00:00,113.0,112.99,0.0,11237950.0,,0.0,-1450.5,,144000.0,143500.0,140000.0,144000.0
2020-10-08 00:00:00+00:00,116.1,116.14,0.0,11551200.0,,0.0,-1450.5,,147500.0,147000.0,142500.0,148000.0
2020-10-09 00:00:00+00:00,116.1,116.14,0.0,11551200.0,,0.0,-1450.5,,,,,
2020-10-12 00:00:00+00:00,118.1,118.11,0.0,11746990.0,,0.0,-1450.5,,150000.0,149500.0,147500.0,150000.0
2020-10-13 00:00:00+00:00,116.1,116.14,0.0,11551200.0,,0.0,-1450.5,,148000.0,147500.0,146000.0,151500.0
2020-10-14 00:00:00+00:00,120.5,120.47,0.0,11981920.0,,0.0,-1450.5,,153500.0,153000.0,152500.0,170000.0
2020-10-15 00:00:00+00:00,119.7,119.69,0.0,11903610.0,,0.0,-1258.33,,152000.0,151500.0,146500.0,153000.0
2020-10-16 00:00:00+00:00,120.9,120.87,0.0,12021070.0,,0.0,-1258.33,,154000.0,153500.0,153000.0,159000.0
2020-10-19 00:00:00+00:00,121.7,121.65,0.0,12099390.0,,0.0,-1258.33,,154500.0,154000.0,149000.0,156000.0
2020-10-20 00:00:00+00:00,122.0,122.05,0.0,12138550.0,,0.0,-1258.33,,155000.0,154500.0,152500.0,156000.0
2020-10-21 00:00:00+00:00,127.2,127.17,0.0,12647590.0,,0.0,-1258.33,,162000.0,161500.0,154500.0,162000.0
2020-10-22 00:00:00+00:00,128.0,127.95,0.0,12725900.0,,0.0,-1258.33,,162500.0,162000.0,158000.0,163500.0
2020-10-23 00:00:00+00:00,126.8,126.77,0.0,12608420.0,,0.0,-1258.33,,161000.0,160500.0,159500.0,162000.0
2020-10-26 00:00:00+00:00,123.2,123.23,0.0,12256020.0,,0.0,-1258.33,,157000.0,156500.0,155000.0,161000.0
2020-10-27 00:00:00+00:00,123.2,123.23,0.0,12256020.0,,0.0,-1258.33,,157000.0,156500.0,154500.0,159500.0
2020-10-28 00:00:00+00:00,123.6,123.62,0.0,12295170.0,,0.0,-1258.33,,157000.0,156500.0,156000.0,157500.0
2020-10-29 00:00:00+00:00,122.4,122.44,0.0,12177700.0,,0.0,-1258.33,,155500.0,155000.0,152500.0,156500.0
2020-10-30 00:00:00+00:00,125.6,125.59,0.0,12490960.0,,0.0,-1258.33,,159500.0,159000.0,155000.0,163000.0
2020-11-02 00:00:00+00:00,124.8,124.8,0.0,12412640.0,,0.0,-1258.33,,158500.0,158000.0,157000.0,161500.0
2020-11-03 00:00:00+00:00,125.2,125.2,0.0,12451800.0,,0.0,-1258.33,,159000.0,158500.0,157500.0,161000.0
2020-11-04 00:00:00+00:00,133.1,133.07,0.0,13234940.0,,0.0,-1258.33,,169500.0,169000.0,159500.0,170000.0
2020-11-05 00:00:00+00:00,133.5,133.46,0.0,13274090.0,,0.0,-1258.33,,170000.0,169500.0,167000.0,172000.0
2020-11-06 00:00:00+00:00,132.7,132.68,0.0,13195770.0,,0.0,-1258.33,,169000.0,168500.0,167000.0,171000.0
2020-11-09 00:00:00+00:00,133.1,133.07,0.0,13234940.0,,0.0,-1258.33,,169500.0,169000.0,168500.0,171500.0
2020-11-10 00:00:00+00:00,133.5,133.46,0.0,13274090.0,,0.0,-1258.33,,169500.0,169000.0,162000.0,170500.0
2020-11-11 00:00:00+00:00,131.5,131.5,0.0,13078310.0,,0.0,-1258.33,,167500.0,167000.0,167000.0,172500.0
2020-11-12 00:00:00+00:00,128.7,128.74,0.0,12804210.0,,0.0,-1258.33,,164000.0,163500.0,161500.0,169000.0
2020-11-13 00:00:00+00:00,130.7,130.71,0.0,12999990.0,,0.0,-1258.33,,166500.0,166000.0,162000.0,167000.0
2020-11-16 00:00:00+00:00,132.3,132.28,0.0,13156620.0,,0.0,-1258.33,,168000.0,167500.0,165000.0,169000.0
2020-11-17 00:00:00+00:00,131.1,131.1,0.0,13039150.0,,0.0,-1258.33,,166500.0,166000.0,166000.0,168500.0
2020-11-18 00:00:00+00:00,132.3,132.28,0.0,13156620.0,,0.0,-1258.33,,168000.0,167500.0,166500.0,168500.0
2020-11-19 00:00:00+00:00,133.9,133.86,0.0,13313250.0,,0.0,-982.58,,170000.0,169500.0,166500.0,171000.0
2020-11-20 00:00:00+00:00,133.9,133.86,0.0,13313250.0,,0.0,-982.58,,170000.0,169500.0,168500.0,171500.0
2020-11-23 00:00:00+00:00,134.3,134.25,0.0,13352400.0,,0.0,-982.58,,170500.0,170000.0,168500.0,171000.0
2020-11-24 00:00:00+00:00,137.0,137.01,0.0,13626500.0,,0.0,-982.58,,174000.0,173500.0,171000.0,174500.0
2020-11-25 00:00:00+00:00,137.4,137.4,0.0,13665660.0,,0.0,-982.58,,175000.0,174500.0,170500.0,180000.0
2020-11-26 00:00:00+00:00,141.3,141.34,0.0,14057220.0,,0.0,-982.58,,179500.0,179000.0,172500.0,179500.0
2020-11-27 00:00:00+00:00,148.4,148.43,0.0,14762040.0,,0.0,-982.58,,188500.0,188000.0,178500.0,189000.0
2020-11-30 00:00:00+00:00,147.6,147.64,0.0,14683730.0,,0.0,-982.58,,187500.0,187000.0,181500.0,192500.0
2020-12-01 00:00:00+00:00,139.8,139.76,0.0,13900590.0,,0.0,-982.58,,178000.0,177500.0,177000.0,185500.0
2020-12-02 00:00:00+00:00,139.8,139.76,0.0,13900590.0,,0.0,-982.58,,177500.0,177000.0,175000.0,180000.0
2020-12-03 00:00:00+00:00,138.2,138.19,0.0,13743970.0,,0.0,-982.58,,176000.0,175500.0,175000.0,179500.0
2020-12-04 00:00:00+00:00,139.0,138.98,0.0,13822290.0,,0.0,-982.58,,176500.0,176000.0,175000.0,178000.0
2020-12-07 00:00:00+00:00,137.0,137.01,0.0,13626500.0,,0.0,-982.58,,174000.0,173500.0,171500.0,177500.0
2020-12-08 00:00:00+00:00,135.0,135.04,0.0,13430720.0,,0.0,-982.58,,172000.0,171500.0,171000.0,174000.0
2020-12-09 00:00:00+00:00,135.8,135.83,0.0,13509040.0,,0.0,-982.58,,172500.0,172000.0,171500.0,173500.0
2020-12-10 00:00:00+00:00,140.6,140.55,0.0,13978910.0,,0.0,-982.58,,178500.0,178000.0,168500.0,178500.0
2020-12-11 00:00:00+00:00,137.4,137.4,0.0,13665660.0,,0.0,-982.58,,174500.0,174000.0,174000.0,178500.0
2020-12-14 00:00:00+00:00,134.6,134.65,0.0,13391560.0,,0.0,-982.58,,171000.0,170500.0,170000.0,173500.0
2020-12-15 00:00:00+00:00,135.0,135.04,0.0,13430720.0,,0.0,-982.58,,172000.0,171500.0,169500.0,171500.0
2020-12-16 00:00:00+00:00,137.4,137.4,0.0,13665660.0,,0.0,-982.58,,174500.0,174000.0,171500.0,174500.0
2020-12-17 00:00:00+00:00,139.0,138.98,0.0,13822290.0,,0.0,-785.0,,176500.0,176000.0,174000.0,176500.0
2020-12-18 00:00:00+00:00,142.9,142.91,0.0,14213850.0,,0.0,-785.0,,182000.0,181500.0,176500.0,181500.0
2020-12-21 00:00:00+00:00,139.4,139.37,0.0,13861440.0,,0.0,-785.0,,177500.0,177000.0,176000.0,180500.0
2020-12-22 00:00:00+00:00,135.8,135.83,0.0,13509040.0,,0.0,-785.0,,173000.0,172500.0,172500.0,175500.0
2020-12-23 00:00:00+00:00,134.6,134.65,0.0,13391560.0,,0.0,-785.0,,171500.0,171000.0,170000.0,173500.0
2020-12-24 00:00:00+00:00,134.6,134.65,0.0,13391560.0,,0.0,-785.0,,171000.0,170500.0,168500.0,171500.0
2020-12-25 00:00:00+00:00,134.6,134.65,0.0,13391560.0,,0.0,-785.0,,,,,
2020-12-28 00:00:00+00:00,131.9,131.89,0.0,13117470.0,,0.0,-785.0,,168000.0,167500.0,167000.0,172000.0
2020-12-29 00:00:00+00:00,132.3,132.28,0.0,13156620.0,,0.0,-785.0,,168500.0,168000.0,167000.0,171500.0
2020-12-30 00:00:00+00:00,133.1,133.07,0.0,13234940.0,,0.0,-785.0,,169000.0,168500.0,167000.0,169500.0
2020-12-31 00:00:00+00:00,133.1,133.07,0.0,13234940.0,,0.0,-785.0,,,,,
2021-01-01 00:00:00+00:00,133.1,133.07,0.0,13234940.0,,0.0,-785.0,,,,,
2021-01-04 00:00:00+00:00,121.7,121.65,0.0,12099390.0,,0.0,-785.0,,155000.0,154500.0,149000.0,157000.0
2021-01-05 00:00:00+00:00,126.4,126.38,0.0,12569270.0,,0.0,-785.0,,160500.0,160000.0,152500.0,162500.0
2021-01-06 00:00:00+00:00,125.6,125.59,0.0,12490960.0,,0.0,-785.0,,160000.0,159500.0,158000.0,162500.0
2021-01-07 00:00:00+00:00,124.8,124.8,0.0,12412640.0,,0.0,-785.0,,159000.0,158500.0,157500.0,160500.0
2021-01-08 00:00:00+00:00,125.6,125.59,0.0,12490960.0,,0.0,-785.0,,159500.0,159000.0,155000.0,161000.0
2021-01-11 00:00:00+00:00,122.8,122.83,0.0,12216860.0,,0.0,-785.0,,156500.0,156000.0,154500.0,159500.0
2021-01-12 00:00:00+00:00,121.7,121.65,0.0,12099390.0,,0.0,-785.0,,154500.0,154000.0,152500.0,156000.0
2021-01-13 00:00:00+00:00,120.5,120.47,0.0,11981920.0,,0.0,-785.0,,153500.0,153000.0,152000.0,154500.0
2021-01-14 00:00:00+00:00,122.0,122.05,0.0,12138550.0,,0.0,-578.83,,155500.0,155000.0,152000.0,156500.0
2021-01-15 00:00:00+00:00,120.5,120.47,0.0,11981920.0,,0.0,-578.83,,153000.0,152500.0,152500.0,156500.0
2021-01-18 00:00:00+00:00,116.5,116.54,0.0,11590350.0,,0.0,-578.83,,148000.0,147500.0,147000.0,151500.0
2021-01-19 00:00:00+00:00,116.5,116.54,0.0,11590350.0,,0.0,-578.83,,148000.0,147500.0,145000.0,148000.0
2021-01-20 00:00:00+00:00,116.5,116.54,0.0,11590350.0,,0.0,-578.83,,148000.0,147500.0,146000.0,148000.0
2021-01-21 00:00:00+00:00,119.3,119.29,0.0,11864450.0,,0.0,-578.83,,152000.0,151500.0,147500.0,156500.0
2021-01-22 00:00:00+00:00,118.5,118.5,0.0,11786140.0,,0.0,-578.83,,151000.0,150500.0,149000.0,153000.0
2021-01-25 00:00:00+00:00,119.7,119.69,0.0,11903610.0,,0.0,-578.83,,152500.0,152000.0,150500.0,153500.0
2021-01-26 00:00:00+00:00,119.7,119.69,0.0,11903610.0,,0.0,-578.83,,152000.0,151500.0,151500.0,155000.0
2021-01-27 00:00:00+00:00,117.7,117.72,0.0,11707820.0,,0.0,-578.83,,150000.0,149500.0,149500.0,153000.0
2021-01-28 00:00:00+00:00,116.5,116.54,0.0,11590350.0,,0.0,-578.83,,148500.0,148000.0,147000.0,150500.0
2021-01-29 00:00:00+00:00,114.2,114.17,0.0,11355420.0,,0.0,-578.83,,145500.0,145000.0,144500.0,149500.0
2021-02-01 00:00:00+00:00,117.3,117.32,0.0,11668670.0,,0.0,-578.83,,149000.0,148500.0,145500.0,151000.0
2021-02-02 00:00:00+00:00,117.7,117.72,0.0,11707820.0,,0.0,-578.83,,150000.0,149500.0,149000.0,150500.0
2021-02-03 00:00:00+00:00,117.7,117.72,0.0,11707820.0,,0.0,-578.83,,150000.0,149500.0,147000.0,150000.0
2021-02-04 00:00:00+00:00,117.7,117.72,0.0,11707820.0,,0.0,-578.83,,149500.0,149000.0,147500.0,149500.0
2021-02-05 00:00:00+00:00,117.3,117.32,0.0,11668670.0,,0.0,-578.83,,149500.0,149000.0,148500.0,151000.0
2021-02-08 00:00:00+00:00,117.7,117.72,0.0,11707820.0,,0.0,-578.83,,150000.0,149500.0,148000.0,150000.0
2021-02-09 00:00:00+00:00,117.7,117.72,0.0,11707820.0,,0.0,-578.83,,149500.0,149000.0,148500.0,150500.0
2021-02-10 00:00:00+00:00,120.1,120.08,0.0,11942770.0,,0.0,-578.83,,153000.0,152500.0,149000.0,153000.0
2021-02-11 00:00:00+00:00,120.1,120.08,0.0,11942770.0,,0.0,-578.83,,,,,
2021-02-12 00:00:00+00:00,120.1,120.08,0.0,11942770.0,,0.0,-578.83,,,,,
2021-02-15 00:00:00+00:00,119.7,119.69,0.0,11903610.0,,0.0,-578.83,,152000.0,151500.0,151000.0,153500.0
2021-02-16 00:00:00+00:00,119.3,119.29,0.0,11864450.0,,0.0,-578.83,,152000.0,151500.0,151000.0,153000.0
2021-02-17 00:00:00+00:00,118.5,118.5,0.0,11786140.0,,0.0,-578.83,,150500.0,150000.0,149500.0,152500.0
2021-02-18 00:00:00+00:00,117.3,117.32,0.0,11668670.0,,0.0,-249.17,,149500.0,149000.0,148000.0,150500.0
2021-02-19 00:00:00+00:00,118.1,118.11,0.0,11746990.0,,0.0,-249.17,,150000.0,149500.0,147500.0,150000.0
2021-02-22 00:00:00+00:00,116.5,116.54,0.0,11590350.0,,0.0,-249.17,,148500.0,148000.0,148000.0,150500.0
2021-02-23 00:00:00+00:00,116.1,116.14,0.0,11551200.0,,0.0,-249.17,,147500.0,147000.0,145000.0,148500.0
2021-02-24 00:00:00+00:00,96.1,96.06,0.0,9554216.0,,0.0,-249.17,,122000.0,121500.0,121000.0,131000.0
2021-02-25 00:00:00+00:00,99.2,99.21,0.0,9867469.0,,0.0,-249.17,,126000.0,125500.0,122000.0,126500.0
2021-02-26 00:00:00+00:00,92.9,92.91,0.0,9240963.0,,0.0,-249.17,,118000.0,117500.0,117000.0,122500.0
2021-03-01 00:00:00+00:00,92.9,92.91,0.0,9240963.0,,0.0,-249.17,,,,,
2021-03-02 00:00:00+00:00,88.2,88.19,0.0,8771083.0,,0.0,-249.17,,112500.0,112000.0,112000.0,122000.0
2021-03-03 00:00:00+00:00,90.6,90.55,0.0,9006023.0,,0.0,-249.17,,115000.0,114500.0,111000.0,115000.0
2021-03-04 00:00:00+00:00,87.0,87.01,0.0,8653613.0,,0.0,-249.17,,111000.0,110500.0,110000.0,114000.0
2021-03-05 00:00:00+00:00,86.2,86.22,0.0,8575300.0,,0.0,-249.17,,110000.0,109500.0,105000.0,111000.0
2021-03-08 00:00:00+00:00,83.9,83.86,0.0,8340361.0,,0.0,-249.17,,106500.0,106000.0,105500.0,113500.0
2021-03-09 00:00:00+00:00,85.0,85.04,0.0,8457830.0,,0.0,-249.17,,108500.0,108000.0,105500.0,111000.0
2021-03-10 00:00:00+00:00,81.9,81.89,0.0,8144577.0,,0.0,-249.17,,104500.0,104000.0,103500.0,110500.0
2021-03-11 00:00:00+00:00,83.5,83.46,0.0,8301203.0,,0.0,-249.17,,106000.0,105500.0,103500.0,107000.0
2021-03-12 00:00:00+00:00,85.4,85.43,0.0,8496987.0,,0.0,-249.17,,108500.0,108000.0,107000.0,110500.0
2021-03-15 00:00:00+00:00,85.8,85.83,0.0,8536143.0,,0.0,-249.17,,109500.0,109000.0,108500.0,112500.0
2021-03-16 00:00:00+00:00,86.6,86.61,0.0,8614456.0,,0.0,-249.17,,110500.0,110000.0,109500.0,111500.0
2021-03-17 00:00:00+00:00,87.8,87.8,0.0,8731926.0,,0.0,-249.17,,111500.0,111000.0,108500.0,111500.0
2021-03-18 00:00:00+00:00,87.0,87.01,0.0,8653613.0,,0.0,-67.75,,111000.0,110500.0,109500.0,115500.0
2021-03-19 00:00:00+00:00,84.3,84.25,0.0,8379517.0,,0.0,-67.75,,107500.0,107000.0,106000.0,109000.0
2021-03-22 00:00:00+00:00,82.7,82.68,0.0,8222891.0,,0.0,-67.75,,105000.0,104500.0,103500.0,107500.0
2021-03-23 00:00:00+00:00,82.7,82.68,0.0,8222891.0,,0.0,-67.75,,105500.0,105000.0,104500.0,107500.0
2021-03-24 00:00:00+00:00,83.9,83.86,0.0,8340361.0,,0.0,-67.75,,106500.0,106000.0,105000.0,107000.0
2021-03-25 00:00:00+00:00,82.3,82.28,0.0,8183734.0,,0.0,-67.75,,104500.0,104000.0,104000.0,106000.0
2021-03-26 00:00:00+00:00,81.9,81.89,0.0,8144577.0,,0.0,-67.75,,104000.0,103500.0,102000.0,105000.0
2021-03-29 00:00:00+00:00,79.5,79.53,0.0,7909638.0,,0.0,-67.75,,101000.0,100500.0,100000.0,104500.0
2021-03-30 00:00:00+00:00,81.9,81.89,0.0,8144577.0,,0.0,-67.75,,104000.0,103500.0,100500.0,104500.0
2021-03-31 00:00:00+00:00,81.1,81.1,0.0,8066264.0,,0.0,-67.75,,103500.0,103000.0,102500.0,109000.0
2021-04-01 00:00:00+00:00,82.3,82.28,0.0,8183734.0,,0.0,-67.75,,104500.0,104000.0,102000.0,105000.0
2021-04-02 00:00:00+00:00,82.7,82.68,0.0,8222891.0,,0.0,-67.75,,105500.0,105000.0,104000.0,106000.0
2021-04-05 00:00:00+00:00,81.5,81.5,0.0,8105421.0,,0.0,-67.75,,104000.0,103500.0,103000.0,106000.0
2021-04-06 00:00:00+00:00,80.3,80.31,0.0,7987951.0,,0.0,-67.75,,102000.0,101500.0,101000.0,104500.0
2021-04-07 00:00:00+00:00,80.7,80.71,0.0,8027107.0,,0.0,-67.75,,102500.0,102000.0,101000.0,103000.0
2021-04-08 00:00:00+00:00,83.1,83.07,0.0,8262047.0,,0.0,-67.75,,106000.0,105500.0,101500.0,107000.0
2021-04-09 00:00:00+00:00,85.8,85.83,0.0,8536143.0,,0.0,-67.75,,109000.0,108500.0,105500.0,109500.0
2021-04-12 00:00:00+00:00,86.6,86.61,0.0,8614456.0,,0.0,-67.75,,110000.0,109500.0,107000.0,110500.0
2021-04-13 00:00:00+00:00,89.8,89.76,0.0,8927710.0,,0.0,-67.75,,114000.0,113500.0,111000.0,115500.0
2021-04-14 00:00:00+00:00,87.8,87.8,0.0,8731926.0,,0.0,-67.75,,111500.0,111000.0,111000.0,115000.0
2021-04-15 00:00:00+00:00,88.2,88.19,0.0,8771083.0,,0.0,468.33,243.42,112000.0,111500.0,109000.0,112000.0
2021-04-16 00:00:00+00:00,87.8,87.8,0.0,8731926.0,,0.0,468.33,243.42,112000.0,111500.0,111000.0,113500.0
2021-04-19 00:00:00+00:00,89.4,89.37,0.0,8888553.0,,0.0,468.33,243.42,114000.0,113500.0,110500.0,115500.0
2021-04-20 00:00:00+00:00,93.7,93.7,0.0,9319276.0,,0.0,468.33,243.42,119000.0,118500.0,114000.0,119500.0
2021-04-21 00:00:00+00:00,94.5,94.49,0.0,9397589.0,,0.0,468.33,243.42,120000.0,119500.0,117500.0,121000.0
2021-04-22 00:00:00+00:00,92.5,92.52,0.0,9201806.0,,0.0,468.33,243.42,117500.0,117000.0,117000.0,121000.0
2021-04-23 00:00:00+00:00,93.3,93.31,0.0,9280119.0,,0.0,468.33,243.42,118500.0,118000.0,115500.0,119000.0
2021-04-26 00:00:00+00:00,92.5,92.52,0.0,9201806.0,,0.0,468.33,243.42,118000.0,117500.0,117000.0,120000.0
2021-04-27 00:00:00+00:00,90.2,90.16,0.0,8966866.0,,0.0,468.33,243.42,114500.0,114000.0,114000.0,118500.0
2021-04-28 00:00:00+00:00,90.6,90.55,0.0,9006023.0,,0.0,468.33,243.42,115000.0,114500.0,112000.0,115500.0
2021-04-29 00:00:00+00:00,87.8,87.8,0.0,8731926.0,,0.0,468.33,243.42,111500.0,111000.0,111000.0,115000.0
2021-04-30 00:00:00+00:00,85.8,85.83,0.0,8536143.0,,0.0,468.33,243.42,109500.0,109000.0,108500.0,111500.0
2021-05-03 00:00:00+00:00,82.7,82.68,0.0,8222891.0,,0.0,468.33,243.42,105500.0,105000.0,104500.0,109500.0
2021-05-04 00:00:00+00:00,82.3,82.28,0.0,8183734.0,,0.0,468.33,243.42,104500.0,104000.0,102500.0,105500.0
2021-05-05 00:00:00+00:00,82.3,82.28,0.0,8183734.0,,0.0,468.33,243.42,,,,
2021-05-06 00:00:00+00:00,83.5,83.46,0.0,8301203.0,,0.0,468.33,243.42,106000.0,105500.0,103500.0,107500.0
2021-05-07 00:00:00+00:00,85.0,85.04,0.0,8457830.0,,0.0,468.33,243.42,108000.0,107500.0,106000.0,108500.0
2021-05-10 00:00:00+00:00,86.2,86.22,0.0,8575300.0,,0.0,468.33,243.42,109500.0,109000.0,107500.0,110000.0
2021-05-11 00:00:00+00:00,83.9,83.86,0.0,8340361.0,,0.0,468.33,243.42,107000.0,106500.0,106000.0,109000.0
2021-05-12 00:00:00+00:00,84.6,84.65,0.0,8418673.0,,0.0,468.33,243.42,108000.0,107500.0,107000.0,114500.0
2021-05-13 00:00:00+00:00,85.0,85.04,0.0,8457830.0,,0.0,468.33,243.42,108000.0,107500.0,105000.0,109000.0
2021-05-14 00:00:00+00:00,87.0,87.01,0.0,8653613.0,,0.0,468.33,243.42,110500.0,110000.0,108500.0,112000.0
2021-05-17 00:00:00+00:00,87.4,87.4,0.0,8692770.0,,0.0,468.33,243.42,111000.0,110500.0,110000.0,114000.0
2021-05-18 00:00:00+00:00,89.0,88.98,0.0,8849396.0,,0.0,468.33,243.42,113000.0,112500.0,110500.0,113000.0
2021-05-19 00:00:00+00:00,89.0,88.98,0.0,8849396.0,,0.0,468.33,243.42,,,,
2021-05-20 00:00:00+00:00,89.0,88.98,0.0,8849396.0,,0.0,603.42,187.27,113500.0,113000.0,111500.0,114000.0
2021-05-21 00:00:00+00:00,88.6,88.58,0.0,8810240.0,,0.0,603.42,187.27,113000.0,112500.0,111500.0,114500.0
2021-05-24 00:00:00+00:00,87.4,87.4,0.0,8692770.0,,0.0,603.42,187.27,111500.0,111000.0,109000.0,113500.0
2021-05-25 00:00:00+00:00,88.6,88.58,0.0,8810240.0,,0.0,603.42,187.27,112500.0,112000.0,110500.0,113500.0
2021-05-26 00:00:00+00:00,87.0,87.01,0.0,8653613.0,,0.0,603.42,187.27,111000.0,110500.0,110500.0,113000.0
2021-05-27 00:00:00+00:00,89.8,89.76,0.0,8927710.0,,0.0,603.42,187.27,114500.0,114000.0,108000.0,114000.0
2021-05-28 00:00:00+00:00,89.0,88.98,0.0,8849396.0,,0.0,603.42,187.27,113000.0,112500.0,111500.0,113500.0
2021-05-31 00:00:00+00:00,89.4,89.37,0.0,8888553.0,,0.0,603.42,187.27,113500.0,113000.0,111000.0,113500.0
2021-06-01 00:00:00+00:00,88.2,88.19,0.0,8771083.0,,0.0,603.42,187.27,112500.0,112000.0,112000.0,115000.0
2021-06-02 00:00:00+00:00,88.6,88.58,0.0,8810240.0,,0.0,603.42,187.27,113000.0,112500.0,111500.0,113500.0
2021-06-03 00:00:00+00:00,89.0,88.98,0.0,8849396.0,,0.0,603.42,187.27,113500.0,113000.0,112000.0,114000.0
2021-06-04 00:00:00+00:00,89.4,89.37,0.0,8888553.0,,0.0,603.42,187.27,113500.0,113000.0,111500.0,113500.0
2021-06-07 00:00:00+00:00,89.8,89.76,0.0,8927710.0,,0.0,603.42,187.27,114000.0,113500.0,112500.0,114500.0
2021-06-08 00:00:00+00:00,94.5,94.49,0.0,9397589.0,,0.0,603.42,187.27,120000.0,119500.0,114000.0,120500.0
2021-06-09 00:00:00+00:00,93.7,93.7,0.0,9319276.0,,0.0,603.42,187.27,119000.0,118500.0,116500.0,121000.0
2021-06-10 00:00:00+00:00,95.3,95.28,0.0,9475902.0,,0.0,603.42,187.27,121000.0,120500.0,117500.0,122000.0
2021-06-11 00:00:00+00:00,95.7,95.67,0.0,9515059.0,,0.0,603.42,187.27,121500.0,121000.0,118500.0,122000.0
2021-06-14 00:00:00+00:00,93.7,93.7,0.0,9319276.0,,0.0,603.42,187.27,119500.0,119000.0,119000.0,122500.0
2021-06-15 00:00:00+00:00,93.7,93.7,0.0,9319276.0,,0.0,603.42,187.27,119500.0,119000.0,117000.0,120500.0
2021-06-16 00:00:00+00:00,97.2,97.24,0.0,9671686.0,,0.0,603.42,187.27,124000.0,123500.0,119000.0,124000.0
2021-06-17 00:00:00+00:00,99.6,99.61,0.0,9906625.0,,0.0,509.0,233.79,127000.0,126500.0,123000.0,128000.0
2021-06-18 00:00:00+00:00,100.4,100.39,0.0,9984939.0,,0.0,509.0,233.79,128000.0,127500.0,124500.0,127500.0
2021-06-21 00:00:00+00:00,97.2,97.24,0.0,9671686.0,,0.0,509.0,233.79,123500.0,123000.0,123000.0,128500.0
2021-06-22 00:00:00+00:00,95.3,95.28,0.0,9475902.0,,0.0,509.0,233.79,121500.0,121000.0,120500.0,125500.0
2021-06-23 00:00:00+00:00,95.7,95.67,0.0,9515059.0,,0.0,509.0,233.79,121500.0,121000.0,119500.0,123000.0
2021-06-24 00:00:00+00:00,96.1,96.06,0.0,9554216.0,,0.0,509.0,233.79,122500.0,122000.0,121000.0,123000.0
2021-06-25 00:00:00+00:00,96.1,96.06,0.0,9554216.0,,0.0,509.0,233.79,122500.0,122000.0,121000.0,123000.0
2021-06-28 00:00:00+00:00,96.9,96.85,0.0,9632529.0,,0.0,509.0,233.79,123000.0,122500.0,121000.0,124500.0
2021-06-29 00:00:00+00:00,98.4,98.43,0.0,9789156.0,,0.0,509.0,233.79,125000.0,124500.0,123000.0,126000.0
2021-06-30 00:00:00+00:00,96.9,96.85,0.0,9632529.0,,0.0,509.0,233.79,123000.0,122500.0,123000.0,125500.0
2021-07-01 00:00:00+00:00,100.8,100.79,0.0,10024100.0,,0.0,509.0,233.79,128000.0,127500.0,122000.0,128500.0
2021-07-02 00:00:00+00:00,106.3,106.3,0.0,10572290.0,,0.0,509.0,233.79,135000.0,134500.0,127000.0,135000.0
2021-07-05 00:00:00+00:00,103.9,103.94,0.0,10337350.0,,0.0,509.0,233.79,132500.0,132000.0,132000.0,137500.0
2021-07-06 00:00:00+00:00,103.5,103.54,0.0,10298190.0,,0.0,509.0,233.79,132000.0,131500.0,129500.0,133000.0
2021-07-07 00:00:00+00:00,102.0,101.97,0.0,10141570.0,,0.0,509.0,233.79,130000.0,129500.0,128500.0,132000.0
2021-07-08 00:00:00+00:00,102.4,102.36,0.0,10180720.0,,0.0,509.0,233.79,130500.0,130000.0,129500.0,135000.0
2021-07-09 00:00:00+00:00,100.8,100.79,0.0,10024100.0,,0.0,509.0,233.79,128500.0,128000.0,125000.0,130000.0
2021-07-12 00:00:00+00:00,100.4,100.39,0.0,9984939.0,,0.0,509.0,233.79,127500.0,127000.0,126500.0,128500.0
2021-07-13 00:00:00+00:00,104.3,104.33,0.0,10376510.0,,0.0,509.0,233.79,132500.0,132000.0,128000.0,133000.0
2021-07-14 00:00:00+00:00,102.8,102.76,0.0,10219880.0,,0.0,509.0,233.79,130500.0,130000.0,129500.0,132500.0
2021-07-15 00:00:00+00:00,101.2,101.18,0.0,10063250.0,,0.0,619.83,213.77,129000.0,128500.0,128000.0,131500.0
2021-07-16 00:00:00+00:00,98.8,98.82,0.0,9828312.0,,0.0,619.83,213.77,126000.0,125500.0,125500.0,128500.0
2021-07-19 00:00:00+00:00,98.8,98.82,0.0,9828312.0,,0.0,619.83,213.77,126000.0,125500.0,123000.0,127000.0
2021-07-20 00:00:00+00:00,98.0,98.03,0.0,9749999.0,,0.0,619.83,213.77,125000.0,124500.0,123000.0,125500.0
2021-07-21 00:00:00+00:00,98.4,98.43,0.0,9789156.0,,0.0,619.83,213.77,125000.0,124500.0,124000.0,127000.0
2021-07-22 00:00:00+00:00,97.6,97.64,0.0,9710842.0,,0.0,619.83,213.77,124000.0,123500.0,123000.0,125000.0
2021-07-23 00:00:00+00:00,96.1,96.06,0.0,9554216.0,,0.0,619.83,213.77,122500.0,122000.0,122000.0,125000.0
2021-07-26 00:00:00+00:00,94.9,94.88,0.0,9436746.0,,0.0,619.83,213.77,120500.0,120000.0,120000.0,123000.0
2021-07-27 00:00:00+00:00,96.1,96.06,0.0,9554216.0,,0.0,619.83,213.77,122000.0,121500.0,120500.0,122500.0
2021-07-28 00:00:00+00:00,94.5,94.49,0.0,9397589.0,,0.0,619.83,213.77,120500.0,120000.0,119000.0,122500.0
2021-07-29 00:00:00+00:00,94.9,94.88,0.0,9436746.0,,0.0,619.83,213.77,121000.0,120500.0,120000.0,122500.0
2021-07-30 00:00:00+00:00,93.7,93.7,0.0,9319276.0,,0.0,619.83,213.77,119500.0,119000.0,118000.0,121000.0
2021-08-02 00:00:00+00:00,97.6,97.64,0.0,9710842.0,,0.0,619.83,213.77,124000.0,123500.0,118000.0,125500.0
2021-08-03 00:00:00+00:00,97.6,97.64,0.0,9710842.0,,0.0,619.83,213.77,124000.0,123500.0,122500.0,126500.0
2021-08-04 00:00:00+00:00,97.2,97.24,0.0,9671686.0,,0.0,619.83,213.77,124000.0,123500.0,122000.0,124500.0
2021-08-05 00:00:00+00:00,100.4,100.39,0.0,9984939.0,,0.0,619.83,213.77,127500.0,127000.0,123500.0,129000.0
2021-08-06 00:00:00+00:00,100.0,100.0,0.0,9945782.0,,0.0,619.83,213.77,127000.0,126500.0,125500.0,128000.0
2021-08-09 00:00:00+00:00,98.0,98.03,0.0,9749999.0,,0.0,619.83,213.77,124500.0,124000.0,123500.0,127500.0
2021-08-10 00:00:00+00:00,96.1,96.06,0.0,9554216.0,,0.0,619.83,213.77,122500.0,122000.0,120000.0,127500.0
2021-08-11 00:00:00+00:00,100.4,100.39,0.0,9984939.0,,0.0,619.83,213.77,128000.0,127500.0,120500.0,133000.0
2021-08-12 00:00:00+00:00,97.6,97.64,0.0,9710842.0,,0.0,619.83,213.77,124500.0,124000.0,124000.0,131000.0
2021-08-13 00:00:00+00:00,95.7,95.67,0.0,9515059.0,,0.0,619.83,213.77,122000.0,121500.0,121500.0,126500.0
2021-08-16 00:00:00+00:00,95.7,95.67,0.0,9515059.0,,0.0,619.83,213.77,,,,
2021-08-17 00:00:00+00:00,94.1,94.09,0.0,9358433.0,,0.0,619.83,213.77,119500.0,119000.0,119000.0,124500.0
2021-08-18 00:00:00+00:00,94.1,94.09,0.0,9358433.0,,0.0,619.83,213.77,120000.0,119500.0,116000.0,121000.0
2021-08-19 00:00:00+00:00,90.6,90.55,0.0,9006023.0,,0.0,601.33,198.73,115000.0,114500.0,115000.0,120500.0
2021-08-20 00:00:00+00:00,89.0,88.98,0.0,8849396.0,,0.0,601.33,198.73,113500.0,113000.0,113000.0,117000.0
2021-08-23 00:00:00+00:00,89.8,89.76,0.0,8927710.0,,0.0,601.33,198.73,114000.0,113500.0,113000.0,115500.0
2021-08-24 00:00:00+00:00,92.1,92.13,0.0,9162649.0,,0.0,601.33,198.73,117000.0,116500.0,114500.0,118000.0
2021-08-25 00:00:00+00:00,92.9,92.91,0.0,9240963.0,,0.0,601.33,198.73,118000.0,117500.0,115500.0,118000.0
2021-08-26 00:00:00+00:00,92.1,92.13,0.0,9162649.0,,0.0,601.33,198.73,117500.0,117000.0,116500.0,118500.0
2021-08-27 00:00:00+00:00,95.7,95.67,0.0,9515059.0,,0.0,601.33,198.73,121500.0,121000.0,117500.0,123000.0
2021-08-30 00:00:00+00:00,95.7,95.67,0.0,9515059.0,,0.0,601.33,198.73,122000.0,121500.0,120500.0,123000.0
2021-08-31 00:00:00+00:00,98.8,98.82,0.0,9828312.0,,0.0,601.33,198.73,125500.0,125000.0,122000.0,125500.0
2021-09-01 00:00:00+00:00,97.6,97.64,0.0,9710842.0,,0.0,601.33,198.73,124500.0,124000.0,123500.0,126000.0
2021-09-02 00:00:00+00:00,96.1,96.06,0.0,9554216.0,,0.0,601.33,198.73,122500.0,122000.0,122000.0,125000.0
2021-09-03 00:00:00+00:00,98.4,98.43,0.0,9789156.0,,0.0,601.33,198.73,125000.0,124500.0,122500.0,126500.0
2021-09-06 00:00:00+00:00,95.7,95.67,0.0,9515059.0,,0.0,601.33,198.73,122000.0,121500.0,121500.0,125000.0
2021-09-07 00:00:00+00:00,95.3,95.28,0.0,9475902.0,,0.0,601.33,198.73,121000.0,120500.0,120000.0,123000.0
2021-09-08 00:00:00+00:00,91.7,91.73,0.0,9123493.0,,0.0,601.33,198.73,117000.0,116500.0,116500.0,121000.0
2021-09-09 00:00:00+00:00,90.2,90.16,0.0,8966866.0,,0.0,601.33,198.73,114500.0,114000.0,113000.0,117500.0
2021-09-10 00:00:00+00:00,89.4,89.37,0.0,8888553.0,,0.0,601.33,198.73,114000.0,113500.0,113500.0,115500.0
2021-09-13 00:00:00+00:00,89.8,89.76,0.0,8927710.0,,0.0,601.33,198.73,114500.0,114000.0,112000.0,114500.0
2021-09-14 00:00:00+00:00,90.6,90.55,0.0,9006023.0,,0.0,601.33,198.73,115000.0,114500.0,114000.0,116500.0
2021-09-15 00:00:00+00:00,89.0,88.98,0.0,8849396.0,,0.0,601.33,198.73,113500.0,113000.0,113000.0,114500.0
2021-09-16 00:00:00+00:00,89.8,89.76,0.0,8927710.0,,0.0,486.25,236.5,114000.0,113500.0,112500.0,114000.0
2021-09-17 00:00:00+00:00,89.4,89.37,0.0,8888553.0,,0.0,486.25,236.5,114000.0,113500.0,112000.0,114000.0
2021-09-20 00:00:00+00:00,89.4,89.37,0.0,8888553.0,,0.0,486.25,236.5,,,,
2021-09-21 00:00:00+00:00,89.4,89.37,0.0,8888553.0,,0.0,486.25,236.5,,,,
2021-09-22 00:00:00+00:00,89.4,89.37,0.0,8888553.0,,0.0,486.25,236.5,,,,
2021-09-23 00:00:00+00:00,86.2,86.22,0.0,8575300.0,,0.0,486.25,236.5,109500.0,109000.0,108000.0,112000.0
2021-09-24 00:00:00+00:00,84.3,84.25,0.0,8379517.0,,0.0,486.25,236.5,107500.0,107000.0,107000.0,110500.0
2021-09-27 00:00:00+00:00,85.0,85.04,0.0,8457830.0,,0.0,486.25,236.5,108000.0,107500.0,107000.0,109500.0
2021-09-28 00:00:00+00:00,82.3,82.28,0.0,8183734.0,,0.0,486.25,236.5,105000.0,104500.0,104000.0,108000.0
2021-09-29 00:00:00+00:00,80.3,80.31,0.0,7987951.0,,0.0,486.25,236.5,102500.0,102000.0,100500.0,103500.0
2021-09-30 00:00:00+00:00,80.3,80.31,0.0,7987951.0,,0.0,486.25,236.5,102500.0,102000.0,101000.0,103500.0
2021-10-01 00:00:00+00:00,79.5,79.53,0.0,7909638.0,,0.0,486.25,236.5,101500.0,101000.0,100000.0,102500.0
2021-10-04 00:00:00+00:00,79.5,79.53,0.0,7909638.0,,0.0,486.25,236.5,,,,
2021-10-05 00:00:00+00:00,75.9,75.91,0.0,7549397.0,,0.0,486.25,236.5,96400.0,96300.0,96100.0,100500.0
2021-10-06 00:00:00+00:00,72.0,71.97,0.0,7157830.0,,0.0,486.25,236.5,91500.0,91400.0,91400.0,97400.0
2021-10-07 00:00:00+00:00,76.6,76.61,0.0,7619878.0,,0.0,486.25,236.5,97300.0,97200.0,91600.0,98800.0
2021-10-08 00:00:00+00:00,78.7,78.74,0.0,7831324.0,,0.0,486.25,236.5,100500.0,100000.0,95600.0,101500.0
2021-10-11 00:00:00+00:00,78.7,78.74,0.0,7831324.0,,0.0,486.25,236.5,,,,
2021-10-12 00:00:00+00:00,79.1,79.13,0.0,7870481.0,,0.0,486.25,236.5,100500.0,100000.0,98300.0,101000.0
2021-10-13 00:00:00+00:00,79.1,79.13,0.0,7870481.0,,0.0,486.25,236.5,101000.0,100500.0,100000.0,103000.0
2021-10-14 00:00:00+00:00,80.7,80.71,0.0,8027107.0,,0.0,536.0,187.5,102500.0,102000.0,100000.0,102500.0
2021-10-15 00:00:00+00:00,80.3,80.31,0.0,7987951.0,,0.0,536.0,187.5,102000.0,101500.0,101000.0,103000.0
2021-10-18 00:00:00+00:00,78.7,78.66,0.0,7823493.0,,0.0,536.0,187.5,99900.0,99800.0,99500.0,102000.0
2021-10-19 00:00:00+00:00,79.1,79.13,0.0,7870481.0,,0.0,536.0,187.5,100500.0,100000.0,99700.0,101000.0
2021-10-20 00:00:00+00:00,78.5,78.5,0.0,7807830.0,,0.0,536.0,187.5,99800.0,99700.0,99400.0,101000.0
2021-10-21 00:00:00+00:00,76.8,76.77,0.0,7635541.0,,0.0,536.0,187.5,97700.0,97500.0,97500.0,100500.0
2021-10-22 00:00:00+00:00,77.2,77.17,0.0,7674698.0,,0.0,536.0,187.5,98000.0,97900.0,96900.0,98800.0
2021-10-25 00:00:00+00:00,76.4,76.38,0.0,7596385.0,,0.0,536.0,187.5,97100.0,97000.0,95800.0,99500.0
2021-10-26 00:00:00+00:00,79.1,79.13,0.0,7870481.0,,0.0,536.0,187.5,100500.0,100000.0,96200.0,100500.0
2021-10-27 00:00:00+00:00,78.0,78.03,0.0,7760842.0,,0.0,536.0,187.5,99100.0,99000.0,98700.0,101000.0
2021-10-28 00:00:00+00:00,76.4,76.38,0.0,7596385.0,,0.0,536.0,187.5,97100.0,97000.0,97000.0,99300.0
2021-10-29 00:00:00+00:00,74.5,74.49,0.0,7408433.0,,0.0,536.0,187.5,94700.0,94600.0,94500.0,97500.0
2021-11-01 00:00:00+00:00,75.0,74.96,0.0,7455421.0,,0.0,536.0,187.5,95200.0,95100.0,93700.0,96400.0
2021-11-02 00:00:00+00:00,77.0,77.01,0.0,7659035.0,,0.0,536.0,187.5,97900.0,97800.0,95100.0,99200.0
2021-11-03 00:00:00+00:00,77.0,77.01,0.0,7659035.0,,0.0,536.0,187.5,97800.0,97700.0,96600.0,99100.0
2021-11-04 00:00:00+00:00,77.2,77.17,0.0,7674698.0,,0.0,536.0,187.5,98100.0,98000.0,97800.0,101000.0
2021-11-05 00:00:00+00:00,77.6,77.56,0.0,7713854.0,,0.0,536.0,187.5,98600.0,98500.0,96800.0,99000.0
2021-11-08 00:00:00+00:00,75.6,75.59,0.0,7518071.0,,0.0,536.0,187.5,96000.0,95900.0,94600.0,98500.0
2021-11-09 00:00:00+00:00,75.9,75.91,0.0,7549397.0,,0.0,536.0,187.5,96400.0,96300.0,95500.0,97700.0
2021-11-10 00:00:00+00:00,75.8,75.83,0.0,7541565.0,,0.0,536.0,187.5,96300.0,96200.0,95400.0,98200.0
2021-11-11 00:00:00+00:00,78.7,78.66,0.0,7823493.0,,0.0,536.0,187.5,100000.0,99900.0,95500.0,101000.0
2021-11-12 00:00:00+00:00,78.5,78.5,0.0,7807830.0,,0.0,536.0,187.5,99800.0,99700.0,99100.0,102000.0
2021-11-15 00:00:00+00:00,80.3,80.31,0.0,7987951.0,,0.0,536.0,187.5,102000.0,101500.0,99000.0,104500.0
2021-11-16 00:00:00+00:00,81.9,81.89,0.0,8144577.0,,0.0,536.0,187.5,104000.0,103500.0,100500.0,104000.0
2021-11-17 00:00:00+00:00,79.9,79.92,0.0,7948794.0,,0.0,536.0,187.5,102000.0,101500.0,101000.0,104000.0
2021-11-18 00:00:00+00:00,78.4,78.43,0.0,7799999.0,,0.0,158.58,655.81,99800.0,99600.0,99600.0,101500.0
2021-11-19 00:00:00+00:00,79.1,79.13,0.0,7870481.0,,0.0,158.58,655.81,100500.0,100000.0,99700.0,101000.0
2021-11-22 00:00:00+00:00,79.9,79.92,0.0,7948794.0,,0.0,158.58,655.81,102000.0,101500.0,99500.0,102500.0
2021-11-23 00:00:00+00:00,78.5,78.5,0.0,7807830.0,,0.0,158.58,655.81,99800.0,99700.0,99700.0,102000.0
2021-11-24 00:00:00+00:00,78.3,78.35,0.0,7792168.0,,0.0,158.58,655.81,99500.0,99400.0,98700.0,100500.0
2021-11-25 00:00:00+00:00,77.0,77.01,0.0,7659035.0,,0.0,158.58,655.81,98000.0,97800.0,97600.0,99800.0
2021-11-26 00:00:00+00:00,77.6,77.64,0.0,7721686.0,,0.0,158.58,655.81,98700.0,98600.0,97500.0,100500.0
2021-11-29 00:00:00+00:00,75.4,75.43,0.0,7502409.0,,0.0,158.58,655.81,95900.0,95800.0,95700.0,98600.0
2021-11-30 00:00:00+00:00,75.0,75.04,0.0,7463252.0,,0.0,158.58,655.81,95300.0,95200.0,94200.0,97100.0
2021-12-01 00:00:00+00:00,74.8,74.8,0.0,7439758.0,,0.0,158.58,655.81,95100.0,95000.0,92700.0,95500.0
2021-12-02 00:00:00+00:00,76.4,76.38,0.0,7596385.0,,0.0,158.58,655.81,97000.0,96600.0,93500.0,97000.0
2021-12-03 00:00:00+00:00,78.7,78.66,0.0,7823493.0,,0.0,158.58,655.81,99900.0,99800.0,95900.0,100500.0
2021-12-06 00:00:00+00:00,77.2,77.24,0.0,7682529.0,,0.0,158.58,655.81,98100.0,98000.0,97100.0,100500.0
2021-12-07 00:00:00+00:00,78.0,78.03,0.0,7760842.0,,0.0,158.58,655.81,99100.0,99000.0,96800.0,99400.0
2021-12-08 00:00:00+00:00,79.1,79.13,0.0,7870481.0,,0.0,158.58,655.81,101000.0,100500.0,99400.0,101000.0
2021-12-09 00:00:00+00:00,79.9,79.92,0.0,7948794.0,,0.0,158.58,655.81,101500.0,101000.0,100500.0,102000.0
2021-12-10 00:00:00+00:00,83.9,83.86,0.0,8340361.0,,0.0,158.58,655.81,106500.0,106000.0,101000.0,107500.0
2021-12-13 00:00:00+00:00,80.7,80.71,0.0,8027107.0,,0.0,158.58,655.81,103000.0,102500.0,102000.0,107500.0
2021-12-14 00:00:00+00:00,80.7,80.71,0.0,8027107.0,,0.0,158.58,655.81,103000.0,102500.0,99600.0,103000.0
2021-12-15 00:00:00+00:00,80.3,80.31,0.0,7987951.0,,0.0,158.58,655.81,102000.0,101500.0,100500.0,103000.0
2021-12-16 00:00:00+00:00,78.7,78.66,0.0,7823493.0,,0.0,272.0,376.84,100000.0,99900.0,99500.0,103000.0
2021-12-17 00:00:00+00:00,79.1,79.13,0.0,7870481.0,,0.0,272.0,376.84,100500.0,100000.0,98000.0,100500.0
2021-12-20 00:00:00+00:00,77.9,77.87,0.0,7745180.0,,0.0,272.0,376.84,99000.0,98900.0,98900.0,100500.0
2021-12-21 00:00:00+00:00,76.9,76.85,0.0,7643372.0,,0.0,272.0,376.84,97700.0,97600.0,97600.0,99700.0
2021-12-22 00:00:00+00:00,77.2,77.17,0.0,7674698.0,,0.0,272.0,376.84,98000.0,97900.0,97600.0,99100.0
2021-12-23 00:00:00+00:00,77.2,77.24,0.0,7682529.0,,0.0,272.0,376.84,98100.0,98000.0,97300.0,98500.0
2021-12-24 00:00:00+00:00,77.2,77.24,0.0,7682529.0,,0.0,272.0,376.84,98200.0,98100.0,98000.0,99700.0
2021-12-27 00:00:00+00:00,76.5,76.46,0.0,7604216.0,,0.0,272.0,376.84,97100.0,97000.0,97000.0,98100.0
2021-12-28 00:00:00+00:00,75.7,75.75,0.0,7533734.0,,0.0,272.0,376.84,96300.0,96200.0,96000.0,97700.0
2021-12-29 00:00:00+00:00,77.0,77.01,0.0,7659035.0,,0.0,272.0,376.84,97900.0,97800.0,97000.0,98900.0
2021-12-30 00:00:00+00:00,76.5,76.54,0.0,7612047.0,,0.0,272.0,376.84,97200.0,97100.0,97000.0,98500.0
2021-12-31 00:00:00+00:00,76.5,76.54,0.0,7612047.0,,0.0,272.0,376.84,,,,
2022-01-03 00:00:00+00:00,77.5,77.48,0.0,7706023.0,,0.0,272.0,376.84,98400.0,98300.0,97100.0,98700.0
2022-01-04 00:00:00+00:00,76.7,76.69,0.0,7627710.0,,0.0,272.0,376.84,97500.0,97400.0,97200.0,98500.0
2022-01-05 00:00:00+00:00,75.1,75.12,0.0,7471083.0,,0.0,272.0,376.84,95500.0,95400.0,95200.0,97500.0
2022-01-06 00:00:00+00:00,73.1,73.07,0.0,7267469.0,,0.0,272.0,376.84,92800.0,92700.0,92700.0,95500.0
2022-01-07 00:00:00+00:00,74.4,74.41,0.0,7400601.0,,0.0,272.0,376.84,94600.0,94500.0,92900.0,95200.0
2022-01-10 00:00:00+00:00,72.6,72.6,0.0,7220481.0,,0.0,272.0,376.84,92300.0,92200.0,92000.0,94700.0
2022-01-11 00:00:00+00:00,72.5,72.52,0.0,7212649.0,,0.0,272.0,376.84,92200.0,92100.0,92000.0,93600.0
2022-01-12 00:00:00+00:00,73.3,73.31,0.0,7290963.0,,0.0,272.0,376.84,93100.0,93000.0,92300.0,94300.0
2022-01-13 00:00:00+00:00,73.0,72.99,0.0,7259637.0,,0.0,272.0,376.84,92800.0,92700.0,92500.0,94300.0
2022-01-14 00:00:00+00:00,72.3,72.28,0.0,7189156.0,,0.0,272.0,376.84,91900.0,91800.0,91500.0,93000.0
2022-01-17 00:00:00+00:00,69.0,68.98,0.0,6860240.0,,0.0,272.0,376.84,87600.0,87500.0,87300.0,91500.0
2022-01-18 00:00:00+00:00,67.1,67.09,0.0,6672288.0,,0.0,272.0,376.84,85200.0,85100.0,84900.0,88600.0
2022-01-19 00:00:00+00:00,67.1,67.09,0.0,6672288.0,,0.0,272.0,376.84,85300.0,85200.0,82600.0,86400.0
2022-01-20 00:00:00+00:00,67.7,67.72,0.0,6734939.0,,0.0,65.67,1297.46,86000.0,85600.0,84000.0,86000.0
2022-01-21 00:00:00+00:00,67.1,67.09,0.0,6672288.0,,0.0,65.67,1297.46,85300.0,85200.0,84600.0,86200.0
2022-01-24 00:00:00+00:00,65.4,65.43,0.0,6507830.0,,0.0,65.67,1297.46,83200.0,83100.0,82800.0,85500.0
2022-01-25 00:00:00+00:00,62.7,62.68,0.0,6233734.0,,0.0,65.67,1297.46,79600.0,79500.0,79100.0,83600.0
2022-01-26 00:00:00+00:00,61.7,61.65,0.0,6131926.0,,0.0,65.67,1297.46,78400.0,78300.0,78000.0,80900.0
2022-01-27 00:00:00+00:00,57.6,57.64,0.0,5732529.0,,0.0,65.67,1297.46,73300.0,73200.0,73000.0,78600.0
2022-01-28 00:00:00+00:00,59.7,59.69,0.0,5936144.0,,0.0,65.67,1297.46,75900.0,75800.0,73100.0,76500.0
2022-01-31 00:00:00+00:00,59.7,59.69,0.0,5936144.0,,0.0,65.67,1297.46,,,,
2022-02-01 00:00:00+00:00,59.7,59.69,0.0,5936144.0,,0.0,65.67,1297.46,,,,
2022-02-02 00:00:00+00:00,59.7,59.69,0.0,5936144.0,,0.0,65.67,1297.46,,,,
2022-02-03 00:00:00+00:00,62.0,61.97,0.0,6163252.0,,0.0,65.67,1297.46,78700.0,78600.0,76300.0,79900.0
2022-02-04 00:00:00+00:00,62.6,62.6,0.0,6225902.0,,0.0,65.67,1297.46,79500.0,79400.0,77900.0,79900.0
2022-02-07 00:00:00+00:00,62.0,62.05,0.0,6171084.0,,0.0,65.67,1297.46,78800.0,78700.0,78200.0,79500.0
2022-02-08 00:00:00+00:00,67.5,67.48,0.0,6711445.0,,0.0,65.67,1297.46,85700.0,85600.0,79700.0,88900.0
2022-02-09 00:00:00+00:00,65.5,65.51,0.0,6515661.0,,0.0,65.67,1297.46,83300.0,83200.0,82900.0,90300.0
2022-02-10 00:00:00+00:00,64.6,64.65,0.0,6429517.0,,0.0,65.67,1297.46,82100.0,82000.0,81000.0,84100.0
2022-02-11 00:00:00+00:00,62.5,62.52,0.0,6218071.0,,0.0,65.67,1297.46,79400.0,79300.0,78700.0,81600.0
2022-02-14 00:00:00+00:00,62.0,62.05,0.0,6171084.0,,0.0,65.67,1297.46,78800.0,78700.0,77200.0,79700.0
2022-02-15 00:00:00+00:00,60.4,60.39,0.0,6006626.0,,0.0,65.67,1297.46,76800.0,76700.0,75600.0,79300.0
2022-02-16 00:00:00+00:00,62.2,62.2,0.0,6186746.0,,0.0,65.67,1297.46,79000.0,78900.0,77500.0,79800.0
2022-02-17 00:00:00+00:00,61.9,61.89,0.0,6155420.0,,0.0,-324.67,,78600.0,78500.0,78000.0,80700.0
2022-02-18 00:00:00+00:00,62.1,62.13,0.0,6178914.0,,0.0,-324.67,,78900.0,78800.0,77800.0,79700.0
2022-02-21 00:00:00+00:00,62.4,62.36,0.0,6202408.0,,0.0,-324.67,,79200.0,79100.0,77200.0,79400.0
2022-02-22 00:00:00+00:00,62.7,62.68,0.0,6233734.0,,0.0,-324.67,,79600.0,79500.0,77700.0,79600.0
2022-02-23 00:00:00+00:00,62.5,62.52,0.0,6218071.0,,0.0,-324.67,,79500.0,79400.0,79200.0,80500.0
2022-02-24 00:00:00+00:00,61.3,61.34,0.0,6100602.0,,0.0,-324.67,,78000.0,77900.0,77300.0,79200.0
2022-02-25 00:00:00+00:00,64.5,64.49,0.0,6413854.0,,0.0,-324.67,,81900.0,81800.0,78800.0,82900.0
2022-02-28 00:00:00+00:00,66.6,66.61,0.0,6625300.0,,0.0,-324.67,,84600.0,84500.0,81700.0,84600.0
2022-03-01 00:00:00+00:00,66.6,66.61,0.0,6625300.0,,0.0,-324.67,,,,,
2022-03-02 00:00:00+00:00,67.2,67.24,0.0,6687951.0,,0.0,-324.67,,85500.0,85400.0,84000.0,86400.0
2022-03-03 00:00:00+00:00,68.2,68.19,0.0,6781927.0,,0.0,-324.67,,86600.0,86500.0,85100.0,86700.0
2022-03-04 00:00:00+00:00,67.2,67.17,0.0,6680119.0,,0.0,-324.67,,85400.0,85300.0,85100.0,86800.0
2022-03-07 00:00:00+00:00,67.2,67.17,0.0,6680119.0,,0.0,-324.67,,85300.0,85200.0,83000.0,86900.0
2022-03-08 00:00:00+00:00,68.2,68.19,0.0,6781927.0,,0.0,-324.67,,86700.0,86600.0,83300.0,88000.0
2022-03-09 00:00:00+00:00,68.2,68.19,0.0,6781927.0,,0.0,-324.67,,,,,
2022-03-10 00:00:00+00:00,68.5,68.5,0.0,6813252.0,,0.0,-324.67,,87000.0,86900.0,85700.0,87900.0
2022-03-11 00:00:00+00:00,68.7,68.74,0.0,6836746.0,105.4,828.03,-324.67,,87300.0,87200.0,86000.0,87900.0
2022-03-14 00:00:00+00:00,69.5,69.53,0.0,6915059.0,106.6,828.03,-324.67,,88300.0,88200.0,86200.0,88600.0
2022-03-15 00:00:00+00:00,70.6,70.55,0.0,7016866.0,108.2,828.03,-324.67,,89700.0,89600.0,87600.0,89700.0
2022-03-16 00:00:00+00:00,71.7,71.73,0.0,7134336.0,110.0,828.03,-324.67,,91100.0,91000.0,89400.0,92200.0
2022-03-17 00:00:00+00:00,72.4,72.44,0.0,7204818.0,111.1,828.03,-223.0,,92100.0,92000.0,91400.0,94300.0
2022-03-18 00:00:00+00:00,72.4,72.36,0.0,7196987.0,111.0,828.03,-223.0,,91900.0,91700.0,90600.0,92800.0
2022-03-21 00:00:00+00:00,70.9,70.87,0.0,7048192.0,108.7,828.03,-223.0,,90000.0,89900.0,89500.0,92000.0
2022-03-22 00:00:00+00:00,70.7,70.71,0.0,7032529.0,108.5,828.03,-223.0,,89900.0,89800.0,89100.0,90500.0
2022-03-23 00:00:00+00:00,70.4,70.39,0.0,7001204.0,108.0,828.03,-223.0,,89400.0,89300.0,88900.0,90400.0
2022-03-24 00:00:00+00:00,70.7,70.71,0.0,7032529.0,108.5,828.03,-223.0,,89800.0,89700.0,88400.0,89900.0
2022-03-25 00:00:00+00:00,71.7,71.65,0.0,7126505.0,109.9,828.03,-223.0,,91000.0,90800.0,89900.0,91300.0
2022-03-28 00:00:00+00:00,70.9,70.87,0.0,7048192.0,108.7,828.03,-223.0,,90000.0,89900.0,89400.0,91000.0
2022-03-29 00:00:00+00:00,72.1,72.13,0.0,7173493.0,110.6,828.03,-223.0,,91700.0,91600.0,89300.0,92000.0
2022-03-30 00:00:00+00:00,71.2,71.18,0.0,7079517.0,109.2,828.03,-223.0,,90400.0,90300.0,90200.0,92700.0
2022-03-31 00:00:00+00:00,70.7,70.71,0.0,7032529.0,108.5,828.03,-223.0,,89800.0,89700.0,89400.0,91100.0
2022-04-01 00:00:00+00:00,69.9,69.92,0.0,6954216.0,107.2,828.03,-223.0,,88900.0,88800.0,88300.0,89400.0
2022-04-04 00:00:00+00:00,71.3,71.26,0.0,7087348.0,109.3,828.03,-223.0,,90500.0,90400.0,88200.0,90500.0
2022-04-05 00:00:00+00:00,70.9,70.94,0.0,7056023.0,108.8,828.03,-223.0,,90100.0,90000.0,89400.0,90600.0
2022-04-06 00:00:00+00:00,69.5,69.53,0.0,6915059.0,106.6,828.03,-223.0,,88400.0,88300.0,88300.0,89700.0
2022-04-07 00:00:00+00:00,68.0,68.03,0.0,6766264.0,104.3,828.03,-223.0,,86600.0,86400.0,86400.0,87800.0
2022-04-08 00:00:00+00:00,68.8,68.82,0.0,6844577.0,105.6,828.03,-223.0,,87400.0,87300.0,86200.0,87500.0
2022-04-11 00:00:00+00:00,68.6,68.58,0.0,6821083.0,105.2,828.03,-223.0,,87100.0,87000.0,86200.0,87400.0
2022-04-12 00:00:00+00:00,66.6,66.61,0.0,6625300.0,102.2,828.03,-223.0,,84700.0,84600.0,84200.0,86700.0
2022-04-13 00:00:00+00:00,69.8,69.76,0.0,6938553.0,107.0,828.03,-223.0,,88600.0,88500.0,84300.0,88600.0
2022-04-14 00:00:00+00:00,70.2,70.16,0.0,6977710.0,107.6,828.03,-296.33,,89100.0,89000.0,87300.0,89200.0
2022-04-15 00:00:00+00:00,69.7,69.69,0.0,6930722.0,106.9,828.03,-296.33,,88600.0,88500.0,87100.0,89300.0
2022-04-18 00:00:00+00:00,68.9,68.9,0.0,6852408.0,105.7,828.03,-296.33,,87500.0,87400.0,87100.0,88100.0
2022-04-19 00:00:00+00:00,69.5,69.53,0.0,6915059.0,106.6,828.03,-296.33,,88300.0,88200.0,87300.0,88800.0
2022-04-20 00:00:00+00:00,69.0,68.98,0.0,6860240.0,105.8,828.03,-296.33,,87700.0,87600.0,86900.0,88600.0
2022-04-21 00:00:00+00:00,69.2,69.21,0.0,6883734.0,106.2,828.03,-296.33,,87900.0,87800.0,87500.0,88400.0
2022-04-22 00:00:00+00:00,68.3,68.35,0.0,6797589.0,104.8,828.03,-296.33,,87100.0,86800.0,86600.0,87800.0
2022-04-25 00:00:00+00:00,68.3,68.27,0.0,6789758.0,104.7,828.03,-296.33,,86700.0,86500.0,85200.0,87200.0
2022-04-26 00:00:00+00:00,69.9,69.92,0.0,6954216.0,107.2,828.03,-296.33,,88800.0,88700.0,86200.0,88800.0
2022-04-27 00:00:00+00:00,70.6,70.55,0.0,7016866.0,108.2,828.03,-296.33,,89700.0,89600.0,87300.0,89900.0
2022-04-28 00:00:00+00:00,71.0,71.02,0.0,7063854.0,108.9,828.03,-296.33,,90200.0,90100.0,89100.0,90300.0
2022-04-29 00:00:00+00:00,72.3,72.28,0.0,7189156.0,110.9,828.03,-296.33,,91800.0,91700.0,89500.0,92200.0
2022-05-02 00:00:00+00:00,73.3,73.31,0.0,7290963.0,112.4,828.03,-296.33,,93200.0,93100.0,90900.0,93500.0
2022-05-03 00:00:00+00:00,72.1,72.13,0.0,7173493.0,110.6,828.03,-296.33,,91600.0,91500.0,91100.0,93600.0
2022-05-04 00:00:00+00:00,71.3,71.26,0.0,7087348.0,109.3,828.03,-296.33,,90500.0,90400.0,90200.0,91500.0
2022-05-05 00:00:00+00:00,71.3,71.26,0.0,7087348.0,109.3,828.03,-296.33,,,,,
2022-05-06 00:00:00+00:00,70.1,70.08,0.0,6969878.0,107.5,828.03,-296.33,,89300.0,89000.0,88200.0,89900.0
2022-05-09 00:00:00+00:00,68.7,68.74,0.0,6836746.0,105.4,828.03,-296.33,,87400.0,87300.0,87200.0,88600.0
2022-05-10 00:00:00+00:00,67.6,67.64,0.0,6727107.0,103.7,828.03,-296.33,,85900.0,85800.0,84100.0,87400.0
2022-05-11 00:00:00+00:00,68.5,68.5,0.0,6813252.0,105.1,828.03,-296.33,,87000.0,86900.0,85100.0,87000.0
2022-05-12 00:00:00+00:00,64.5,64.49,0.0,6413854.0,98.9,828.03,-296.33,,82000.0,81900.0,81500.0,86500.0
2022-05-13 00:00:00+00:00,68.0,67.95,0.0,6758433.0,104.2,828.03,-296.33,,86300.0,86200.0,82500.0,86300.0
2022-05-16 00:00:00+00:00,69.8,69.84,0.0,6946384.0,,0.0,-296.33,,88700.0,88600.0,85700.0,89200.0
2022-05-17 00:00:00+00:00,69.7,69.69,0.0,6930722.0,,0.0,-296.33,,88500.0,88300.0,87700.0,88900.0
2022-05-18 00:00:00+00:00,69.4,69.37,0.0,6899396.0,,0.0,-296.33,,88100.0,88000.0,86800.0,88700.0
2022-05-19 00:00:00+00:00,67.7,67.72,0.0,6734939.0,,0.0,-366.75,,86100.0,86000.0,85700.0,87400.0
2022-05-20 00:00:00+00:00,68.0,67.95,0.0,6758433.0,,0.0,-366.75,,86400.0,86300.0,85600.0,86800.0
2022-05-23 00:00:00+00:00,68.2,68.19,0.0,6781927.0,,0.0,-366.75,,86700.0,86600.0,85900.0,87900.0
2022-05-24 00:00:00+00:00,67.3,67.32,0.0,6695782.0,,0.0,-366.75,,85500.0,85400.0,85100.0,87900.0
2022-05-25 00:00:00+00:00,68.8,68.82,0.0,6844577.0,,0.0,-366.75,,87400.0,87300.0,85700.0,88300.0
2022-05-26 00:00:00+00:00,69.1,69.06,0.0,6868071.0,,0.0,-366.75,,87700.0,87600.0,87000.0,88900.0
2022-05-27 00:00:00+00:00,69.1,69.06,0.0,6868071.0,,0.0,-366.75,,87700.0,87600.0,87000.0,89200.0
2022-05-30 00:00:00+00:00,69.2,69.21,0.0,6883734.0,,0.0,-366.75,,87900.0,87800.0,87600.0,88500.0
2022-05-31 00:00:00+00:00,68.3,68.27,0.0,6789758.0,,0.0,-366.75,,86700.0,86600.0,86600.0,88300.0
2022-06-01 00:00:00+00:00,68.3,68.27,0.0,6789758.0,,0.0,-366.75,,,,,
2022-06-02 00:00:00+00:00,66.2,66.22,0.0,6586143.0,,0.0,-366.75,,84100.0,84000.0,83600.0,86600.0
2022-06-03 00:00:00+00:00,66.9,66.93,0.0,6656625.0,,0.0,-366.75,,85100.0,85000.0,84500.0,85600.0
2022-06-06 00:00:00+00:00,66.9,66.93,0.0,6656625.0,,0.0,-366.75,,,,,
2022-06-07 00:00:00+00:00,66.1,66.06,0.0,6570481.0,,0.0,-366.75,,83900.0,83800.0,83200.0,84900.0
2022-06-08 00:00:00+00:00,65.0,64.96,0.0,6460842.0,,0.0,-366.75,,82600.0,82500.0,82500.0,84400.0
2022-06-09 00:00:00+00:00,64.9,64.88,0.0,6453011.0,,0.0,-366.75,,82400.0,82300.0,81400.0,82500.0
2022-06-10 00:00:00+00:00,63.8,63.78,0.0,6343372.0,,0.0,-366.75,,81000.0,80900.0,80500.0,82600.0
2022-06-13 00:00:00+00:00,60.2,60.16,0.0,5983132.0,,0.0,-366.75,,76400.0,76300.0,76300.0,80000.0
2022-06-14 00:00:00+00:00,58.7,58.66,0.0,5834336.0,,0.0,-366.75,,74600.0,74500.0,73700.0,76300.0
2022-06-15 00:00:00+00:00,56.0,55.98,0.0,5568071.0,,0.0,-366.75,,71100.0,71000.0,70900.0,74700.0
2022-06-16 00:00:00+00:00,55.6,55.59,0.0,5528915.0,,0.0,-372.5,,70700.0,70600.0,70200.0,72900.0
2022-06-17 00:00:00+00:00,54.8,54.8,0.0,5450601.0,,0.0,-372.5,,69700.0,69600.0,67200.0,70900.0
2022-06-20 00:00:00+00:00,53.1,53.07,0.0,5278312.0,,0.0,-372.5,,67500.0,67400.0,66300.0,70600.0
2022-06-21 00:00:00+00:00,55.5,55.51,0.0,5521083.0,,0.0,-372.5,,70500.0,70400.0,67300.0,70800.0
2022-06-22 00:00:00+00:00,55.2,55.2,0.0,5489758.0,,0.0,-372.5,,70100.0,70000.0,69700.0,72100.0
2022-06-23 00:00:00+00:00,55.2,55.2,0.0,5489758.0,,0.0,-372.5,,70100.0,70000.0,69000.0,71900.0
2022-06-24 00:00:00+00:00,57.5,57.48,0.0,5716867.0,,0.0,-372.5,,73100.0,73000.0,69400.0,73600.0
2022-06-27 00:00:00+00:00,58.1,58.11,0.0,5779517.0,,0.0,-372.5,,73800.0,73700.0,71800.0,74300.0
2022-06-28 00:00:00+00:00,58.4,58.43,0.0,5810842.0,,0.0,-372.5,,74200.0,74100.0,72800.0,74400.0
2022-06-29 00:00:00+00:00,57.9,57.87,0.0,5756023.0,,0.0,-372.5,,73600.0,73500.0,73000.0,74500.0
2022-06-30 00:00:00+00:00,59.0,58.98,0.0,5865662.0,,0.0,-372.5,,74900.0,74800.0,73700.0,76400.0
2022-07-01 00:00:00+00:00,55.4,55.43,0.0,5513252.0,,0.0,-372.5,,70500.0,70400.0,70100.0,76100.0
2022-07-04 00:00:00+00:00,56.9,56.93,0.0,5662047.0,,0.0,-372.5,,72300.0,72200.0,70500.0,72900.0
2022-07-05 00:00:00+00:00,61.4,61.42,0.0,6108432.0,,0.0,-372.5,,78100.0,78000.0,71700.0,78400.0
2022-07-06 00:00:00+00:00,59.8,59.76,0.0,5943975.0,,0.0,-372.5,,75900.0,75800.0,75700.0,77900.0
2022-07-07 00:00:00+00:00,63.1,63.07,0.0,6272890.0,,0.0,-372.5,,80100.0,80000.0,76100.0,80500.0
2022-07-08 00:00:00+00:00,62.0,62.05,0.0,6171084.0,,0.0,-372.5,,78800.0,78700.0,78400.0,80400.0
2022-07-11 00:00:00+00:00,62.4,62.36,0.0,6202408.0,,0.0,-372.5,,79300.0,79200.0,78200.0,80700.0
2022-07-12 00:00:00+00:00,61.7,61.65,0.0,6131926.0,,0.0,-372.5,,78300.0,78200.0,77500.0,79300.0
2022-07-13 00:00:00+00:00,61.6,61.57,0.0,6124096.0,,0.0,-372.5,,78200.0,78100.0,77500.0,79300.0
2022-07-14 00:00:00+00:00,61.3,61.26,0.0,6092770.0,,0.0,-481.75,,78100.0,77800.0,76300.0,79100.0
2022-07-15 00:00:00+00:00,61.5,61.5,0.0,6116264.0,,0.0,-481.75,,78200.0,78100.0,77400.0,78800.0
2022-07-18 00:00:00+00:00,61.2,61.18,0.0,6084938.0,,0.0,-481.75,,77700.0,77600.0,77500.0,78800.0
2022-07-19 00:00:00+00:00,61.1,61.1,0.0,6077108.0,,0.0,-481.75,,77600.0,77500.0,77000.0,78700.0
2022-07-20 00:00:00+00:00,62.0,62.05,0.0,6171084.0,,0.0,-481.75,,78800.0,78300.0,77200.0,78800.0
2022-07-21 00:00:00+00:00,61.7,61.73,0.0,6139758.0,,0.0,-481.75,,78500.0,78400.0,77400.0,78900.0
2022-07-22 00:00:00+00:00,61.3,61.26,0.0,6092770.0,,0.0,-481.75,,78000.0,77800.0,77700.0,79000.0
2022-07-25 00:00:00+00:00,62.5,62.52,0.0,6218071.0,,0.0,-481.75,,79400.0,79300.0,77600.0,79800.0
2022-07-26 00:00:00+00:00,61.7,61.65,0.0,6131926.0,,0.0,-481.75,,78400.0,78300.0,78200.0,79300.0
2022-07-27 00:00:00+00:00,61.7,61.73,0.0,6139758.0,,0.0,-481.75,,78500.0,78400.0,78000.0,79400.0
2022-07-28 00:00:00+00:00,61.4,61.42,0.0,6108432.0,,0.0,-481.75,,78000.0,77900.0,77800.0,79200.0
2022-07-29 00:00:00+00:00,61.4,61.42,0.0,6108432.0,,0.0,-481.75,,78000.0,77900.0,77800.0,78900.0
2022-08-01 00:00:00+00:00,61.8,61.81,0.0,6147590.0,,0.0,-481.75,,78500.0,78400.0,77100.0,78700.0
2022-08-02 00:00:00+00:00,60.0,60.0,0.0,5967469.0,,0.0,-481.75,,76200.0,76100.0,76000.0,78300.0
2022-08-03 00:00:00+00:00,59.9,59.92,0.0,5959638.0,,0.0,-481.75,,76200.0,76100.0,75100.0,76800.0
2022-08-04 00:00:00+00:00,61.0,61.02,0.0,6069276.0,,0.0,-481.75,,77500.0,77400.0,76200.0,77800.0
2022-08-05 00:00:00+00:00,63.8,63.78,0.0,6343372.0,,0.0,-481.75,,81100.0,81000.0,77500.0,82000.0
2022-08-08 00:00:00+00:00,63.3,63.31,0.0,6296384.0,,0.0,-481.75,,80400.0,80300.0,79500.0,81200.0
2022-08-09 00:00:00+00:00,64.6,64.57,0.0,6421685.0,,0.0,-481.75,,82000.0,81900.0,80000.0,82400.0
2022-08-10 00:00:00+00:00,63.5,63.54,0.0,6319878.0,,0.0,-481.75,,80700.0,80600.0,80400.0,82600.0
2022-08-11 00:00:00+00:00,62.3,62.28,0.0,6194578.0,,0.0,-481.75,,79100.0,79000.0,78900.0,81800.0
2022-08-12 00:00:00+00:00,62.4,62.36,0.0,6202408.0,,0.0,-481.75,,79300.0,79200.0,78600.0,80300.0
2022-08-15 00:00:00+00:00,62.4,62.36,0.0,6202408.0,,0.0,-481.75,,,,,
2022-08-16 00:00:00+00:00,62.1,62.13,0.0,6178914.0,,0.0,-481.75,,79000.0,78900.0,78300.0,79300.0
2022-08-17 00:00:00+00:00,60.6,60.55,0.0,6022288.0,,0.0,-481.75,,77000.0,76900.0,76900.0,79000.0
2022-08-18 00:00:00+00:00,61.4,61.42,0.0,6108432.0,,0.0,-552.67,,78000.0,77900.0,75900.0,78500.0
2022-08-19 00:00:00+00:00,60.6,60.55,0.0,6022288.0,,0.0,-552.67,,76900.0,76800.0,76500.0,78000.0
2022-08-22 00:00:00+00:00,57.8,57.8,0.0,5748192.0,,0.0,-552.67,,73500.0,73400.0,73200.0,76200.0
2022-08-23 00:00:00+00:00,55.7,55.75,0.0,5544577.0,,0.0,-552.67,,70900.0,70800.0,70500.0,73100.0
2022-08-24 00:00:00+00:00,55.9,55.91,0.0,5560240.0,,0.0,-552.67,,71000.0,70900.0,69700.0,71300.0
2022-08-25 00:00:00+00:00,56.7,56.69,0.0,5638553.0,,0.0,-552.67,,72100.0,72000.0,70500.0,72200.0
2022-08-26 00:00:00+00:00,55.9,55.91,0.0,5560240.0,,0.0,-552.67,,71100.0,71000.0,70900.0,72500.0
2022-08-29 00:00:00+00:00,54.3,54.33,0.0,5403614.0,,0.0,-552.67,,69100.0,69000.0,68700.0,69600.0
2022-08-30 00:00:00+00:00,56.6,56.61,0.0,5630722.0,,0.0,-552.67,,71900.0,71800.0,69000.0,72700.0
2022-08-31 00:00:00+00:00,56.4,56.38,0.0,5607228.0,,0.0,-552.67,,71600.0,71500.0,70400.0,71900.0
2022-09-01 00:00:00+00:00,56.1,56.06,0.0,5575903.0,,0.0,-552.67,,71400.0,71200.0,69900.0,72300.0
2022-09-02 00:00:00+00:00,55.2,55.2,0.0,5489758.0,,0.0,-552.67,,70200.0,70100.0,70000.0,72200.0
2022-09-05 00:00:00+00:00,54.6,54.57,0.0,5427107.0,,0.0,-552.67,,69300.0,69200.0,68400.0,70600.0
2022-09-06 00:00:00+00:00,54.7,54.72,0.0,5442770.0,,0.0,-552.67,,69600.0,69500.0,69000.0,70400.0
2022-09-07 00:00:00+00:00,53.5,53.54,0.0,5325300.0,,0.0,-552.67,,68000.0,67900.0,67700.0,68900.0
2022-09-08 00:00:00+00:00,53.7,53.7,0.0,5340963.0,,0.0,-552.67,,68200.0,68100.0,67500.0,69200.0
2022-09-09 00:00:00+00:00,53.7,53.7,0.0,5340963.0,,0.0,-552.67,,,,,
2022-09-12 00:00:00+00:00,53.7,53.7,0.0,5340963.0,,0.0,-552.67,,,,,
2022-09-13 00:00:00+00:00,55.5,55.51,0.0,5521083.0,,0.0,-552.67,,70500.0,70300.0,68900.0,70700.0
2022-09-14 00:00:00+00:00,54.9,54.88,0.0,5458433.0,,0.0,-552.67,,69700.0,69600.0,68100.0,70000.0
2022-09-15 00:00:00+00:00,54.8,54.8,0.0,5450601.0,,0.0,-522.0,,69600.0,69500.0,69200.0,70000.0
2022-09-16 00:00:00+00:00,53.5,53.46,0.0,5317469.0,,0.0,-522.0,,67900.0,67800.0,67600.0,69000.0
2022-09-19 00:00:00+00:00,52.8,52.76,0.0,5246987.0,,0.0,-522.0,,67000.0,66900.0,66600.0,68300.0
2022-09-20 00:00:00+00:00,52.3,52.28,0.0,5199999.0,,0.0,-522.0,,66400.0,66300.0,66000.0,68100.0
2022-09-21 00:00:00+00:00,50.2,50.16,0.0,4988553.0,,0.0,-522.0,,63800.0,63700.0,63600.0,66100.0
2022-09-22 00:00:00+00:00,48.8,48.82,0.0,4855421.0,,0.0,-522.0,,62000.0,61900.0,61300.0,63000.0
2022-09-23 00:00:00+00:00,47.0,47.01,0.0,4675300.0,,0.0,-522.0,,59800.0,59700.0,59500.0,61900.0
2022-09-26 00:00:00+00:00,46.2,46.22,0.0,4596987.0,,0.0,-522.0,,58700.0,58600.0,58400.0,60000.0
2022-09-27 00:00:00+00:00,45.8,45.83,0.0,4557830.0,,0.0,-522.0,,58200.0,58100.0,57200.0,59000.0
2022-09-28 00:00:00+00:00,44.9,44.88,0.0,4463854.0,,0.0,-522.0,,57100.0,57000.0,56200.0,59100.0
2022-09-29 00:00:00+00:00,45.8,45.83,0.0,4557830.0,,0.0,-522.0,,58300.0,58200.0,57300.0,59200.0
2022-09-30 00:00:00+00:00,44.8,44.8,0.0,4456023.0,,0.0,-522.0,,57000.0,56900.0,56900.0,58500.0
2022-10-03 00:00:00+00:00,44.8,44.8,0.0,4456023.0,,0.0,-522.0,,,,,
2022-10-04 00:00:00+00:00,45.7,45.67,0.0,4542168.0,,0.0,-522.0,,58100.0,58000.0,57400.0,59000.0
2022-10-05 00:00:00+00:00,43.9,43.86,0.0,4362047.0,,0.0,-522.0,,55700.0,55600.0,54900.0,58900.0
2022-10-06 00:00:00+00:00,43.6,43.62,0.0,4338553.0,,0.0,-522.0,,55500.0,55400.0,55300.0,56600.0
2022-10-07 00:00:00+00:00,43.1,43.07,0.0,4283734.0,,0.0,-522.0,,54700.0,54600.0,53500.0,55300.0
2022-10-10 00:00:00+00:00,43.1,43.07,0.0,4283734.0,,0.0,-522.0,,,,,
2022-10-11 00:00:00+00:00,42.4,42.36,0.0,4213252.0,,0.0,-522.0,,53900.0,53800.0,52400.0,54200.0
2022-10-12 00:00:00+00:00,41.9,41.89,0.0,4166264.0,,0.0,-522.0,,53200.0,53100.0,51000.0,53600.0
2022-10-13 00:00:00+00:00,40.8,40.79,0.0,4056625.0,,0.0,-522.0,,51900.0,51800.0,50900.0,53800.0
2022-10-14 00:00:00+00:00,42.9,42.91,0.0,4268071.0,,0.0,-522.0,,54500.0,54400.0,52500.0,54700.0
2022-10-17 00:00:00+00:00,43.3,43.31,0.0,4307228.0,,0.0,-522.0,,55000.0,54900.0,53100.0,55400.0
2022-10-18 00:00:00+00:00,44.2,44.17,0.0,4393372.0,,0.0,-522.0,,56200.0,56100.0,55600.0,56500.0
2022-10-19 00:00:00+00:00,43.7,43.7,0.0,4346384.0,,0.0,-522.0,,55500.0,55400.0,55300.0,57500.0
2022-10-20 00:00:00+00:00,43.3,43.31,0.0,4307228.0,,0.0,-496.0,,55000.0,54800.0,54700.0,55800.0
2022-10-21 00:00:00+00:00,43.5,43.54,0.0,4330722.0,,0.0,-496.0,,55300.0,55200.0,54500.0,56400.0
2022-10-24 00:00:00+00:00,43.7,43.7,0.0,4346384.0,,0.0,-496.0,,55600.0,55500.0,55200.0,57200.0
2022-10-25 00:00:00+00:00,44.4,44.41,0.0,4416866.0,,0.0,-496.0,,56400.0,56300.0,55000.0,56600.0
2022-10-26 00:00:00+00:00,44.3,44.25,0.0,4401204.0,,0.0,-496.0,,56300.0,56200.0,56000.0,57100.0
2022-10-27 00:00:00+00:00,44.9,44.88,0.0,4463854.0,,0.0,-496.0,,57000.0,56900.0,56600.0,58300.0
2022-10-28 00:00:00+00:00,44.6,44.65,0.0,4440360.0,,0.0,-496.0,,56700.0,56600.0,56400.0,58000.0
2022-10-31 00:00:00+00:00,45.7,45.75,0.0,4549999.0,,0.0,-496.0,,58100.0,58000.0,57200.0,59000.0
2022-11-01 00:00:00+00:00,46.1,46.06,0.0,4581324.0,,0.0,-496.0,,58600.0,58500.0,57300.0,59300.0
2022-11-02 00:00:00+00:00,47.4,47.4,0.0,4714457.0,,0.0,-496.0,,60300.0,60200.0,57500.0,61300.0
2022-11-03 00:00:00+00:00,46.8,46.77,0.0,4651806.0,,0.0,-496.0,,59500.0,59400.0,58500.0,60200.0
2022-11-04 00:00:00+00:00,46.9,46.85,0.0,4659637.0,,0.0,-496.0,,59500.0,59400.0,58600.0,59700.0
2022-11-07 00:00:00+00:00,49.0,48.98,0.0,4871083.0,,0.0,-496.0,,62200.0,62100.0,59500.0,62200.0
2022-11-08 00:00:00+00:00,49.1,49.13,0.0,4886746.0,,0.0,-496.0,,62400.0,62300.0,61800.0,62800.0
2022-11-09 00:00:00+00:00,49.8,49.76,0.0,4949397.0,,0.0,-496.0,,63300.0,63200.0,61900.0,64100.0
2022-11-10 00:00:00+00:00,51.9,51.89,0.0,5160842.0,,0.0,-496.0,,66000.0,65900.0,62500.0,66400.0
2022-11-11 00:00:00+00:00,53.7,53.7,0.0,5340963.0,,0.0,-496.0,,68200.0,68100.0,67100.0,68500.0
2022-11-14 00:00:00+00:00,55.8,55.83,0.0,5552409.0,,0.0,-496.0,,70900.0,70700.0,68700.0,71400.0
2022-11-15 00:00:00+00:00,59.7,59.69,0.0,5936144.0,,0.0,-496.0,,75900.0,75800.0,71100.0,75800.0
2022-11-16 00:00:00+00:00,59.7,59.69,0.0,5936144.0,,0.0,-496.0,,75800.0,75700.0,74600.0,76900.0
2022-11-17 00:00:00+00:00,60.0,60.0,0.0,5967469.0,,0.0,-499.67,,76200.0,76100.0,74200.0,77200.0
2022-11-18 00:00:00+00:00,61.0,61.02,0.0,6069276.0,,0.0,-499.67,,77600.0,77500.0,75200.0,78800.0
2022-11-21 00:00:00+00:00,58.2,58.19,0.0,5787349.0,,0.0,-499.67,,73900.0,73800.0,73100.0,78000.0
2022-11-22 00:00:00+00:00,56.1,56.06,0.0,5575903.0,,0.0,-499.67,,71300.0,71200.0,71000.0,74500.0
2022-11-23 00:00:00+00:00,56.4,56.38,0.0,5607228.0,,0.0,-499.67,,71600.0,71500.0,70400.0,72000.0
2022-11-24 00:00:00+00:00,57.3,57.32,0.0,5701204.0,,0.0,-499.67,,72800.0,72600.0,71100.0,73100.0
2022-11-25 00:00:00+00:00,56.8,56.77,0.0,5646385.0,,0.0,-499.67,,72100.0,72000.0,71500.0,73300.0
2022-11-28 00:00:00+00:00,56.9,56.85,0.0,5654216.0,,0.0,-499.67,,72200.0,72100.0,71100.0,74000.0
2022-11-29 00:00:00+00:00,57.5,57.48,0.0,5716867.0,,0.0,-499.67,,73000.0,72800.0,72300.0,73700.0
2022-11-30 00:00:00+00:00,58.0,57.95,0.0,5763855.0,,0.0,-499.67,,73900.0,73600.0,72300.0,75500.0
2022-12-01 00:00:00+00:00,57.2,57.24,0.0,5693373.0,,0.0,-499.67,,72800.0,72700.0,72700.0,75200.0
2022-12-02 00:00:00+00:00,57.1,57.09,0.0,5677710.0,,0.0,-499.67,,72600.0,72500.0,71700.0,73800.0
2022-12-05 00:00:00+00:00,57.2,57.17,0.0,5685541.0,,0.0,-499.67,,72700.0,72600.0,72000.0,73300.0
2022-12-06 00:00:00+00:00,56.8,56.77,0.0,5646385.0,,0.0,-499.67,,72100.0,72000.0,71400.0,73000.0
2022-12-07 00:00:00+00:00,56.9,56.85,0.0,5654216.0,,0.0,-499.67,,72300.0,72200.0,70300.0,72900.0
2022-12-08 00:00:00+00:00,56.3,56.3,0.0,5599397.0,,0.0,-499.67,,71500.0,71400.0,70700.0,73000.0
2022-12-09 00:00:00+00:00,57.4,57.4,0.0,5709035.0,,0.0,-499.67,,72900.0,72700.0,71800.0,73000.0
2022-12-12 00:00:00+00:00,57.5,57.48,0.0,5716867.0,,0.0,-499.67,,73000.0,72900.0,72500.0,73500.0
2022-12-13 00:00:00+00:00,58.6,58.58,0.0,5826505.0,,0.0,-499.67,,74400.0,74300.0,72500.0,74500.0
2022-12-14 00:00:00+00:00,61.1,61.1,0.0,6077108.0,,0.0,-499.67,,77600.0,77500.0,74200.0,77800.0
2022-12-15 00:00:00+00:00,58.8,58.82,0.0,5849999.0,,0.0,-529.0,,74800.0,74700.0,74700.0,77900.0
2022-12-16 00:00:00+00:00,58.0,58.03,0.0,5771686.0,,0.0,-529.0,,73700.0,73600.0,73000.0,74200.0
2022-12-19 00:00:00+00:00,57.1,57.09,0.0,5677710.0,,0.0,-529.0,,72600.0,72500.0,72400.0,73600.0
2022-12-20 00:00:00+00:00,56.5,56.46,0.0,5615059.0,,0.0,-529.0,,71700.0,71600.0,71100.0,72700.0
2022-12-21 00:00:00+00:00,56.4,56.38,0.0,5607228.0,,0.0,-529.0,,71600.0,71500.0,71100.0,72300.0
2022-12-22 00:00:00+00:00,57.3,57.32,0.0,5701204.0,,0.0,-529.0,,72800.0,72700.0,71800.0,73200.0
2022-12-23 00:00:00+00:00,56.0,55.98,0.0,5568071.0,,0.0,-529.0,,71300.0,71100.0,71000.0,72800.0
2022-12-26 00:00:00+00:00,56.2,56.22,0.0,5591565.0,,0.0,-529.0,,71500.0,71400.0,70600.0,72200.0
2022-12-27 00:00:00+00:00,56.5,56.54,0.0,5622891.0,,0.0,-529.0,,71900.0,71800.0,71000.0,72400.0
2022-12-28 00:00:00+00:00,56.8,56.77,0.0,5646385.0,,0.0,-529.0,,72100.0,72000.0,70200.0,72100.0
2022-12-29 00:00:00+00:00,56.8,56.77,0.0,5646385.0,,0.0,-529.0,,72100.0,72000.0,70600.0,72700.0
2022-12-30 00:00:00+00:00,56.8,56.77,0.0,5646385.0,,0.0,-529.0,,,,,
2023-01-02 00:00:00+00:00,56.2,56.22,0.0,5591565.0,,0.0,-529.0,,71500.0,71400.0,71200.0,73500.0
2023-01-03 00:00:00+00:00,54.1,54.09,0.0,5380120.0,,0.0,-529.0,,68800.0,68700.0,68100.0,72000.0
2023-01-04 00:00:00+00:00,55.1,55.12,0.0,5481927.0,,0.0,-529.0,,70100.0,70000.0,67200.0,70200.0
2023-01-05 00:00:00+00:00,55.1,55.12,0.0,5481927.0,,0.0,-529.0,,70200.0,70000.0,69300.0,71300.0
2023-01-06 00:00:00+00:00,55.8,55.83,0.0,5552409.0,,0.0,-529.0,,70900.0,70800.0,69300.0,71700.0
2023-01-09 00:00:00+00:00,57.7,57.72,0.0,5740361.0,,0.0,-529.0,,73400.0,73300.0,71100.0,74200.0
2023-01-10 00:00:00+00:00,58.1,58.11,0.0,5779517.0,,0.0,-529.0,,73800.0,73700.0,72500.0,74600.0
2023-01-11 00:00:00+00:00,58.6,58.58,0.0,5826505.0,,0.0,-529.0,,74400.0,74300.0,73200.0,74800.0
2023-01-12 00:00:00+00:00,58.3,58.35,0.0,5803011.0,,0.0,-529.0,,74200.0,74100.0,73700.0,74800.0
2023-01-13 00:00:00+00:00,58.0,58.03,0.0,5771686.0,,0.0,-529.0,,73800.0,73700.0,73300.0,75000.0
2023-01-16 00:00:00+00:00,58.6,58.58,0.0,5826505.0,,0.0,-529.0,,74400.0,74300.0,73200.0,74600.0
2023-01-17 00:00:00+00:00,56.8,56.77,0.0,5646385.0,,0.0,-529.0,,72400.0,72100.0,72100.0,74400.0
2023-01-18 00:00:00+00:00,57.0,57.01,0.0,5669879.0,,0.0,-529.0,,72400.0,72300.0,72000.0,73600.0
2023-01-19 00:00:00+00:00,56.9,56.85,0.0,5654216.0,,0.0,-412.83,,72200.0,72100.0,71300.0,72600.0
2023-01-20 00:00:00+00:00,56.5,56.46,0.0,5615059.0,,0.0,-412.83,,71700.0,71600.0,71200.0,72500.0
2023-01-23 00:00:00+00:00,56.5,56.46,0.0,5615059.0,,0.0,-412.83,,,,,
2023-01-24 00:00:00+00:00,56.5,56.46,0.0,5615059.0,,0.0,-412.83,,,,,
2023-01-25 00:00:00+00:00,58.6,58.58,0.0,5826505.0,,0.0,-412.83,,74400.0,74300.0,71400.0,74800.0
2023-01-26 00:00:00+00:00,59.0,58.98,0.0,5865662.0,,0.0,-412.83,,74900.0,74800.0,73600.0,75000.0
2023-01-27 00:00:00+00:00,60.0,60.0,0.0,5967469.0,,0.0,-412.83,,76200.0,76100.0,74000.0,76300.0
2023-01-30 00:00:00+00:00,59.1,59.06,0.0,5873493.0,,0.0,-412.83,,75100.0,75000.0,74600.0,76600.0
2023-01-31 00:00:00+00:00,57.0,57.01,0.0,5669879.0,,0.0,-412.83,,72500.0,72400.0,72400.0,75900.0
2023-02-01 00:00:00+00:00,56.4,56.38,0.0,5607228.0,,0.0,-412.83,,71600.0,71500.0,69900.0,72900.0
2023-02-02 00:00:00+00:00,57.6,57.56,0.0,5724698.0,,0.0,-412.83,,73200.0,73100.0,72000.0,73700.0
2023-02-03 00:00:00+00:00,56.9,56.93,0.0,5662047.0,,0.0,-412.83,,72400.0,72300.0,71100.0,73100.0
2023-02-06 00:00:00+00:00,56.2,56.22,0.0,5591565.0,,0.0,-412.83,,71500.0,71400.0,70900.0,72700.0
2023-02-07 00:00:00+00:00,56.9,56.85,0.0,5654216.0,,0.0,-412.83,,72200.0,72100.0,71000.0,72900.0
2023-02-08 00:00:00+00:00,56.5,56.54,0.0,5622891.0,,0.0,-412.83,,72000.0,71800.0,71500.0,72500.0
2023-02-09 00:00:00+00:00,56.1,56.14,0.0,5583734.0,,0.0,-412.83,,71300.0,71100.0,70700.0,71900.0
2023-02-10 00:00:00+00:00,54.6,54.65,0.0,5434939.0,,0.0,-412.83,,69400.0,69300.0,68600.0,70700.0
2023-02-13 00:00:00+00:00,53.1,53.07,0.0,5278312.0,,0.0,-412.83,,67500.0,67400.0,67300.0,69000.0
2023-02-14 00:00:00+00:00,53.5,53.46,0.0,5317469.0,,0.0,-412.83,,68000.0,67900.0,67600.0,69300.0
2023-02-15 00:00:00+00:00,52.1,52.13,0.0,5184336.0,,0.0,-412.83,,66200.0,66100.0,66000.0,68200.0
2023-02-16 00:00:00+00:00,53.5,53.54,0.0,5325300.0,,0.0,-373.0,,68000.0,67900.0,66300.0,68800.0
2023-02-17 00:00:00+00:00,52.2,52.2,0.0,5192168.0,,0.0,-373.0,,66400.0,66300.0,66200.0,67200.0
2023-02-20 00:00:00+00:00,53.7,53.7,0.0,5340963.0,,0.0,-373.0,,68200.0,68100.0,65700.0,68300.0
2023-02-21 00:00:00+00:00,53.3,53.31,0.0,5301806.0,,0.0,-373.0,,67700.0,67600.0,67200.0,68300.0
2023-02-22 00:00:00+00:00,52.4,52.36,0.0,5207830.0,,0.0,-373.0,,66500.0,66400.0,66200.0,67000.0
2023-02-23 00:00:00+00:00,52.4,52.36,0.0,5207830.0,,0.0,-373.0,,66500.0,66400.0,66000.0,67300.0
2023-02-24 00:00:00+00:00,51.6,51.57,0.0,5129517.0,,0.0,-373.0,,65500.0,65400.0,65200.0,66600.0
2023-02-27 00:00:00+00:00,50.9,50.94,0.0,5066866.0,,0.0,-373.0,,64800.0,64700.0,64200.0,65100.0
2023-02-28 00:00:00+00:00,52.5,52.52,0.0,5223493.0,,0.0,-373.0,,66700.0,66600.0,64700.0,66900.0
2023-03-01 00:00:00+00:00,52.5,52.52,0.0,5223493.0,,0.0,-373.0,,,,,
2023-03-02 00:00:00+00:00,51.3,51.34,0.0,5106023.0,,0.0,-373.0,,65200.0,65100.0,65000.0,66700.0
2023-03-03 00:00:00+00:00,51.9,51.89,0.0,5160842.0,,0.0,-373.0,,65900.0,65800.0,64700.0,66500.0
2023-03-06 00:00:00+00:00,51.5,51.5,0.0,5121686.0,,0.0,-373.0,,65500.0,65400.0,65000.0,66300.0
2023-03-07 00:00:00+00:00,51.7,51.73,0.0,5145180.0,,0.0,-373.0,,65700.0,65600.0,64900.0,66600.0
2023-03-08 00:00:00+00:00,49.4,49.37,0.0,4910240.0,,0.0,-373.0,,62700.0,62600.0,62400.0,65100.0
2023-03-09 00:00:00+00:00,49.5,49.53,0.0,4925903.0,,0.0,-373.0,,63000.0,62900.0,62100.0,63800.0
2023-03-10 00:00:00+00:00,49.1,49.13,0.0,4886746.0,,0.0,-373.0,,62400.0,62300.0,61200.0,62900.0
2023-03-13 00:00:00+00:00,48.3,48.27,0.0,4800601.0,,0.0,-373.0,,61400.0,61300.0,60500.0,62600.0
2023-03-14 00:00:00+00:00,47.7,47.72,0.0,4745782.0,,0.0,-373.0,,60700.0,60600.0,59800.0,61700.0
2023-03-15 00:00:00+00:00,46.9,46.85,0.0,4659637.0,,0.0,-373.0,,59600.0,59500.0,59500.0,61300.0
2023-03-16 00:00:00+00:00,46.5,46.46,0.0,4620481.0,,0.0,-305.25,,59000.0,58900.0,57600.0,59900.0
2023-03-17 00:00:00+00:00,48.8,48.82,0.0,4855421.0,,0.0,-305.25,,62000.0,61900.0,59200.0,62000.0
2023-03-20 00:00:00+00:00,48.2,48.19,0.0,4792770.0,,0.0,-305.25,,61300.0,61200.0,61000.0,63900.0
2023-03-21 00:00:00+00:00,48.0,48.03,0.0,4777107.0,,0.0,-305.25,,61200.0,61000.0,60900.0,62400.0
2023-03-22 00:00:00+00:00,48.5,48.5,0.0,4824095.0,,0.0,-305.25,,61600.0,61500.0,60800.0,62000.0
2023-03-23 00:00:00+00:00,48.6,48.58,0.0,4831927.0,,0.0,-305.25,,61700.0,61600.0,60300.0,61700.0
2023-03-24 00:00:00+00:00,48.1,48.11,0.0,4784939.0,,0.0,-305.25,,61100.0,61000.0,60600.0,62000.0
2023-03-27 00:00:00+00:00,49.2,49.21,0.0,4894577.0,,0.0,-305.25,,62600.0,62500.0,60300.0,63300.0
2023-03-28 00:00:00+00:00,48.7,48.66,0.0,4839758.0,,0.0,-305.25,,61900.0,61800.0,61300.0,62900.0
2023-03-29 00:00:00+00:00,47.8,47.8,0.0,4753613.0,,0.0,-305.25,,60700.0,60600.0,60600.0,62500.0
2023-03-30 00:00:00+00:00,48.9,48.9,0.0,4863252.0,,0.0,-305.25,,62200.0,62100.0,60600.0,63500.0
2023-03-31 00:00:00+00:00,49.8,49.84,0.0,4957228.0,,0.0,-305.25,,63300.0,63200.0,61800.0,63600.0
2023-04-03 00:00:00+00:00,48.9,48.9,0.0,4863252.0,,0.0,-305.25,,62100.0,62000.0,61900.0,64000.0
2023-04-04 00:00:00+00:00,50.2,50.24,0.0,4996385.0,,0.0,-305.25,,63800.0,63700.0,61400.0,64200.0
2023-04-05 00:00:00+00:00,50.2,50.16,0.0,4988553.0,,0.0,-305.25,,63700.0,63600.0,62900.0,65000.0
2023-04-06 00:00:00+00:00,49.5,49.53,0.0,4925903.0,,0.0,-305.25,,63000.0,62900.0,62800.0,65200.0
2023-04-07 00:00:00+00:00,49.3,49.29,0.0,4902409.0,,0.0,-305.25,,62700.0,62600.0,62300.0,63800.0
2023-04-10 00:00:00+00:00,49.9,49.92,0.0,4965059.0,,0.0,-305.25,,63400.0,63300.0,61500.0,63600.0
2023-04-11 00:00:00+00:00,54.5,54.49,0.0,5419276.0,,0.0,-305.25,,69200.0,69100.0,63000.0,69600.0
2023-04-12 00:00:00+00:00,55.3,55.28,0.0,5497589.0,,0.0,-305.25,,70200.0,70100.0,68500.0,71600.0
2023-04-13 00:00:00+00:00,60.0,60.0,0.0,5967469.0,,0.0,-305.25,,76200.0,76100.0,69600.0,76200.0
2023-04-14 00:00:00+00:00,59.8,59.84,0.0,5951806.0,,0.0,-305.25,,76000.0,75900.0,74900.0,77000.0
2023-04-17 00:00:00+00:00,57.6,57.64,0.0,5732529.0,,0.0,-305.25,,73200.0,73100.0,73100.0,76100.0
2023-04-18 00:00:00+00:00,56.4,56.38,0.0,5607228.0,,0.0,-305.25,,71700.0,71600.0,71500.0,73900.0
2023-04-19 00:00:00+00:00,55.5,55.51,0.0,5521083.0,,0.0,-305.25,,70600.0,70500.0,70300.0,72200.0
2023-04-20 00:00:00+00:00,55.2,55.2,0.0,5489758.0,,0.0,-153.67,,70100.0,70000.0,69900.0,71300.0
2023-04-21 00:00:00+00:00,54.6,54.57,0.0,5427107.0,,0.0,-153.67,,69400.0,69300.0,69100.0,70500.0
2023-04-24 00:00:00+00:00,54.5,54.49,0.0,5419276.0,,0.0,-153.67,,69300.0,69200.0,69000.0,70600.0
2023-04-25 00:00:00+00:00,54.9,54.88,0.0,5458433.0,,0.0,-153.67,,69800.0,69700.0,69200.0,71600.0
2023-04-26 00:00:00+00:00,55.7,55.75,0.0,5544577.0,,0.0,-153.67,,70800.0,70700.0,68200.0,71500.0
2023-04-27 00:00:00+00:00,53.3,53.31,0.0,5301806.0,,0.0,-153.67,,67800.0,67700.0,66900.0,71000.0
2023-04-28 00:00:00+00:00,54.3,54.33,0.0,5403614.0,,0.0,-153.67,,69000.0,68900.0,67600.0,69500.0
2023-05-01 00:00:00+00:00,54.3,54.33,0.0,5403614.0,,0.0,-153.67,,,,,
2023-05-02 00:00:00+00:00,54.3,54.33,0.0,5403614.0,,0.0,-153.67,,69000.0,68900.0,67200.0,69200.0
2023-05-03 00:00:00+00:00,53.8,53.78,0.0,5348794.0,,0.0,-153.67,,68300.0,68200.0,67600.0,68600.0
2023-05-04 00:00:00+00:00,57.4,57.4,0.0,5709035.0,,0.0,-153.67,,72900.0,72800.0,67700.0,72900.0
2023-05-05 00:00:00+00:00,57.4,57.4,0.0,5709035.0,,0.0,-153.67,,,,,
2023-05-08 00:00:00+00:00,55.4,55.43,0.0,5513252.0,,0.0,-153.67,,70400.0,70300.0,70100.0,72600.0
2023-05-09 00:00:00+00:00,56.1,56.14,0.0,5583734.0,,0.0,-153.67,,71300.0,71200.0,70300.0,72200.0
2023-05-10 00:00:00+00:00,55.5,55.51,0.0,5521083.0,,0.0,-153.67,,70500.0,70400.0,69600.0,71300.0
2023-05-11 00:00:00+00:00,54.7,54.72,0.0,5442770.0,,0.0,-153.67,,69600.0,69500.0,69500.0,71200.0
2023-05-12 00:00:00+00:00,56.6,56.61,0.0,5630722.0,,0.0,-153.67,,71900.0,71800.0,69600.0,74400.0
2023-05-15 00:00:00+00:00,55.8,55.83,0.0,5552409.0,,0.0,-153.67,,70900.0,70800.0,69200.0,71800.0
2023-05-16 00:00:00+00:00,55.7,55.67,0.0,5536746.0,,0.0,-153.67,,70700.0,70600.0,70200.0,72200.0
2023-05-17 00:00:00+00:00,56.1,56.06,0.0,5575903.0,,0.0,-153.67,,71200.0,71100.0,69800.0,71500.0
2023-05-18 00:00:00+00:00,54.9,54.88,0.0,5458433.0,,0.0,1.42,49905.87,69800.0,69700.0,69600.0,71500.0
2023-05-19 00:00:00+00:00,56.0,55.98,0.0,5568071.0,,0.0,1.42,49905.87,71100.0,71000.0,69700.0,71400.0
2023-05-22 00:00:00+00:00,56.9,56.93,0.0,5662047.0,,0.0,1.42,49905.87,72300.0,72200.0,70900.0,72400.0
2023-05-23 00:00:00+00:00,57.1,57.09,0.0,5677710.0,,0.0,1.42,49905.87,72500.0,72400.0,71800.0,73400.0
2023-05-24 00:00:00+00:00,57.5,57.48,0.0,5716867.0,,0.0,1.42,49905.87,73100.0,73000.0,71900.0,73800.0
2023-05-25 00:00:00+00:00,56.3,56.3,0.0,5599397.0,,0.0,1.42,49905.87,71700.0,71500.0,71500.0,73800.0
2023-05-26 00:00:00+00:00,56.9,56.93,0.0,5662047.0,,0.0,1.42,49905.87,72300.0,72200.0,71200.0,72600.0
2023-05-29 00:00:00+00:00,56.9,56.93,0.0,5662047.0,,0.0,1.42,49905.87,,,,
2023-05-30 00:00:00+00:00,57.6,57.64,0.0,5732529.0,,0.0,1.42,49905.87,73200.0,73100.0,72100.0,73700.0
2023-05-31 00:00:00+00:00,57.9,57.87,0.0,5756023.0,,0.0,1.42,49905.87,73500.0,73400.0,72700.0,74400.0
2023-06-01 00:00:00+00:00,58.8,58.82,0.0,5849999.0,,0.0,21.82,3423.09,74700.0,74600.0,73300.0,74900.0
2023-06-02 00:00:00+00:00,59.3,59.29,0.0,5896987.0,,0.0,21.82,3423.09,75300.0,75200.0,73700.0,75600.0
2023-06-05 00:00:00+00:00,,,,,,,21.82,3404.76,74400.0,74300.0,73400.0,75300.0
