,0,1,2,3,4,5,6,7,8,9,10,11
Name,SK SQUARE - PRICE INDEX,SK SQUARE - TOT RETURN IND,SK SQUARE - DIVIDEND YIELD,SK SQUARE - MARKET VALUE,SK SQUARE - PER,SK SQUARE - EARNINGS PER SHR,SK SQUARE - EPS 12M FWD,SK SQUARE - PE RATIO 12M FWD,SK SQUARE - ASK PRICE,SK SQUARE - BID PRICE,SK SQUARE - PRICE LOW,SK SQUARE - PRICE HIGH
MNEM,KO:SQ1,KO:SQ1,KO:SQ1,KO:SQ1,KO:SQ1,KO:SQ1,KO:SQ1,KO:SQ1,KO:SQ1,KO:SQ1,KO:SQ1,KO:SQ1
DATATYPE,PI,RI,DY,MV,PE,EPS,DIEP,DIPE,PA,PB,PL,PH
NAME,SK SQUARE,SK SQUARE,SK SQUARE,SK SQUARE,SK SQUARE,SK SQUARE,SK SQUARE,SK SQUARE,SK SQUARE,SK SQUARE,SK SQUARE,SK SQUARE
SECD,BMG3GS6,BMG3GS6,BMG3GS6,BMG3GS6,BMG3GS6,BMG3GS6,BMG3GS6,BMG3GS6,BMG3GS6,BMG3GS6,BMG3GS6,BMG3GS6
ISIN,KR7402340004,KR7402340004,KR7402340004,KR7402340004,KR7402340004,KR7402340004,KR7402340004,KR7402340004,KR7402340004,KR7402340004,KR7402340004,KR7402340004
CODON,SOUTH KOREA,SOUTH KOREA,SOUTH KOREA,SOUTH KOREA,SOUTH KOREA,SOUTH KOREA,SOUTH KOREA,SOUTH KOREA,SOUTH KOREA,SOUTH KOREA,SOUTH KOREA,SOUTH KOREA
ISOCUR,KRW,KRW,KRW,KRW,KRW,KRW,KRW,KRW,KRW,KRW,KRW,KRW
2021-11-29 00:00:00+00:00,100.0,100.0,0.0,10751530.0,,,,,76000.0,75900.0,73900.0,85000.0
2021-11-30 00:00:00+00:00,89.5,89.47,0.0,9619793.0,,,,,68100.0,68000.0,68000.0,80500.0
2021-12-01 00:00:00+00:00,82.5,82.5,0.0,8870015.0,,,,,62800.0,62700.0,61900.0,69400.0
2021-12-02 00:00:00+00:00,90.4,90.39,0.0,9718821.0,,,,,68800.0,68700.0,61500.0,72100.0
2021-12-03 00:00:00+00:00,86.8,86.84,0.0,9336858.0,,,,,66000.0,65900.0,65500.0,70200.0
2021-12-06 00:00:00+00:00,86.8,86.84,0.0,9336858.0,,,,,66100.0,66000.0,63700.0,69300.0
2021-12-07 00:00:00+00:00,86.3,86.32,0.0,9280271.0,,,,,65700.0,65600.0,65500.0,68200.0
2021-12-08 00:00:00+00:00,85.0,85.0,0.0,9138803.0,,,,,64700.0,64600.0,64600.0,67800.0
2021-12-09 00:00:00+00:00,85.7,85.66,0.0,9209538.0,,,,,65100.0,65000.0,62800.0,65100.0
2021-12-10 00:00:00+00:00,83.3,83.29,0.0,8954896.0,,,,,63400.0,63300.0,63200.0,64900.0
2021-12-13 00:00:00+00:00,82.9,82.89,0.0,8912456.0,,,,,63100.0,63000.0,63000.0,64400.0
2021-12-14 00:00:00+00:00,79.7,79.74,0.0,8572933.0,,,,,60700.0,60600.0,60600.0,62800.0
2021-12-15 00:00:00+00:00,76.6,76.58,0.0,8233411.0,,,,,58300.0,58200.0,58000.0,60900.0
2021-12-16 00:00:00+00:00,74.2,74.21,0.0,7978770.0,,,,,56500.0,56400.0,56100.0,59400.0
2021-12-17 00:00:00+00:00,75.0,75.0,0.0,8063650.0,,,,,57100.0,57000.0,54700.0,59300.0
2021-12-20 00:00:00+00:00,76.8,76.84,0.0,8261705.0,,,,,58500.0,58400.0,55900.0,60100.0
2021-12-21 00:00:00+00:00,80.1,80.13,0.0,8615374.0,,,,,60900.0,60800.0,58200.0,61600.0
2021-12-22 00:00:00+00:00,86.4,86.45,0.0,9294418.0,,,,,65700.0,65600.0,61200.0,65900.0
2021-12-23 00:00:00+00:00,85.4,85.39,0.0,9181244.0,,,,,64900.0,64800.0,63700.0,65700.0
2021-12-24 00:00:00+00:00,86.6,86.58,0.0,9308565.0,,,,,65800.0,65700.0,65100.0,67200.0
2021-12-27 00:00:00+00:00,85.8,85.79,0.0,9223684.0,,,,,65200.0,65100.0,64000.0,66600.0
2021-12-28 00:00:00+00:00,85.3,85.26,0.0,9167097.0,,,,,64800.0,64700.0,63900.0,65400.0
2021-12-29 00:00:00+00:00,84.9,84.87,0.0,9124657.0,,,,,64600.0,64500.0,64500.0,65800.0
2021-12-30 00:00:00+00:00,87.4,87.37,0.0,9393445.0,,,,,66500.0,66400.0,64800.0,68500.0
2021-12-31 00:00:00+00:00,87.4,87.37,0.0,9393445.0,,,,,,,,
2022-01-03 00:00:00+00:00,87.5,87.5,0.0,9407592.0,,,,,66600.0,66500.0,65200.0,67300.0
2022-01-04 00:00:00+00:00,92.1,92.11,0.0,9902728.0,,,,,70000.0,69900.0,65900.0,70300.0
2022-01-05 00:00:00+00:00,88.9,88.95,0.0,9563206.0,,,,,67600.0,67500.0,67400.0,70500.0
2022-01-06 00:00:00+00:00,81.2,81.18,0.0,8728547.0,,,,,61700.0,61600.0,61300.0,66300.0
2022-01-07 00:00:00+00:00,80.3,80.26,0.0,8629520.0,,,,,61100.0,61000.0,59700.0,62600.0
2022-01-10 00:00:00+00:00,75.7,75.66,0.0,8134384.0,,,,,57600.0,57500.0,57400.0,60800.0
2022-01-11 00:00:00+00:00,75.3,75.26,0.0,8091944.0,,,,,57300.0,57200.0,56700.0,59500.0
2022-01-12 00:00:00+00:00,78.2,78.16,0.0,8403172.0,,,,,59400.0,59300.0,57800.0,60900.0
2022-01-13 00:00:00+00:00,76.3,76.32,0.0,8205118.0,,,,,58100.0,58000.0,57800.0,59700.0
2022-01-14 00:00:00+00:00,77.6,77.63,0.0,8346585.0,,,,,59000.0,58900.0,57000.0,59800.0
2022-01-17 00:00:00+00:00,78.0,78.03,0.0,8389026.0,,,,,59400.0,59300.0,58200.0,59700.0
2022-01-18 00:00:00+00:00,82.8,82.76,0.0,8898308.0,,,,,63000.0,62900.0,59800.0,63900.0
2022-01-19 00:00:00+00:00,82.0,81.97,0.0,8813428.0,,,,,62300.0,62200.0,61000.0,63700.0
2022-01-20 00:00:00+00:00,82.2,82.24,0.0,8841721.0,,,12237.17,5.14,62600.0,62500.0,61500.0,63500.0
2022-01-21 00:00:00+00:00,80.0,80.0,0.0,8601227.0,,,12237.17,5.14,60800.0,60700.0,59900.0,62800.0
2022-01-24 00:00:00+00:00,77.9,77.89,0.0,8374879.0,,,12237.17,5.14,59300.0,59200.0,59100.0,60700.0
2022-01-25 00:00:00+00:00,74.6,74.61,0.0,8021210.0,,,12237.17,5.14,56800.0,56700.0,56600.0,59700.0
2022-01-26 00:00:00+00:00,75.3,75.26,0.0,8091944.0,,,12237.17,5.14,57200.0,57100.0,56700.0,58500.0
2022-01-27 00:00:00+00:00,72.1,72.11,0.0,7752421.0,,,12237.17,5.14,54900.0,54800.0,54800.0,57700.0
2022-01-28 00:00:00+00:00,72.4,72.37,0.0,7780715.0,,,12237.17,5.14,55000.0,54900.0,51500.0,55300.0
2022-01-31 00:00:00+00:00,72.4,72.37,0.0,7780715.0,,,12237.17,5.14,,,,
2022-02-01 00:00:00+00:00,72.4,72.37,0.0,7780715.0,,,12237.17,5.14,,,,
2022-02-02 00:00:00+00:00,72.4,72.37,0.0,7780715.0,,,12237.17,5.14,,,,
2022-02-03 00:00:00+00:00,73.9,73.95,0.0,7950476.0,,,12237.17,5.14,56200.0,56100.0,55600.0,57000.0
2022-02-04 00:00:00+00:00,74.9,74.87,0.0,8049503.0,,,12237.17,5.14,57000.0,56900.0,55300.0,57800.0
2022-02-07 00:00:00+00:00,76.6,76.58,0.0,8233411.0,,,12237.17,5.14,58200.0,58100.0,55500.0,59000.0
2022-02-08 00:00:00+00:00,77.1,77.11,0.0,8289998.0,,,12237.17,5.14,58700.0,58600.0,57400.0,59700.0
2022-02-09 00:00:00+00:00,78.7,78.68,0.0,8459759.0,,,12237.17,5.14,59800.0,59700.0,58600.0,60300.0
2022-02-10 00:00:00+00:00,75.1,75.13,0.0,8077797.0,,,12237.17,5.14,57200.0,57100.0,57100.0,60600.0
2022-02-11 00:00:00+00:00,74.7,74.74,0.0,8035357.0,,,12237.17,5.14,56800.0,56700.0,56000.0,57800.0
2022-02-14 00:00:00+00:00,71.8,71.84,0.0,7724128.0,,,12237.17,5.14,54600.0,54500.0,54400.0,56300.0
2022-02-15 00:00:00+00:00,68.0,68.03,0.0,7313872.0,,,12237.17,5.14,51800.0,51700.0,51600.0,55100.0
2022-02-16 00:00:00+00:00,72.0,71.97,0.0,7738275.0,,,12237.17,5.14,54800.0,54700.0,52800.0,54800.0
2022-02-17 00:00:00+00:00,71.3,71.32,0.0,7667541.0,,,12648.33,4.09,54200.0,54100.0,53200.0,55400.0
2022-02-18 00:00:00+00:00,71.3,71.32,0.0,7667541.0,,,12648.33,4.09,54300.0,54200.0,52900.0,54600.0
2022-02-21 00:00:00+00:00,73.4,73.42,0.0,7893889.0,,,12648.33,4.09,55900.0,55800.0,52900.0,56100.0
2022-02-22 00:00:00+00:00,72.5,72.5,0.0,7794862.0,,,12648.33,4.09,55100.0,55000.0,54400.0,56200.0
2022-02-23 00:00:00+00:00,75.9,75.92,0.0,8162677.0,,,12648.33,4.09,57700.0,57600.0,55900.0,58200.0
2022-02-24 00:00:00+00:00,72.8,72.76,0.0,7823155.0,,,12648.33,4.09,55300.0,55200.0,54500.0,57600.0
2022-02-25 00:00:00+00:00,75.4,75.39,0.0,8106090.0,,,12648.33,4.09,57300.0,57200.0,55500.0,57700.0
2022-02-28 00:00:00+00:00,73.4,73.42,0.0,7893889.0,,,12648.33,4.09,55800.0,55700.0,55200.0,57300.0
2022-03-01 00:00:00+00:00,73.4,73.42,0.0,7893889.0,,,12648.33,4.09,,,,
2022-03-02 00:00:00+00:00,71.2,71.18,0.0,7653394.0,,,12648.33,4.09,54100.0,54000.0,54000.0,55700.0
2022-03-03 00:00:00+00:00,72.5,72.5,0.0,7794862.0,,,12648.33,4.09,55100.0,55000.0,54100.0,55100.0
2022-03-04 00:00:00+00:00,69.7,69.74,0.0,7497780.0,,,12648.33,4.09,53100.0,53000.0,53000.0,54700.0
2022-03-07 00:00:00+00:00,66.7,66.71,0.0,7172404.0,,,12648.33,4.09,50700.0,50600.0,50300.0,52200.0
2022-03-08 00:00:00+00:00,64.8,64.8,0.0,6967276.0,,,12648.33,4.09,49300.0,49250.0,49050.0,50700.0
2022-03-09 00:00:00+00:00,64.8,64.8,0.0,6967276.0,,,12648.33,4.09,,,,
2022-03-10 00:00:00+00:00,68.3,68.29,0.0,7342165.0,,,12648.33,4.09,51900.0,51800.0,50800.0,52200.0
2022-03-11 00:00:00+00:00,67.6,67.63,0.0,7271432.0,,,12648.33,4.09,51400.0,51300.0,51000.0,52900.0
2022-03-14 00:00:00+00:00,68.7,68.68,0.0,7384606.0,,,12648.33,4.09,52200.0,52100.0,51400.0,52400.0
2022-03-15 00:00:00+00:00,67.5,67.5,0.0,7257285.0,,,12648.33,4.09,51300.0,51200.0,51100.0,52100.0
2022-03-16 00:00:00+00:00,67.5,67.5,0.0,7257285.0,,,12648.33,4.09,51400.0,51300.0,50500.0,52200.0
2022-03-17 00:00:00+00:00,69.2,69.21,0.0,7441193.0,,,15260.0,3.36,52600.0,52500.0,52200.0,53500.0
2022-03-18 00:00:00+00:00,70.4,70.39,0.0,7568514.0,,,15260.0,3.36,53600.0,53500.0,52500.0,53500.0
2022-03-21 00:00:00+00:00,70.4,70.39,0.0,7568514.0,,,15260.0,3.36,53600.0,53500.0,53200.0,53900.0
2022-03-22 00:00:00+00:00,70.7,70.66,0.0,7596807.0,,,15260.0,3.36,53800.0,53700.0,53200.0,53900.0
2022-03-23 00:00:00+00:00,73.3,73.29,0.0,7879742.0,,,15260.0,3.36,55700.0,55600.0,53600.0,55700.0
2022-03-24 00:00:00+00:00,73.2,73.16,0.0,7865595.0,,,15260.0,3.36,55700.0,55600.0,55100.0,56700.0
2022-03-25 00:00:00+00:00,72.5,72.5,0.0,7794862.0,,,15260.0,3.36,55200.0,55100.0,55000.0,56100.0
2022-03-28 00:00:00+00:00,74.6,74.61,0.0,8021210.0,,,15260.0,3.36,56800.0,56700.0,55300.0,57800.0
2022-03-29 00:00:00+00:00,75.7,75.66,0.0,8134384.0,,,15260.0,3.36,57600.0,57500.0,57000.0,59200.0
2022-03-30 00:00:00+00:00,73.9,73.95,0.0,7950476.0,,,15260.0,3.36,56300.0,56200.0,56100.0,58300.0
2022-03-31 00:00:00+00:00,74.7,74.74,0.0,8035357.0,,,15260.0,3.36,56900.0,56800.0,56200.0,57300.0
2022-04-01 00:00:00+00:00,74.1,74.08,0.0,7964623.0,,,15260.0,3.36,56300.0,56200.0,55600.0,56900.0
2022-04-04 00:00:00+00:00,73.9,73.95,0.0,7950476.0,,,15260.0,3.36,56200.0,56100.0,55700.0,56400.0
2022-04-05 00:00:00+00:00,74.3,74.34,0.0,7992916.0,,,15260.0,3.36,56500.0,56400.0,55700.0,57200.0
2022-04-06 00:00:00+00:00,74.6,74.61,0.0,8021210.0,,,15260.0,3.36,56700.0,56600.0,56000.0,58000.0
2022-04-07 00:00:00+00:00,72.9,72.89,0.0,7837302.0,,,15260.0,3.36,55500.0,55400.0,55100.0,56600.0
2022-04-08 00:00:00+00:00,73.9,73.95,0.0,7950476.0,,,15260.0,3.36,56200.0,56100.0,55000.0,56200.0
2022-04-11 00:00:00+00:00,73.8,73.82,0.0,7936329.0,,,15260.0,3.36,56100.0,56000.0,55500.0,56700.0
2022-04-12 00:00:00+00:00,72.9,72.89,0.0,7837302.0,,,15260.0,3.36,55500.0,55400.0,55300.0,56000.0
2022-04-13 00:00:00+00:00,75.0,75.0,0.0,8063650.0,,,15260.0,3.36,57000.0,56900.0,55600.0,57200.0
2022-04-14 00:00:00+00:00,75.7,75.66,0.0,8134384.0,,,15940.33,3.48,57500.0,57400.0,57000.0,58200.0
2022-04-15 00:00:00+00:00,75.1,75.13,0.0,8077797.0,,,15940.33,3.48,57100.0,57000.0,55200.0,57300.0
2022-04-18 00:00:00+00:00,73.3,73.29,0.0,7879742.0,,,15940.33,3.48,55800.0,55700.0,55700.0,56800.0
2022-04-19 00:00:00+00:00,74.3,74.34,0.0,7992916.0,,,15940.33,3.48,56500.0,56400.0,55900.0,56900.0
2022-04-20 00:00:00+00:00,74.6,74.61,0.0,8021210.0,,,15940.33,3.48,56700.0,56600.0,56000.0,56900.0
2022-04-21 00:00:00+00:00,74.1,74.08,0.0,7964623.0,,,15940.33,3.48,56300.0,56200.0,56100.0,56800.0
2022-04-22 00:00:00+00:00,72.9,72.89,0.0,7837302.0,,,15940.33,3.48,55500.0,55400.0,54700.0,55700.0
2022-04-25 00:00:00+00:00,71.7,71.71,0.0,7709981.0,,,15940.33,3.48,54500.0,54400.0,53900.0,55300.0
2022-04-26 00:00:00+00:00,71.6,71.58,0.0,7695834.0,,,15940.33,3.48,54500.0,54400.0,54200.0,55200.0
2022-04-27 00:00:00+00:00,69.5,69.47,0.0,7469486.0,,,15940.33,3.48,52900.0,52800.0,52500.0,53500.0
2022-04-28 00:00:00+00:00,69.2,69.21,0.0,7441193.0,,,15940.33,3.48,52700.0,52600.0,52200.0,53700.0
2022-04-29 00:00:00+00:00,69.3,69.34,0.0,7455339.0,,,15940.33,3.48,52700.0,52600.0,52400.0,53300.0
2022-05-02 00:00:00+00:00,67.6,67.63,0.0,7271432.0,,,15940.33,3.48,51500.0,51400.0,51200.0,52600.0
2022-05-03 00:00:00+00:00,67.6,67.63,0.0,7271432.0,,,15940.33,3.48,51500.0,51400.0,51200.0,52200.0
2022-05-04 00:00:00+00:00,66.4,66.45,0.0,7144111.0,,,15940.33,3.48,50500.0,50400.0,50200.0,51700.0
2022-05-05 00:00:00+00:00,66.4,66.45,0.0,7144111.0,,,15940.33,3.48,,,,
2022-05-06 00:00:00+00:00,63.7,63.68,0.0,6847029.0,,,15940.33,3.48,48450.0,48400.0,48000.0,49600.0
2022-05-09 00:00:00+00:00,60.3,60.33,0.0,6486287.0,,,15940.33,3.48,45900.0,45850.0,45750.0,47700.0
2022-05-10 00:00:00+00:00,60.8,60.79,0.0,6535801.0,,,15940.33,3.48,46200.0,46150.0,43950.0,46250.0
2022-05-11 00:00:00+00:00,58.8,58.82,0.0,6323599.0,,,15940.33,3.48,44800.0,44700.0,44150.0,45700.0
2022-05-12 00:00:00+00:00,56.7,56.71,0.0,6097251.0,,,15940.33,3.48,43100.0,43050.0,42800.0,44250.0
2022-05-13 00:00:00+00:00,58.4,58.42,0.0,6281159.0,,,15940.33,3.48,44400.0,44350.0,43450.0,44650.0
2022-05-16 00:00:00+00:00,58.7,58.68,0.0,6309452.0,,,15940.33,3.48,44600.0,44550.0,44000.0,45200.0
2022-05-17 00:00:00+00:00,58.8,58.75,0.0,6316526.0,,,15940.33,3.48,44650.0,44600.0,44250.0,45300.0
2022-05-18 00:00:00+00:00,59.2,59.21,0.0,6366039.0,,,15940.33,3.48,45000.0,44950.0,44000.0,45100.0
2022-05-19 00:00:00+00:00,58.8,58.82,0.0,6323599.0,,,13639.67,3.27,44700.0,44650.0,43800.0,44900.0
2022-05-20 00:00:00+00:00,61.0,60.99,0.0,6557020.0,,,13639.67,3.27,46400.0,46350.0,44950.0,47250.0
2022-05-23 00:00:00+00:00,61.8,61.78,0.0,6641901.0,,,13639.67,3.27,47000.0,46950.0,46100.0,46950.0
2022-05-24 00:00:00+00:00,59.9,59.87,0.0,6436773.0,,,13639.67,3.27,45550.0,45500.0,45450.0,46950.0
2022-05-25 00:00:00+00:00,60.5,60.46,0.0,6500433.0,,,13639.67,3.27,45950.0,45900.0,45200.0,46250.0
2022-05-26 00:00:00+00:00,59.9,59.87,0.0,6436773.0,,,13639.67,3.27,45550.0,45500.0,45100.0,46500.0
2022-05-27 00:00:00+00:00,60.5,60.53,0.0,6507507.0,,,13639.67,3.27,46000.0,45950.0,45850.0,46700.0
2022-05-30 00:00:00+00:00,62.0,61.97,0.0,6663121.0,,,13639.67,3.27,47150.0,47100.0,46400.0,47300.0
2022-05-31 00:00:00+00:00,62.2,62.24,0.0,6691414.0,,,13639.67,3.27,47300.0,47250.0,46700.0,47650.0
2022-06-01 00:00:00+00:00,62.2,62.24,0.0,6691414.0,,,13639.67,3.27,,,,
2022-06-02 00:00:00+00:00,60.7,60.72,0.0,6528727.0,,,13639.67,3.27,46150.0,46100.0,46000.0,47250.0
2022-06-03 00:00:00+00:00,61.8,61.78,0.0,6641901.0,,,13639.67,3.27,46950.0,46900.0,46700.0,47600.0
2022-06-06 00:00:00+00:00,61.8,61.78,0.0,6641901.0,,,13639.67,3.27,,,,
2022-06-07 00:00:00+00:00,59.5,59.54,0.0,6401407.0,,,13639.67,3.27,45300.0,45250.0,45250.0,46500.0
2022-06-08 00:00:00+00:00,60.3,60.33,0.0,6486287.0,,,13639.67,3.27,45900.0,45850.0,45400.0,46000.0
2022-06-09 00:00:00+00:00,61.2,61.18,0.0,6578241.0,,,13639.67,3.27,46500.0,46450.0,45350.0,46500.0
2022-06-10 00:00:00+00:00,60.0,60.0,0.0,6450920.0,,,13639.67,3.27,45650.0,45600.0,45600.0,46450.0
2022-06-13 00:00:00+00:00,56.6,56.58,0.0,6083104.0,,,13639.67,3.27,43050.0,43000.0,43000.0,44500.0
2022-06-14 00:00:00+00:00,56.4,56.45,0.0,6068958.0,,,13639.67,3.27,42950.0,42900.0,41500.0,43250.0
2022-06-15 00:00:00+00:00,55.1,55.07,0.0,5920417.0,,,13639.67,3.27,41900.0,41850.0,41600.0,43150.0
2022-06-16 00:00:00+00:00,55.7,55.66,0.0,5984077.0,,,13927.0,3.08,42300.0,42250.0,42050.0,43250.0
2022-06-17 00:00:00+00:00,56.6,56.64,0.0,6090177.0,,,13927.0,3.08,43050.0,43000.0,41250.0,43150.0
2022-06-20 00:00:00+00:00,55.0,55.0,0.0,5913343.0,,,13927.0,3.08,41800.0,41750.0,41350.0,43400.0
2022-06-21 00:00:00+00:00,54.6,54.61,0.0,5870903.0,,,13927.0,3.08,41550.0,41500.0,41250.0,42150.0
2022-06-22 00:00:00+00:00,53.4,53.42,0.0,5743582.0,,,13927.0,3.08,40600.0,40550.0,40500.0,41950.0
2022-06-23 00:00:00+00:00,51.3,51.32,0.0,5517234.0,,,13927.0,3.08,39050.0,39000.0,39000.0,40950.0
2022-06-24 00:00:00+00:00,53.9,53.88,0.0,5793096.0,,,13927.0,3.08,41000.0,40950.0,38900.0,41400.0
2022-06-27 00:00:00+00:00,55.2,55.2,0.0,5934563.0,,,13927.0,3.08,41950.0,41900.0,40600.0,42250.0
2022-06-28 00:00:00+00:00,54.5,54.47,0.0,5856756.0,,,13927.0,3.08,41400.0,41350.0,40800.0,42100.0
2022-06-29 00:00:00+00:00,53.6,53.62,0.0,5764802.0,,,13927.0,3.08,40800.0,40750.0,39850.0,41100.0
2022-06-30 00:00:00+00:00,51.4,51.38,0.0,5524307.0,,,13927.0,3.08,39100.0,39050.0,39050.0,40450.0
2022-07-01 00:00:00+00:00,51.3,51.25,0.0,5510161.0,,,13927.0,3.08,38950.0,38900.0,38700.0,40100.0
2022-07-04 00:00:00+00:00,50.3,50.26,0.0,5404060.0,,,13927.0,3.08,38200.0,38150.0,37750.0,39100.0
2022-07-05 00:00:00+00:00,52.0,52.04,0.0,5595041.0,,,13927.0,3.08,39550.0,39500.0,38050.0,39550.0
2022-07-06 00:00:00+00:00,50.1,50.13,0.0,5389913.0,,,13927.0,3.08,38150.0,38100.0,38050.0,39250.0
2022-07-07 00:00:00+00:00,52.1,52.11,0.0,5602114.0,,,13927.0,3.08,39650.0,39600.0,38500.0,40000.0
2022-07-08 00:00:00+00:00,52.4,52.37,0.0,5630408.0,,,13927.0,3.08,39800.0,39750.0,39500.0,40650.0
2022-07-11 00:00:00+00:00,52.4,52.37,0.0,5630408.0,,,13927.0,3.08,39800.0,39750.0,39250.0,40150.0
2022-07-12 00:00:00+00:00,52.0,51.97,0.0,5587968.0,,,13927.0,3.08,39500.0,39450.0,39100.0,39950.0
2022-07-13 00:00:00+00:00,53.4,53.42,0.0,5743582.0,,,13927.0,3.08,40600.0,40550.0,39700.0,41150.0
2022-07-14 00:00:00+00:00,52.4,52.37,0.0,5630408.0,,,13992.83,2.82,39900.0,39800.0,39800.0,40500.0
2022-07-15 00:00:00+00:00,53.1,53.09,0.0,5708215.0,,,13992.83,2.82,40350.0,40300.0,39050.0,40550.0
2022-07-18 00:00:00+00:00,53.9,53.88,0.0,5793096.0,,,13992.83,2.82,41000.0,40950.0,40600.0,41450.0
2022-07-19 00:00:00+00:00,53.2,53.16,0.0,5715289.0,,,13992.83,2.82,40400.0,40350.0,40200.0,40900.0
2022-07-20 00:00:00+00:00,54.6,54.61,0.0,5870903.0,,,13992.83,2.82,41500.0,41450.0,40800.0,41950.0
2022-07-21 00:00:00+00:00,54.9,54.93,0.0,5906270.0,,,13992.83,2.82,41800.0,41750.0,41400.0,42000.0
2022-07-22 00:00:00+00:00,54.1,54.14,0.0,5821389.0,,,13992.83,2.82,41150.0,41100.0,41000.0,41950.0
2022-07-25 00:00:00+00:00,54.7,54.74,0.0,5885050.0,,,13992.83,2.82,41600.0,41550.0,41000.0,41850.0
2022-07-26 00:00:00+00:00,54.7,54.74,0.0,5885050.0,,,13992.83,2.82,41600.0,41550.0,41150.0,41600.0
2022-07-27 00:00:00+00:00,55.9,55.92,0.0,6012370.0,,,13992.83,2.82,42550.0,42500.0,41350.0,43150.0
2022-07-28 00:00:00+00:00,56.2,56.18,0.0,6040664.0,,,13992.83,2.82,42700.0,42650.0,42350.0,43450.0
2022-07-29 00:00:00+00:00,56.3,56.25,0.0,6047738.0,,,13992.83,2.82,42800.0,42750.0,42550.0,43500.0
2022-08-01 00:00:00+00:00,55.9,55.86,0.0,6005297.0,,,13992.83,2.82,42550.0,42450.0,42000.0,42950.0
2022-08-02 00:00:00+00:00,54.2,54.21,0.0,5828463.0,,,13992.83,2.82,41250.0,41200.0,41200.0,42450.0
2022-08-03 00:00:00+00:00,55.0,55.0,0.0,5913343.0,,,13992.83,2.82,41800.0,41750.0,40900.0,41800.0
2022-08-04 00:00:00+00:00,55.3,55.26,0.0,5941637.0,,,13992.83,2.82,42150.0,42000.0,41900.0,42650.0
2022-08-05 00:00:00+00:00,56.1,56.12,0.0,6033590.0,,,13992.83,2.82,42700.0,42650.0,42000.0,42950.0
2022-08-08 00:00:00+00:00,56.6,56.58,0.0,6083104.0,,,13992.83,2.82,43000.0,42950.0,42050.0,43150.0
2022-08-09 00:00:00+00:00,55.5,55.53,0.0,5969930.0,,,13992.83,2.82,42250.0,42200.0,42050.0,43050.0
2022-08-10 00:00:00+00:00,55.7,55.66,0.0,5984077.0,,,13992.83,2.82,42350.0,42300.0,42100.0,43000.0
2022-08-11 00:00:00+00:00,57.6,57.57,0.0,6189205.0,,,13992.83,2.82,43750.0,43700.0,42800.0,43950.0
2022-08-12 00:00:00+00:00,56.9,56.91,0.0,6118471.0,,,13992.83,2.82,43250.0,43200.0,43150.0,43950.0
2022-08-15 00:00:00+00:00,56.9,56.91,0.0,6118471.0,,,13992.83,2.82,,,,
2022-08-16 00:00:00+00:00,57.5,57.5,0.0,6182132.0,,,13992.83,2.82,43700.0,43600.0,43200.0,43800.0
2022-08-17 00:00:00+00:00,57.6,57.57,0.0,6189205.0,,,13992.83,2.82,43750.0,43700.0,43350.0,44750.0
2022-08-18 00:00:00+00:00,57.4,57.37,0.0,6167985.0,,,13948.0,3.13,43650.0,43600.0,42650.0,43850.0
2022-08-19 00:00:00+00:00,56.5,56.51,0.0,6076031.0,,,13948.0,3.13,43000.0,42950.0,42950.0,43600.0
2022-08-22 00:00:00+00:00,54.2,54.21,0.0,5828463.0,,,13948.0,3.13,41250.0,41200.0,41150.0,42550.0
2022-08-23 00:00:00+00:00,53.2,53.16,0.0,5715289.0,,,13948.0,3.13,40400.0,40350.0,40000.0,40950.0
2022-08-24 00:00:00+00:00,53.3,53.29,0.0,5729435.0,,,13948.0,3.13,40550.0,40500.0,40200.0,40700.0
2022-08-25 00:00:00+00:00,53.9,53.95,0.0,5800169.0,,,13948.0,3.13,41000.0,40950.0,40650.0,41550.0
2022-08-26 00:00:00+00:00,54.1,54.08,0.0,5814316.0,,,13948.0,3.13,41100.0,41000.0,40800.0,41350.0
2022-08-29 00:00:00+00:00,52.1,52.11,0.0,5602114.0,,,13948.0,3.13,39750.0,39600.0,39250.0,39850.0
2022-08-30 00:00:00+00:00,52.3,52.3,0.0,5623335.0,,,13948.0,3.13,39800.0,39750.0,39400.0,39950.0
2022-08-31 00:00:00+00:00,53.3,53.29,0.0,5729435.0,,,13948.0,3.13,40500.0,40450.0,39150.0,40750.0
2022-09-01 00:00:00+00:00,51.8,51.84,0.0,5573821.0,,,13948.0,3.13,39450.0,39400.0,39400.0,40400.0
2022-09-02 00:00:00+00:00,51.4,51.38,0.0,5524307.0,,,13948.0,3.13,39050.0,39000.0,38750.0,39750.0
2022-09-05 00:00:00+00:00,51.4,51.38,0.0,5524307.0,,,13948.0,3.13,39100.0,39050.0,38750.0,39350.0
2022-09-06 00:00:00+00:00,52.9,52.89,0.0,5686995.0,,,13948.0,3.13,40200.0,40150.0,39050.0,40200.0
2022-09-07 00:00:00+00:00,52.4,52.43,0.0,5637482.0,,,13948.0,3.13,39850.0,39800.0,39200.0,40500.0
2022-09-08 00:00:00+00:00,55.4,55.39,0.0,5955783.0,,,13948.0,3.13,42100.0,42050.0,39550.0,45850.0
2022-09-09 00:00:00+00:00,55.4,55.39,0.0,5955783.0,,,13948.0,3.13,,,,
2022-09-12 00:00:00+00:00,55.4,55.39,0.0,5955783.0,,,13948.0,3.13,,,,
2022-09-13 00:00:00+00:00,57.1,57.11,0.0,6139691.0,,,13948.0,3.13,43450.0,43400.0,42600.0,43650.0
2022-09-14 00:00:00+00:00,56.1,56.12,0.0,6033590.0,,,13948.0,3.13,42750.0,42650.0,41750.0,43350.0
2022-09-15 00:00:00+00:00,56.1,56.05,0.0,6026517.0,,,13417.5,3.23,42600.0,42550.0,41900.0,43200.0
2022-09-16 00:00:00+00:00,54.9,54.93,0.0,5906270.0,,,13417.5,3.23,41800.0,41750.0,41600.0,42200.0
2022-09-19 00:00:00+00:00,53.7,53.68,0.0,5771876.0,,,13417.5,3.23,40850.0,40800.0,40800.0,42100.0
2022-09-20 00:00:00+00:00,52.9,52.89,0.0,5686995.0,,,13417.5,3.23,40250.0,40200.0,40000.0,41750.0
2022-09-21 00:00:00+00:00,52.1,52.11,0.0,5602114.0,,,13417.5,3.23,39650.0,39600.0,39600.0,40050.0
2022-09-22 00:00:00+00:00,51.9,51.91,0.0,5580895.0,,,13417.5,3.23,39450.0,39400.0,38200.0,39500.0
2022-09-23 00:00:00+00:00,51.3,51.32,0.0,5517234.0,,,13417.5,3.23,39100.0,39000.0,38850.0,39800.0
2022-09-26 00:00:00+00:00,48.7,48.68,0.0,5234299.0,,,13417.5,3.23,37000.0,36950.0,36800.0,38750.0
2022-09-27 00:00:00+00:00,47.6,47.57,0.0,5114051.0,,,13417.5,3.23,36200.0,36150.0,35450.0,37200.0
2022-09-28 00:00:00+00:00,47.8,47.83,0.0,5142345.0,,,13417.5,3.23,36350.0,36300.0,35250.0,36850.0
2022-09-29 00:00:00+00:00,47.0,47.04,0.0,5057464.0,,,13417.5,3.23,35750.0,35700.0,35400.0,37350.0
2022-09-30 00:00:00+00:00,47.6,47.57,0.0,5114051.0,,,13417.5,3.23,36150.0,36100.0,34800.0,36650.0
2022-10-03 00:00:00+00:00,47.6,47.57,0.0,5114051.0,,,13417.5,3.23,,,,
2022-10-04 00:00:00+00:00,50.1,50.13,0.0,5389913.0,,,13417.5,3.23,38100.0,38000.0,36300.0,38250.0
2022-10-05 00:00:00+00:00,51.1,51.12,0.0,5496014.0,,,13417.5,3.23,38850.0,38800.0,38050.0,39100.0
2022-10-06 00:00:00+00:00,51.3,51.25,0.0,5510161.0,,,13417.5,3.23,38950.0,38900.0,38600.0,39100.0
2022-10-07 00:00:00+00:00,51.2,51.18,0.0,5503088.0,,,13417.5,3.23,38900.0,38850.0,38100.0,39200.0
2022-10-10 00:00:00+00:00,51.2,51.18,0.0,5503088.0,,,13417.5,3.23,,,,
2022-10-11 00:00:00+00:00,49.3,49.34,0.0,5305033.0,,,13417.5,3.23,37500.0,37450.0,37100.0,38650.0
2022-10-12 00:00:00+00:00,50.2,50.2,0.0,5396987.0,,,13417.5,3.23,38150.0,38100.0,36550.0,38650.0
2022-10-13 00:00:00+00:00,50.1,50.13,0.0,5389913.0,,,13417.5,3.23,38100.0,38050.0,37650.0,38700.0
2022-10-14 00:00:00+00:00,50.5,50.53,0.0,5432353.0,,,13417.5,3.23,38400.0,38350.0,38150.0,39000.0
2022-10-17 00:00:00+00:00,51.8,51.84,0.0,5573821.0,,,13417.5,3.23,39400.0,39250.0,37550.0,39400.0
2022-10-18 00:00:00+00:00,51.8,51.84,0.0,5573821.0,,,13417.5,3.23,39400.0,39350.0,38900.0,40100.0
2022-10-19 00:00:00+00:00,51.0,50.99,0.0,5481867.0,,,13417.5,3.23,38800.0,38750.0,38550.0,39750.0
2022-10-20 00:00:00+00:00,50.3,50.26,0.0,5404060.0,,,13221.83,2.98,38300.0,38200.0,37750.0,39000.0
2022-10-21 00:00:00+00:00,49.9,49.93,0.0,5368693.0,,,13221.83,2.98,37950.0,37900.0,37800.0,38500.0
2022-10-24 00:00:00+00:00,50.8,50.79,0.0,5460647.0,,,13221.83,2.98,38650.0,38600.0,38050.0,39150.0
2022-10-25 00:00:00+00:00,50.0,50.0,0.0,5375766.0,,,13221.83,2.98,38000.0,37950.0,37950.0,38800.0
2022-10-26 00:00:00+00:00,51.3,51.32,0.0,5517234.0,,,13221.83,2.98,39050.0,39000.0,37550.0,39150.0
2022-10-27 00:00:00+00:00,51.3,51.32,0.0,5517234.0,,,13221.83,2.98,39050.0,39000.0,38800.0,39400.0
2022-10-28 00:00:00+00:00,48.4,48.36,0.0,5198932.0,,,13221.83,2.98,36800.0,36750.0,36650.0,39100.0
2022-10-31 00:00:00+00:00,48.6,48.62,0.0,5227226.0,,,13221.83,2.98,36950.0,36850.0,36400.0,37400.0
2022-11-01 00:00:00+00:00,48.4,48.36,0.0,5198932.0,,,13221.83,2.98,36750.0,36700.0,36200.0,36950.0
2022-11-02 00:00:00+00:00,48.9,48.95,0.0,5262593.0,,,13221.83,2.98,37250.0,37200.0,36050.0,37350.0
2022-11-03 00:00:00+00:00,48.5,48.49,0.0,5213079.0,,,13221.83,2.98,36900.0,36850.0,36200.0,38800.0
2022-11-04 00:00:00+00:00,48.2,48.16,0.0,5177712.0,,,13221.83,2.98,36650.0,36600.0,35700.0,36700.0
2022-11-07 00:00:00+00:00,50.1,50.13,0.0,5389913.0,,,13221.83,2.98,38100.0,38050.0,36750.0,38100.0
2022-11-08 00:00:00+00:00,50.7,50.72,0.0,5453574.0,,,13221.83,2.98,38550.0,38500.0,38000.0,39000.0
2022-11-09 00:00:00+00:00,51.4,51.45,0.0,5531381.0,,,13221.83,2.98,39100.0,39050.0,38400.0,39200.0
2022-11-10 00:00:00+00:00,51.4,51.45,0.0,5531381.0,,,13221.83,2.98,39100.0,39050.0,38600.0,39350.0
2022-11-11 00:00:00+00:00,53.7,53.68,0.0,5771876.0,,,13221.83,2.98,40800.0,40750.0,40000.0,40900.0
2022-11-14 00:00:00+00:00,53.3,53.29,0.0,5729435.0,,,13221.83,2.98,40500.0,40450.0,40400.0,41200.0
2022-11-15 00:00:00+00:00,52.7,52.7,0.0,5665775.0,,,13221.83,2.98,40100.0,40050.0,39600.0,40700.0
2022-11-16 00:00:00+00:00,53.2,53.22,0.0,5722362.0,,,13221.83,2.98,40450.0,40400.0,39450.0,40450.0
2022-11-17 00:00:00+00:00,51.6,51.58,0.0,5545527.0,,,8290.25,4.83,39200.0,39150.0,39150.0,40050.0
2022-11-18 00:00:00+00:00,50.7,50.66,0.0,5446501.0,,,8290.25,4.83,38550.0,38500.0,38500.0,39700.0
2022-11-21 00:00:00+00:00,49.0,49.01,0.0,5269666.0,,,8290.25,4.83,37250.0,37200.0,37000.0,38700.0
2022-11-22 00:00:00+00:00,48.2,48.22,0.0,5184785.0,,,8290.25,4.83,36650.0,36600.0,36400.0,37150.0
2022-11-23 00:00:00+00:00,49.3,49.28,0.0,5297959.0,,,8290.25,4.83,37450.0,37350.0,36850.0,37450.0
2022-11-24 00:00:00+00:00,49.3,49.28,0.0,5297959.0,,,8290.25,4.83,37500.0,37450.0,37150.0,37700.0
2022-11-25 00:00:00+00:00,48.8,48.82,0.0,5248445.0,,,8290.25,4.83,37100.0,37050.0,36950.0,37500.0
2022-11-28 00:00:00+00:00,48.0,47.96,0.0,5156492.0,,,8290.25,4.83,36450.0,36400.0,36100.0,36950.0
2022-11-29 00:00:00+00:00,48.2,48.22,0.0,5184785.0,,,8290.25,4.83,36700.0,36650.0,36000.0,36850.0
2022-11-30 00:00:00+00:00,49.3,49.28,0.0,5297959.0,,,8290.25,4.83,37450.0,37400.0,36200.0,37800.0
2022-12-01 00:00:00+00:00,49.3,49.34,0.0,5305033.0,,,8290.25,4.83,37550.0,37500.0,37400.0,38200.0
2022-12-02 00:00:00+00:00,48.6,48.55,0.0,5220152.0,,,8290.25,4.83,36950.0,36900.0,36900.0,37700.0
2022-12-05 00:00:00+00:00,47.8,47.76,0.0,5135271.0,,,8290.25,4.83,36350.0,36300.0,36250.0,37350.0
2022-12-06 00:00:00+00:00,46.9,46.91,0.0,5043318.0,,,8290.25,4.83,35750.0,35650.0,35650.0,36250.0
2022-12-07 00:00:00+00:00,46.3,46.32,0.0,4979657.0,,,8290.25,4.83,35200.0,35150.0,35150.0,35650.0
2022-12-08 00:00:00+00:00,46.8,46.84,0.0,5036244.0,,,8290.25,4.83,35650.0,35600.0,35050.0,35750.0
2022-12-09 00:00:00+00:00,47.2,47.24,0.0,5078684.0,,,8290.25,4.83,35950.0,35900.0,35400.0,36100.0
2022-12-12 00:00:00+00:00,47.5,47.5,0.0,5106978.0,,,8290.25,4.83,36100.0,36000.0,35350.0,36150.0
2022-12-13 00:00:00+00:00,47.1,47.11,0.0,5064538.0,,,8290.25,4.83,35800.0,35750.0,35600.0,36250.0
2022-12-14 00:00:00+00:00,47.2,47.24,0.0,5078684.0,,,8290.25,4.83,35950.0,35900.0,35800.0,36250.0
2022-12-15 00:00:00+00:00,46.4,46.45,0.0,4993804.0,,,4645.0,7.71,35350.0,35300.0,35300.0,35900.0
2022-12-16 00:00:00+00:00,46.2,46.18,0.0,4965511.0,,,4645.0,7.71,35100.0,35050.0,34650.0,35300.0
2022-12-19 00:00:00+00:00,46.4,46.45,0.0,4993804.0,,,4645.0,7.71,35350.0,35300.0,34950.0,35800.0
2022-12-20 00:00:00+00:00,45.7,45.72,0.0,4915997.0,,,4645.0,7.71,34750.0,34700.0,34600.0,35300.0
2022-12-21 00:00:00+00:00,45.7,45.72,0.0,4915997.0,,,4645.0,7.71,34750.0,34700.0,34500.0,35050.0
2022-12-22 00:00:00+00:00,47.2,47.24,0.0,5078684.0,,,4645.0,7.71,35900.0,35850.0,34800.0,35900.0
2022-12-23 00:00:00+00:00,45.9,45.92,0.0,4937217.0,,,4645.0,7.71,34950.0,34900.0,34850.0,35550.0
2022-12-26 00:00:00+00:00,45.6,45.59,0.0,4901850.0,,,4645.0,7.71,34650.0,34600.0,34450.0,35150.0
2022-12-27 00:00:00+00:00,46.5,46.51,0.0,5000877.0,,,4645.0,7.71,35350.0,35300.0,34800.0,35400.0
2022-12-28 00:00:00+00:00,45.4,45.39,0.0,4880630.0,,,4645.0,7.71,34550.0,34500.0,34400.0,34900.0
2022-12-29 00:00:00+00:00,44.1,44.14,0.0,4746236.0,,,4645.0,7.71,33550.0,33500.0,33300.0,34350.0
2022-12-30 00:00:00+00:00,44.1,44.14,0.0,4746236.0,,,4645.0,7.71,,,,
2023-01-02 00:00:00+00:00,43.3,43.29,0.0,4654282.0,,,4645.0,7.71,32950.0,32900.0,32850.0,33900.0
2023-01-03 00:00:00+00:00,42.1,42.11,0.0,4526961.0,,,4645.0,7.71,32050.0,32000.0,31100.0,33150.0
2023-01-04 00:00:00+00:00,44.0,44.01,0.0,4732089.0,,,4645.0,7.71,33450.0,33400.0,31600.0,33450.0
2023-01-05 00:00:00+00:00,43.9,43.95,0.0,4725016.0,,,4645.0,7.71,33500.0,33400.0,32900.0,33750.0
2023-01-06 00:00:00+00:00,44.8,44.8,0.0,4816970.0,,,4645.0,7.71,34050.0,34000.0,32850.0,34100.0
2023-01-09 00:00:00+00:00,45.8,45.79,0.0,4923070.0,,,4645.0,7.71,34800.0,34750.0,34050.0,34900.0
2023-01-10 00:00:00+00:00,46.3,46.25,0.0,4972584.0,,,4645.0,7.71,35150.0,35100.0,34700.0,35600.0
2023-01-11 00:00:00+00:00,46.8,46.84,0.0,5036244.0,,,4645.0,7.71,35600.0,35500.0,35100.0,35850.0
2023-01-12 00:00:00+00:00,47.3,47.3,0.0,5085758.0,,,4645.0,7.71,36000.0,35950.0,35350.0,36200.0
2023-01-13 00:00:00+00:00,47.2,47.17,0.0,5071611.0,,,4645.0,7.71,35850.0,35800.0,35650.0,36450.0
2023-01-16 00:00:00+00:00,47.0,46.97,0.0,5050391.0,,,4645.0,7.71,35800.0,35700.0,35450.0,36050.0
2023-01-17 00:00:00+00:00,46.8,46.84,0.0,5036244.0,,,4645.0,7.71,35650.0,35600.0,35600.0,36150.0
2023-01-18 00:00:00+00:00,46.7,46.71,0.0,5022097.0,,,4645.0,7.71,35550.0,35500.0,35100.0,35850.0
2023-01-19 00:00:00+00:00,46.4,46.45,0.0,4993804.0,,,3927.08,9.07,35350.0,35300.0,34900.0,35500.0
2023-01-20 00:00:00+00:00,46.4,46.38,0.0,4986731.0,,,3927.08,9.07,35300.0,35250.0,34750.0,35450.0
2023-01-23 00:00:00+00:00,46.4,46.38,0.0,4986731.0,,,3927.08,9.07,,,,
2023-01-24 00:00:00+00:00,46.4,46.38,0.0,4986731.0,,,3927.08,9.07,,,,
2023-01-25 00:00:00+00:00,48.4,48.36,0.0,5198932.0,,,3927.08,9.07,36750.0,36700.0,35650.0,36750.0
2023-01-26 00:00:00+00:00,49.2,49.21,0.0,5290886.0,,,3927.08,9.07,37400.0,37350.0,36550.0,37450.0
2023-01-27 00:00:00+00:00,49.6,49.61,0.0,5333326.0,,,3927.08,9.07,37750.0,37700.0,37000.0,38050.0
2023-01-30 00:00:00+00:00,49.4,49.41,0.0,5312106.0,,,3927.08,9.07,37550.0,37500.0,37250.0,38150.0
2023-01-31 00:00:00+00:00,47.7,47.7,0.0,5128198.0,,,3927.08,9.07,36350.0,36250.0,36250.0,37850.0
2023-02-01 00:00:00+00:00,48.6,48.62,0.0,5227226.0,,,3927.08,9.07,36950.0,36900.0,36300.0,36950.0
2023-02-02 00:00:00+00:00,48.7,48.68,0.0,5234299.0,,,3927.08,9.07,37100.0,37000.0,36750.0,37500.0
2023-02-03 00:00:00+00:00,48.2,48.16,0.0,5177712.0,,,3927.08,9.07,36600.0,36550.0,36050.0,36950.0
2023-02-06 00:00:00+00:00,47.2,47.17,0.0,5071611.0,,,3927.08,9.07,35900.0,35850.0,35850.0,36550.0
2023-02-07 00:00:00+00:00,47.4,47.37,0.0,5092832.0,,,3927.08,9.07,36050.0,36000.0,35250.0,36100.0
2023-02-08 00:00:00+00:00,49.0,49.01,0.0,5269666.0,,,3927.08,9.07,37300.0,37250.0,36000.0,37350.0
2023-02-09 00:00:00+00:00,48.5,48.49,0.0,5213079.0,,,3927.08,9.07,36900.0,36850.0,36550.0,37100.0
2023-02-10 00:00:00+00:00,48.9,48.95,0.0,5262593.0,,,3927.08,9.07,37200.0,37150.0,36500.0,37200.0
2023-02-13 00:00:00+00:00,48.1,48.09,0.0,5170639.0,,,3927.08,9.07,36650.0,36550.0,36300.0,37150.0
2023-02-14 00:00:00+00:00,48.7,48.68,0.0,5234299.0,,,3927.08,9.07,37000.0,36950.0,36550.0,37100.0
2023-02-15 00:00:00+00:00,47.8,47.83,0.0,5142345.0,,,3927.08,9.07,36350.0,36300.0,36100.0,37550.0
2023-02-16 00:00:00+00:00,48.9,48.95,0.0,5262593.0,,,4277.17,8.65,37200.0,37150.0,36500.0,37200.0
2023-02-17 00:00:00+00:00,48.4,48.36,0.0,5198932.0,,,4277.17,8.65,36750.0,36700.0,36650.0,37200.0
2023-02-20 00:00:00+00:00,50.6,50.59,0.0,5439427.0,,,4277.17,8.65,38500.0,38450.0,36700.0,38600.0
2023-02-21 00:00:00+00:00,49.9,49.87,0.0,5361620.0,,,4277.17,8.65,37950.0,37900.0,37700.0,38600.0
2023-02-22 00:00:00+00:00,48.2,48.16,0.0,5177712.0,,,4277.17,8.65,36600.0,36550.0,36250.0,37400.0
2023-02-23 00:00:00+00:00,49.8,49.8,0.0,5354546.0,,,4277.17,8.65,37900.0,37850.0,36600.0,38650.0
2023-02-24 00:00:00+00:00,51.7,51.71,0.0,5559674.0,,,4277.17,8.65,39350.0,39300.0,38000.0,40000.0
2023-02-27 00:00:00+00:00,50.9,50.92,0.0,5474794.0,,,4277.17,8.65,38700.0,38650.0,38050.0,39750.0
2023-02-28 00:00:00+00:00,50.5,50.46,0.0,5425280.0,,,4277.17,8.65,38350.0,38300.0,38000.0,39200.0
2023-03-01 00:00:00+00:00,50.5,50.46,0.0,5425280.0,,,4277.17,8.65,,,,
2023-03-02 00:00:00+00:00,51.2,51.18,0.0,5503088.0,,,4277.17,8.65,38950.0,38900.0,38350.0,39800.0
2023-03-03 00:00:00+00:00,52.8,52.83,0.0,5679921.0,,,4277.17,8.65,40200.0,40150.0,39100.0,40400.0
2023-03-06 00:00:00+00:00,53.8,53.75,0.0,5778949.0,,,4277.17,8.65,40850.0,40800.0,40000.0,41300.0
2023-03-07 00:00:00+00:00,54.9,54.87,0.0,5899196.0,,,4277.17,8.65,41700.0,41650.0,40100.0,41950.0
2023-03-08 00:00:00+00:00,53.6,53.62,0.0,5764802.0,,,4277.17,8.65,40800.0,40750.0,39950.0,41250.0
2023-03-09 00:00:00+00:00,52.5,52.5,0.0,5644555.0,,,4277.17,8.65,39950.0,39900.0,39500.0,41050.0
2023-03-10 00:00:00+00:00,50.5,50.53,0.0,5432353.0,,,4277.17,8.65,38450.0,38400.0,38400.0,39600.0
2023-03-13 00:00:00+00:00,50.3,50.33,0.0,5411133.0,20.8,1837.53,4277.17,8.65,38300.0,38250.0,37700.0,39450.0
2023-03-14 00:00:00+00:00,47.2,47.24,0.0,5078684.0,19.5,1837.53,4277.17,8.65,35950.0,35900.0,35850.0,38000.0
2023-03-15 00:00:00+00:00,46.9,46.91,0.0,5043318.0,19.4,1837.53,4277.17,8.65,35650.0,35600.0,35350.0,36700.0
2023-03-16 00:00:00+00:00,47.4,47.37,0.0,5092832.0,19.6,1837.53,-1944.75,,36050.0,36000.0,35050.0,36350.0
2023-03-17 00:00:00+00:00,48.4,48.42,0.0,5206006.0,20.0,1837.53,-1944.75,,36850.0,36800.0,36450.0,37300.0
2023-03-20 00:00:00+00:00,48.5,48.49,0.0,5213079.0,20.1,1837.53,-1944.75,,36850.0,36800.0,36750.0,37400.0
2023-03-21 00:00:00+00:00,48.7,48.68,0.0,5234299.0,20.1,1837.53,-1944.75,,37050.0,37000.0,36850.0,37550.0
2023-03-22 00:00:00+00:00,49.0,49.01,0.0,5269666.0,20.3,1837.53,-1944.75,,37300.0,37250.0,36750.0,37450.0
2023-03-23 00:00:00+00:00,49.5,49.54,0.0,5326253.0,20.5,1837.53,-1944.75,,37650.0,37500.0,37050.0,37850.0
2023-03-24 00:00:00+00:00,49.3,49.34,0.0,5305033.0,20.4,1837.53,-1944.75,,37500.0,37450.0,37350.0,38500.0
2023-03-27 00:00:00+00:00,48.6,48.55,0.0,5220152.0,20.1,1837.53,-1944.75,,36950.0,36900.0,36450.0,37750.0
2023-03-28 00:00:00+00:00,49.1,49.14,0.0,5283813.0,20.3,1837.53,-1944.75,,37350.0,37300.0,36400.0,37500.0
2023-03-29 00:00:00+00:00,50.1,50.07,0.0,5382840.0,20.7,1837.53,-1944.75,,38100.0,38050.0,37400.0,38750.0
2023-03-30 00:00:00+00:00,51.7,51.71,0.0,5559674.0,21.4,1837.53,-1944.75,,39350.0,39300.0,38450.0,39650.0
2023-03-31 00:00:00+00:00,52.3,52.3,0.0,5623335.0,21.6,1837.53,-1944.75,,39800.0,39750.0,39600.0,41900.0
2023-04-03 00:00:00+00:00,51.3,51.32,0.0,5517234.0,21.2,1837.53,-1944.75,,39100.0,39000.0,38500.0,39600.0
2023-04-04 00:00:00+00:00,50.9,50.86,0.0,5467720.0,21.0,1837.53,-1944.75,,38650.0,38600.0,37850.0,39100.0
2023-04-05 00:00:00+00:00,50.7,50.72,0.0,5453574.0,21.0,1837.53,-1944.75,,38550.0,38500.0,38200.0,39200.0
2023-04-06 00:00:00+00:00,50.6,50.59,0.0,5439427.0,20.9,1837.53,-1944.75,,38450.0,38400.0,38000.0,38900.0
2023-04-07 00:00:00+00:00,51.6,51.58,0.0,5545527.0,21.3,1837.53,-1944.75,,39200.0,39150.0,38350.0,39500.0
2023-04-10 00:00:00+00:00,51.2,51.18,0.0,5503088.0,21.2,1837.53,-1944.75,,38950.0,38900.0,38250.0,39250.0
2023-04-11 00:00:00+00:00,51.6,51.64,0.0,5552601.0,21.4,1837.53,-1944.75,,39250.0,39200.0,38000.0,39600.0
2023-04-12 00:00:00+00:00,53.8,53.82,0.0,5786022.0,22.3,1837.53,-1944.75,,40900.0,40850.0,38800.0,41500.0
2023-04-13 00:00:00+00:00,52.8,52.76,0.0,5672848.0,21.8,1837.53,-1944.75,,40100.0,40050.0,39700.0,40600.0
2023-04-14 00:00:00+00:00,53.4,53.36,0.0,5736508.0,22.1,1837.53,-1944.75,,40550.0,40500.0,39950.0,40950.0
2023-04-17 00:00:00+00:00,53.4,53.36,0.0,5736508.0,22.1,1837.53,-1944.75,,40550.0,40500.0,40150.0,40950.0
2023-04-18 00:00:00+00:00,53.4,53.42,0.0,5743582.0,22.1,1837.53,-1944.75,,40650.0,40600.0,40150.0,41100.0
2023-04-19 00:00:00+00:00,53.6,53.62,0.0,5764802.0,22.2,1837.53,-1944.75,,40750.0,40700.0,40300.0,40900.0
2023-04-20 00:00:00+00:00,53.5,53.49,0.0,5750656.0,22.1,1837.53,-2761.0,,40650.0,40600.0,40100.0,40750.0
2023-04-21 00:00:00+00:00,54.7,54.74,0.0,5885050.0,22.6,1837.53,-2761.0,,41600.0,41550.0,40350.0,41700.0
2023-04-24 00:00:00+00:00,53.2,53.16,0.0,5715289.0,22.0,1837.53,-2761.0,,40400.0,40300.0,39950.0,41550.0
2023-04-25 00:00:00+00:00,52.0,52.04,0.0,5595041.0,21.5,1837.53,-2761.0,,39550.0,39500.0,39400.0,41000.0
2023-04-26 00:00:00+00:00,53.2,53.16,0.0,5715289.0,22.0,1837.53,-2761.0,,40400.0,40350.0,39150.0,40650.0
2023-04-27 00:00:00+00:00,53.6,53.55,0.0,5757729.0,22.1,1837.53,-2761.0,,40750.0,40700.0,39350.0,41100.0
2023-04-28 00:00:00+00:00,55.9,55.86,0.0,6005297.0,23.1,1837.53,-2761.0,,42450.0,42400.0,40450.0,42550.0
2023-05-01 00:00:00+00:00,55.9,55.86,0.0,6005297.0,23.1,1837.53,-2761.0,,,,,
2023-05-02 00:00:00+00:00,54.4,54.41,0.0,5849683.0,22.5,1837.53,-2761.0,,41350.0,41300.0,40500.0,42500.0
2023-05-03 00:00:00+00:00,54.9,54.93,0.0,5906270.0,22.7,1837.53,-2761.0,,41800.0,41750.0,41200.0,42050.0
2023-05-04 00:00:00+00:00,55.0,55.0,0.0,5913343.0,22.7,1837.53,-2761.0,,41800.0,41750.0,41350.0,42300.0
2023-05-05 00:00:00+00:00,55.0,55.0,0.0,5913343.0,22.7,1837.53,-2761.0,,,,,
2023-05-08 00:00:00+00:00,55.4,55.39,0.0,5955783.0,22.9,1837.53,-2761.0,,42100.0,42050.0,41750.0,42400.0
2023-05-09 00:00:00+00:00,55.7,55.72,0.0,5991151.0,23.0,1837.53,-2761.0,,42350.0,42300.0,41250.0,42500.0
2023-05-10 00:00:00+00:00,55.3,55.26,0.0,5941637.0,22.9,1837.53,-2761.0,,42000.0,41950.0,41600.0,42600.0
2023-05-11 00:00:00+00:00,55.1,55.13,0.0,5927490.0,22.8,1837.53,-2761.0,,41950.0,41900.0,41800.0,42400.0
2023-05-12 00:00:00+00:00,55.4,55.39,0.0,5955783.0,22.9,1837.53,-2761.0,,42150.0,42100.0,41350.0,42300.0
2023-05-15 00:00:00+00:00,55.9,55.92,0.0,6012370.0,,0.0,-2761.0,,42500.0,42450.0,41750.0,43000.0
2023-05-16 00:00:00+00:00,56.1,56.12,0.0,6033590.0,,0.0,-2761.0,,42700.0,42650.0,42300.0,43200.0
2023-05-17 00:00:00+00:00,56.4,56.38,0.0,6061884.0,,0.0,-2761.0,,42850.0,42800.0,42450.0,43150.0
2023-05-18 00:00:00+00:00,56.8,56.78,0.0,6104325.0,,0.0,-2623.17,,43200.0,43150.0,42400.0,43200.0
2023-05-19 00:00:00+00:00,58.6,58.55,0.0,6295306.0,,0.0,-2623.17,,44550.0,44500.0,43200.0,44750.0
2023-05-22 00:00:00+00:00,59.5,59.47,0.0,6394333.0,,0.0,-2623.17,,45200.0,45150.0,44200.0,45300.0
2023-05-23 00:00:00+00:00,58.8,58.82,0.0,6323599.0,,0.0,-2623.17,,44750.0,44700.0,44550.0,45400.0
2023-05-24 00:00:00+00:00,58.4,58.42,0.0,6281159.0,,0.0,-2623.17,,44400.0,44350.0,44050.0,44750.0
2023-05-25 00:00:00+00:00,60.0,60.0,0.0,6450920.0,,0.0,-2623.17,,45650.0,45600.0,44600.0,46200.0
2023-05-26 00:00:00+00:00,61.0,60.99,0.0,6557020.0,,0.0,-2623.17,,46400.0,46350.0,45500.0,47200.0
2023-05-29 00:00:00+00:00,61.0,60.99,0.0,6557020.0,,0.0,-2623.17,,,,,
2023-05-30 00:00:00+00:00,60.9,60.86,0.0,6542874.0,,0.0,-2623.17,,46300.0,46250.0,45600.0,46900.0
2023-05-31 00:00:00+00:00,60.7,60.72,0.0,6528727.0,,0.0,-2623.17,,46150.0,46050.0,44850.0,46200.0
2023-06-01 00:00:00+00:00,60.0,60.0,0.0,6450920.0,,0.0,-3189.17,,45650.0,45600.0,45000.0,46000.0
2023-06-02 00:00:00+00:00,59.5,59.54,0.0,6401407.0,,0.0,-3189.17,,45250.0,45200.0,44700.0,46000.0
2023-06-05 00:00:00+00:00,,,,,,,-3189.17,,45150.0,45100.0,44300.0,45400.0
