,0,1,2,3,4,5,6,7,8,9,10,11
Name,SK BIOSCIENCE - PRICE INDEX,SK BIOSCIENCE - TOT RETURN IND,SK BIOSCIENCE - DIVIDEND YIELD,SK BIOSCIENCE - MARKET VALUE,SK BIOSCIENCE - PER,SK BIOSCIENCE - EARNINGS PER SHR,SK BIOSCIENCE - EPS 12M FWD,SK BIOSCIENCE - PE RATIO 12M FWD,SK BIOSCIENCE - ASK PRICE,SK BIOSCIENCE - BID PRICE,SK BIOSCIENCE - PRICE LOW,SK BIOSCIENCE - PRICE HIGH
MNEM,KO:SB2,KO:SB2,KO:SB2,KO:SB2,KO:SB2,KO:SB2,KO:SB2,KO:SB2,KO:SB2,KO:SB2,KO:SB2,KO:SB2
DATATYPE,PI,RI,DY,MV,PE,EPS,DIEP,DIPE,PA,PB,PL,PH
NAME,SK BIOSCIENCE,SK BIOSCIENCE,SK BIOSCIENCE,SK BIOSCIENCE,SK BIOSCIENCE,SK BIOSCIENCE,SK BIOSCIENCE,SK BIOSCIENCE,SK BIOSCIENCE,SK BIOSCIENCE,SK BIOSCIENCE,SK BIOSCIENCE
SECD,BMG75K3,BMG75K3,BMG75K3,BMG75K3,BMG75K3,BMG75K3,BMG75K3,BMG75K3,BMG75K3,BMG75K3,BMG75K3,BMG75K3
ISIN,KR7302440003,KR7302440003,KR7302440003,KR7302440003,KR7302440003,KR7302440003,KR7302440003,KR7302440003,KR7302440003,KR7302440003,KR7302440003,KR7302440003
CODON,SOUTH KOREA,SOUTH KOREA,SOUTH KOREA,SOUTH KOREA,SOUTH KOREA,SOUTH KOREA,SOUTH KOREA,SOUTH KOREA,SOUTH KOREA,SOUTH KOREA,SOUTH KOREA,SOUTH KOREA
ISOCUR,KRW,KRW,KRW,KRW,KRW,KRW,KRW,KRW,KRW,KRW,KRW,KRW
2021-03-18 00:00:00+00:00,100.0,100.0,0.0,12928500.0,,,,,,169000.0,130000.0,169000.0
2021-03-19 00:00:00+00:00,98.5,98.52,0.0,12737250.0,,,,,167000.0,166500.0,166000.0,190000.0
2021-03-22 00:00:00+00:00,85.2,85.21,0.0,11016000.0,267.9,537.41,,,144000.0,143500.0,143000.0,162500.0
2021-03-23 00:00:00+00:00,83.1,83.14,0.0,10748260.0,261.4,537.41,,,140500.0,140000.0,138000.0,149500.0
2021-03-24 00:00:00+00:00,80.8,80.77,0.0,10442260.0,254.0,537.41,,,137000.0,136500.0,135500.0,142000.0
2021-03-25 00:00:00+00:00,80.5,80.47,0.0,10404010.0,253.1,537.41,,,136500.0,136000.0,135500.0,140000.0
2021-03-26 00:00:00+00:00,78.1,78.11,0.0,10098010.0,245.6,537.41,,,132500.0,132000.0,131500.0,138000.0
2021-03-29 00:00:00+00:00,73.1,73.08,0.0,9447756.0,229.8,537.41,,,124000.0,123500.0,123500.0,132500.0
2021-03-30 00:00:00+00:00,74.9,74.85,0.0,9677257.0,235.4,537.41,,,127000.0,126500.0,124500.0,129500.0
2021-03-31 00:00:00+00:00,71.3,71.3,0.0,9218257.0,224.2,537.41,,,120500.0,120000.0,120000.0,125500.0
2021-04-01 00:00:00+00:00,70.4,70.41,0.0,9103506.0,221.4,537.41,,,119000.0,118500.0,116000.0,122500.0
2021-04-02 00:00:00+00:00,69.5,69.53,0.0,8988756.0,218.6,537.41,,,118000.0,117500.0,116500.0,121500.0
2021-04-05 00:00:00+00:00,69.8,69.82,0.0,9027006.0,219.6,537.41,,,118500.0,118000.0,117500.0,120000.0
2021-04-06 00:00:00+00:00,68.3,68.34,0.0,8835756.0,214.9,537.41,,,116000.0,115500.0,115000.0,119500.0
2021-04-07 00:00:00+00:00,67.8,67.75,0.0,8759256.0,213.1,537.41,,,115000.0,114500.0,113500.0,116500.0
2021-04-08 00:00:00+00:00,74.3,74.26,0.0,9600757.0,233.5,537.41,,,125500.0,125000.0,111500.0,127500.0
2021-04-09 00:00:00+00:00,77.2,77.22,0.0,9983257.0,242.8,537.41,,,131000.0,130500.0,125500.0,135000.0
2021-04-12 00:00:00+00:00,78.1,78.11,0.0,10098010.0,245.6,537.41,,,132000.0,131500.0,127500.0,134500.0
2021-04-13 00:00:00+00:00,81.4,81.36,0.0,10518760.0,255.9,537.41,,,137500.0,137000.0,136500.0,143000.0
2021-04-14 00:00:00+00:00,80.2,80.18,0.0,10365760.0,252.1,537.41,,,135500.0,135000.0,132000.0,139500.0
2021-04-15 00:00:00+00:00,76.9,76.92,0.0,9945007.0,241.9,537.41,,,130000.0,129500.0,129000.0,134000.0
2021-04-16 00:00:00+00:00,78.1,78.11,0.0,10098010.0,245.6,537.41,,,132500.0,132000.0,128500.0,135500.0
2021-04-19 00:00:00+00:00,83.1,83.14,0.0,10748260.0,261.4,537.41,,,141000.0,140500.0,128000.0,142000.0
2021-04-20 00:00:00+00:00,82.5,82.54,0.0,10671760.0,259.6,537.41,,,139500.0,139000.0,138000.0,144000.0
2021-04-21 00:00:00+00:00,88.5,88.46,0.0,11436760.0,278.2,537.41,,,150000.0,149500.0,137000.0,151000.0
2021-04-22 00:00:00+00:00,85.8,85.8,0.0,11092510.0,269.8,537.41,,,145500.0,145000.0,144000.0,150500.0
2021-04-23 00:00:00+00:00,89.1,89.05,0.0,11513250.0,280.0,537.41,,,151000.0,150500.0,145000.0,153000.0
2021-04-26 00:00:00+00:00,90.5,90.53,0.0,11704500.0,284.7,537.41,,,153000.0,152500.0,151000.0,163500.0
2021-04-27 00:00:00+00:00,92.6,92.6,0.0,11972250.0,291.2,537.41,,,156500.0,156000.0,154000.0,160500.0
2021-04-28 00:00:00+00:00,96.7,96.75,0.0,12507750.0,304.2,537.41,,,164000.0,163500.0,158500.0,166000.0
2021-04-29 00:00:00+00:00,89.1,89.05,0.0,11513250.0,280.0,537.41,,,150500.0,150000.0,146000.0,160500.0
2021-04-30 00:00:00+00:00,89.9,89.94,0.0,11628010.0,282.8,537.41,,,152500.0,152000.0,144500.0,156000.0
2021-05-03 00:00:00+00:00,88.5,88.46,0.0,11436760.0,278.2,537.41,,,149500.0,149000.0,145000.0,153500.0
2021-05-04 00:00:00+00:00,93.8,93.79,0.0,12125250.0,294.9,537.41,,,159000.0,158500.0,145500.0,159000.0
2021-05-05 00:00:00+00:00,93.8,93.79,0.0,12125250.0,294.9,537.41,,,,,,
2021-05-06 00:00:00+00:00,94.7,94.67,0.0,12240010.0,297.7,537.41,,,160500.0,160000.0,156000.0,162000.0
2021-05-07 00:00:00+00:00,95.0,94.97,0.0,12278260.0,298.7,537.41,,,160500.0,160000.0,156000.0,162000.0
2021-05-10 00:00:00+00:00,95.6,95.56,0.0,12354750.0,300.5,537.41,,,161500.0,161000.0,159000.0,162500.0
2021-05-11 00:00:00+00:00,89.6,89.64,0.0,11589750.0,281.9,537.41,,,152000.0,151500.0,150500.0,159000.0
2021-05-12 00:00:00+00:00,85.2,85.21,0.0,11016000.0,267.9,537.41,,,144500.0,144000.0,143000.0,152500.0
2021-05-13 00:00:00+00:00,86.1,86.09,0.0,11130750.0,270.7,537.41,,,146000.0,145500.0,138000.0,149000.0
2021-05-14 00:00:00+00:00,86.4,86.39,0.0,11169000.0,271.7,537.41,,,146500.0,146000.0,143000.0,150000.0
2021-05-17 00:00:00+00:00,94.4,94.38,0.0,12201750.0,296.8,537.41,,,159500.0,159000.0,151000.0,160000.0
2021-05-18 00:00:00+00:00,94.4,94.38,0.0,12201750.0,296.8,537.41,,,160000.0,159500.0,159000.0,167500.0
2021-05-19 00:00:00+00:00,94.4,94.38,0.0,12201750.0,296.8,537.41,,,,,,
2021-05-20 00:00:00+00:00,95.6,95.56,0.0,12354750.0,300.5,537.41,2749.0,58.02,161500.0,161000.0,157500.0,163000.0
2021-05-21 00:00:00+00:00,95.6,95.56,0.0,12354750.0,300.5,537.41,2749.0,58.02,162000.0,161500.0,158500.0,163000.0
2021-05-24 00:00:00+00:00,96.4,96.45,0.0,12469510.0,303.3,537.41,2749.0,58.02,163500.0,163000.0,162500.0,171500.0
2021-05-25 00:00:00+00:00,95.0,94.97,0.0,12278260.0,298.7,537.41,2749.0,58.02,161000.0,160500.0,158000.0,166000.0
2021-05-26 00:00:00+00:00,93.2,93.2,0.0,12048760.0,293.1,537.41,2749.0,58.02,158000.0,157500.0,156500.0,160500.0
2021-05-27 00:00:00+00:00,91.4,91.42,0.0,11819260.0,287.5,537.41,2749.0,58.02,155000.0,154500.0,151500.0,157500.0
2021-05-28 00:00:00+00:00,91.7,91.72,0.0,11857510.0,288.4,537.41,2749.0,58.02,155500.0,155000.0,154500.0,158000.0
2021-05-31 00:00:00+00:00,89.9,89.94,0.0,11628010.0,282.8,537.41,2749.0,58.02,152500.0,152000.0,150000.0,156500.0
2021-06-01 00:00:00+00:00,88.2,88.17,0.0,11398500.0,277.3,537.41,2749.0,58.02,149500.0,149000.0,148000.0,153000.0
2021-06-02 00:00:00+00:00,87.6,87.57,0.0,11322000.0,275.4,537.41,2749.0,58.02,148000.0,147500.0,147000.0,150500.0
2021-06-03 00:00:00+00:00,92.0,92.01,0.0,11895760.0,289.3,537.41,2749.0,58.02,155500.0,155000.0,150500.0,157000.0
2021-06-04 00:00:00+00:00,92.3,92.31,0.0,11934000.0,290.3,537.41,2749.0,58.02,156000.0,155500.0,152000.0,157000.0
2021-06-07 00:00:00+00:00,90.8,90.83,0.0,11742750.0,285.6,537.41,2749.0,58.02,153500.0,153000.0,152000.0,157000.0
2021-06-08 00:00:00+00:00,91.7,91.72,0.0,11857510.0,288.4,537.41,2749.0,58.02,155000.0,154500.0,153000.0,157500.0
2021-06-09 00:00:00+00:00,92.0,92.01,0.0,11895760.0,289.3,537.41,2749.0,58.02,155500.0,155000.0,152000.0,156000.0
2021-06-10 00:00:00+00:00,92.6,92.6,0.0,11972250.0,291.2,537.41,2749.0,58.02,156500.0,156000.0,154000.0,160500.0
2021-06-11 00:00:00+00:00,92.9,92.9,0.0,12010500.0,292.1,537.41,2749.0,58.02,157500.0,157000.0,152500.0,158500.0
2021-06-14 00:00:00+00:00,94.1,94.08,0.0,12163500.0,295.9,537.41,2749.0,58.02,159000.0,158500.0,157500.0,161000.0
2021-06-15 00:00:00+00:00,95.9,95.86,0.0,12393000.0,301.4,537.41,2749.0,58.02,162000.0,161500.0,160000.0,163500.0
2021-06-16 00:00:00+00:00,96.2,96.15,0.0,12431260.0,302.4,537.41,2749.0,58.02,162500.0,162000.0,159500.0,164000.0
2021-06-17 00:00:00+00:00,94.7,94.67,0.0,12240010.0,297.7,537.41,4017.0,40.33,160500.0,160000.0,158500.0,162000.0
2021-06-18 00:00:00+00:00,90.2,90.24,0.0,11666260.0,283.8,537.41,4017.0,40.33,152500.0,152000.0,148500.0,153500.0
2021-06-21 00:00:00+00:00,91.1,91.12,0.0,11781000.0,286.6,537.41,4017.0,40.33,154000.0,153500.0,151000.0,154500.0
2021-06-22 00:00:00+00:00,89.9,89.94,0.0,11628010.0,282.8,537.41,4017.0,40.33,152000.0,151500.0,151500.0,155000.0
2021-06-23 00:00:00+00:00,89.6,89.64,0.0,11589750.0,281.9,537.41,4017.0,40.33,151500.0,151000.0,148500.0,152500.0
2021-06-24 00:00:00+00:00,89.6,89.64,0.0,11589750.0,281.9,537.41,4017.0,40.33,152000.0,151500.0,150500.0,153500.0
2021-06-25 00:00:00+00:00,90.5,90.53,0.0,11704500.0,284.7,537.41,4017.0,40.33,153000.0,152500.0,152000.0,154500.0
2021-06-28 00:00:00+00:00,94.1,94.08,0.0,12163500.0,295.9,537.41,4017.0,40.33,159000.0,158500.0,151500.0,160000.0
2021-06-29 00:00:00+00:00,93.5,93.49,0.0,12087010.0,294.0,537.41,4017.0,40.33,158500.0,158000.0,156500.0,162500.0
2021-06-30 00:00:00+00:00,93.8,93.79,0.0,12125250.0,294.9,537.41,4017.0,40.33,158500.0,158000.0,155000.0,159000.0
2021-07-01 00:00:00+00:00,93.8,93.79,0.0,12125250.0,294.9,537.41,4017.0,40.33,159000.0,158500.0,156500.0,159000.0
2021-07-02 00:00:00+00:00,97.3,97.34,0.0,12584250.0,306.1,537.41,4017.0,40.33,164500.0,164000.0,159000.0,165000.0
2021-07-05 00:00:00+00:00,99.4,99.41,0.0,12852010.0,312.6,537.41,4017.0,40.33,168000.0,167500.0,163500.0,173000.0
2021-07-06 00:00:00+00:00,97.3,97.34,0.0,12584250.0,306.1,537.41,4017.0,40.33,165000.0,164500.0,163000.0,170500.0
2021-07-07 00:00:00+00:00,97.6,97.63,0.0,12622510.0,307.0,537.41,4017.0,40.33,165000.0,164500.0,161500.0,166500.0
2021-07-08 00:00:00+00:00,93.2,93.2,0.0,12048760.0,293.1,537.41,4017.0,40.33,157500.0,157000.0,156500.0,165500.0
2021-07-09 00:00:00+00:00,95.0,94.97,0.0,12278260.0,298.7,537.41,4017.0,40.33,161000.0,160500.0,157000.0,163000.0
2021-07-12 00:00:00+00:00,92.0,92.01,0.0,11895760.0,289.3,537.41,4017.0,40.33,156000.0,155500.0,155500.0,160000.0
2021-07-13 00:00:00+00:00,91.4,91.42,0.0,11819260.0,287.5,537.41,4017.0,40.33,155000.0,154500.0,152500.0,157500.0
2021-07-14 00:00:00+00:00,91.7,91.72,0.0,11857510.0,288.4,537.41,4017.0,40.33,155500.0,155000.0,152500.0,156000.0
2021-07-15 00:00:00+00:00,91.4,91.42,0.0,11819260.0,287.5,537.41,4017.0,38.46,154500.0,154000.0,153500.0,156500.0
2021-07-16 00:00:00+00:00,93.8,93.79,0.0,12125250.0,294.9,537.41,4017.0,38.46,158500.0,158000.0,151500.0,160000.0
2021-07-19 00:00:00+00:00,92.6,92.6,0.0,11972250.0,291.2,537.41,4017.0,38.46,157000.0,156500.0,155500.0,159500.0
2021-07-20 00:00:00+00:00,95.0,94.97,0.0,12278260.0,298.7,537.41,4017.0,38.46,160500.0,160000.0,156500.0,160500.0
2021-07-21 00:00:00+00:00,92.3,92.31,0.0,11934000.0,290.3,537.41,4017.0,38.46,156500.0,156000.0,156000.0,159500.0
2021-07-22 00:00:00+00:00,92.3,92.31,0.0,11934000.0,290.3,537.41,4017.0,38.46,156000.0,155500.0,154000.0,157000.0
2021-07-23 00:00:00+00:00,93.2,93.2,0.0,12048760.0,293.1,537.41,4017.0,38.46,158000.0,157500.0,154500.0,158500.0
2021-07-26 00:00:00+00:00,93.2,93.2,0.0,12048760.0,293.1,537.41,4017.0,38.46,158000.0,157500.0,156500.0,159500.0
2021-07-27 00:00:00+00:00,96.2,96.15,0.0,12431260.0,302.4,537.41,4017.0,38.46,162500.0,162000.0,158000.0,166000.0
2021-07-28 00:00:00+00:00,98.2,98.22,0.0,12699000.0,308.9,537.41,4017.0,38.46,166000.0,165500.0,160000.0,166500.0
2021-07-29 00:00:00+00:00,101.2,101.18,0.0,13081510.0,318.2,537.41,4017.0,38.46,171000.0,170500.0,164500.0,171000.0
2021-07-30 00:00:00+00:00,100.9,100.89,0.0,13043260.0,317.3,537.41,4017.0,38.46,171000.0,170500.0,167500.0,176000.0
2021-08-02 00:00:00+00:00,116.6,116.57,0.0,15070510.0,366.6,537.41,4017.0,38.46,197500.0,197000.0,171500.0,197000.0
2021-08-03 00:00:00+00:00,120.7,120.71,0.0,15606010.0,379.6,537.41,4017.0,38.46,204500.0,204000.0,191500.0,206500.0
2021-08-04 00:00:00+00:00,124.6,124.56,0.0,16103250.0,391.7,537.41,4017.0,38.46,211000.0,210500.0,199000.0,212500.0
2021-08-05 00:00:00+00:00,123.1,123.08,0.0,15912000.0,387.0,537.41,4017.0,38.46,208000.0,207500.0,202000.0,231000.0
2021-08-06 00:00:00+00:00,144.7,144.67,0.0,18704260.0,455.0,537.41,4017.0,38.46,245000.0,244500.0,208500.0,245000.0
2021-08-09 00:00:00+00:00,137.6,137.57,0.0,17786260.0,432.6,537.41,4017.0,38.46,233000.0,232500.0,230000.0,240500.0
2021-08-10 00:00:00+00:00,178.4,178.4,0.0,23064750.0,561.0,537.41,4017.0,38.46,302000.0,301500.0,238500.0,302000.0
2021-08-11 00:00:00+00:00,177.5,177.51,0.0,22950000.0,558.2,537.41,4017.0,38.46,300000.0,299500.0,284000.0,308500.0
2021-08-12 00:00:00+00:00,168.9,168.93,0.0,21840750.0,531.2,537.41,4017.0,38.46,286000.0,285500.0,279500.0,304500.0
2021-08-13 00:00:00+00:00,170.7,170.71,0.0,22070260.0,536.8,537.41,4017.0,38.46,289000.0,288500.0,274500.0,294500.0
2021-08-16 00:00:00+00:00,170.7,170.71,0.0,22070260.0,536.8,537.41,4017.0,38.46,,,,
2021-08-17 00:00:00+00:00,188.8,188.76,0.0,24403500.0,593.6,537.41,4017.0,38.46,319000.0,318500.0,285000.0,362000.0
2021-08-18 00:00:00+00:00,189.9,189.94,0.0,24556510.0,597.3,537.41,4017.0,38.46,321500.0,321000.0,315000.0,345500.0
2021-08-19 00:00:00+00:00,198.5,198.52,0.0,25665760.0,624.3,537.41,4801.67,66.44,335500.0,335000.0,313000.0,341000.0
2021-08-20 00:00:00+00:00,195.6,195.56,0.0,25283260.0,615.0,537.41,4801.67,66.44,331000.0,330500.0,307000.0,335000.0
2021-08-23 00:00:00+00:00,191.4,191.42,0.0,24747760.0,602.0,537.41,4801.67,66.44,324000.0,323500.0,315000.0,334500.0
2021-08-24 00:00:00+00:00,179.9,179.88,0.0,23256000.0,565.7,537.41,4801.67,66.44,304000.0,303500.0,299000.0,328000.0
2021-08-25 00:00:00+00:00,165.7,165.68,0.0,21420000.0,521.0,537.41,4801.67,66.44,280500.0,280000.0,278000.0,296500.0
2021-08-26 00:00:00+00:00,169.2,169.23,0.0,21879010.0,532.2,537.41,4801.67,66.44,286000.0,285500.0,268000.0,286000.0
2021-08-27 00:00:00+00:00,171.3,171.3,0.0,22146750.0,538.7,537.41,4801.67,66.44,290000.0,289500.0,278000.0,290000.0
2021-08-30 00:00:00+00:00,177.2,177.22,0.0,22911760.0,557.3,537.41,4801.67,66.44,300000.0,299500.0,279000.0,300000.0
2021-08-31 00:00:00+00:00,185.5,185.5,0.0,23982770.0,583.3,537.41,4801.67,66.44,313500.0,313000.0,298500.0,325000.0
2021-09-01 00:00:00+00:00,182.5,182.54,0.0,23600260.0,574.0,537.41,4801.67,66.44,308500.0,308000.0,299000.0,316500.0
2021-09-02 00:00:00+00:00,181.7,181.66,0.0,23485500.0,571.3,537.41,4801.67,66.44,307000.0,306500.0,301500.0,316000.0
2021-09-03 00:00:00+00:00,198.2,198.22,0.0,25627500.0,623.4,537.41,4801.67,66.44,335000.0,334500.0,313500.0,342000.0
2021-09-06 00:00:00+00:00,182.2,182.25,0.0,23562020.0,573.1,537.41,4801.67,66.44,308500.0,308000.0,308000.0,329000.0
2021-09-07 00:00:00+00:00,182.0,181.95,0.0,23523760.0,572.2,537.41,4801.67,66.44,307500.0,307000.0,304500.0,324000.0
2021-09-08 00:00:00+00:00,169.8,169.82,0.0,21955500.0,534.0,537.41,4801.67,66.44,287500.0,287000.0,285000.0,306500.0
2021-09-09 00:00:00+00:00,176.3,176.33,0.0,22797010.0,554.5,537.41,4801.67,66.44,298000.0,297500.0,286000.0,299500.0
2021-09-10 00:00:00+00:00,177.2,177.22,0.0,22911760.0,557.3,537.41,4801.67,66.44,299500.0,299000.0,295000.0,308500.0
2021-09-13 00:00:00+00:00,171.3,171.3,0.0,22146750.0,538.7,537.41,4801.67,66.44,289500.0,289000.0,288000.0,300000.0
2021-09-14 00:00:00+00:00,163.6,163.61,0.0,21152260.0,514.5,537.41,4801.67,66.44,277000.0,276500.0,275500.0,286500.0
2021-09-15 00:00:00+00:00,165.7,165.68,0.0,21420000.0,521.0,537.41,4801.67,66.44,280000.0,279500.0,278000.0,295500.0
2021-09-16 00:00:00+00:00,165.7,165.68,0.0,21420000.0,521.0,537.41,4832.0,57.22,280000.0,279500.0,271500.0,284500.0
2021-09-17 00:00:00+00:00,161.2,161.24,0.0,20846260.0,507.1,537.41,4832.0,57.22,272500.0,272000.0,271000.0,281500.0
2021-09-20 00:00:00+00:00,161.2,161.24,0.0,20846260.0,507.1,537.41,4832.0,57.22,,,,
2021-09-21 00:00:00+00:00,161.2,161.24,0.0,20846260.0,507.1,537.41,4832.0,57.22,,,,
2021-09-22 00:00:00+00:00,161.2,161.24,0.0,20846260.0,507.1,537.41,4832.0,57.22,,,,
2021-09-23 00:00:00+00:00,153.3,153.25,0.0,19813500.0,481.9,537.41,4832.0,57.22,259500.0,259000.0,251500.0,268500.0
2021-09-24 00:00:00+00:00,162.4,162.43,0.0,20999260.0,510.8,537.41,4832.0,57.22,274500.0,274000.0,263000.0,285500.0
2021-09-27 00:00:00+00:00,167.5,167.46,0.0,21649500.0,526.6,537.41,4832.0,57.22,283000.0,282500.0,280000.0,290500.0
2021-09-28 00:00:00+00:00,160.1,160.06,0.0,20693250.0,503.3,537.41,4832.0,57.22,271000.0,270500.0,270500.0,279500.0
2021-09-29 00:00:00+00:00,161.8,161.83,0.0,20922750.0,508.9,537.41,4832.0,57.22,274000.0,273500.0,256500.0,287500.0
2021-09-30 00:00:00+00:00,160.1,160.06,0.0,20693250.0,503.3,537.41,4832.0,57.22,270500.0,270000.0,269000.0,278500.0
2021-10-01 00:00:00+00:00,161.8,161.83,0.0,20922750.0,508.9,537.41,4832.0,57.22,273500.0,273000.0,272500.0,280500.0
2021-10-04 00:00:00+00:00,161.8,161.83,0.0,20922750.0,508.9,537.41,4832.0,57.22,,,,
2021-10-05 00:00:00+00:00,148.2,148.22,0.0,19163250.0,466.1,537.41,4832.0,57.22,250500.0,250000.0,247000.0,271000.0
2021-10-06 00:00:00+00:00,136.4,136.39,0.0,17633250.0,428.9,537.41,4832.0,57.22,230500.0,230000.0,225500.0,256500.0
2021-10-07 00:00:00+00:00,135.8,135.8,0.0,17556750.0,427.0,537.41,4832.0,57.22,230000.0,229500.0,219500.0,237000.0
2021-10-08 00:00:00+00:00,130.8,130.77,0.0,16906500.0,411.2,537.41,4832.0,57.22,221500.0,221000.0,217500.0,237000.0
2021-10-11 00:00:00+00:00,130.8,130.77,0.0,16906500.0,411.2,537.41,4832.0,57.22,,,,
2021-10-12 00:00:00+00:00,139.1,139.05,0.0,17977500.0,437.3,537.41,4832.0,57.22,235000.0,234500.0,218500.0,235000.0
2021-10-13 00:00:00+00:00,135.2,135.21,0.0,17480240.0,425.2,537.41,4832.0,57.22,229000.0,228500.0,227500.0,237500.0
2021-10-14 00:00:00+00:00,141.7,141.72,0.0,18321740.0,445.7,537.41,4821.67,48.74,240000.0,239500.0,229000.0,240500.0
2021-10-15 00:00:00+00:00,140.5,140.53,0.0,18168750.0,441.9,537.41,4821.67,48.74,237500.0,237000.0,234000.0,243000.0
2021-10-18 00:00:00+00:00,136.4,136.39,0.0,17633250.0,428.9,537.41,4821.67,48.74,231000.0,230500.0,229000.0,236500.0
2021-10-19 00:00:00+00:00,137.3,137.28,0.0,17748000.0,431.7,537.41,4821.67,48.74,232000.0,231500.0,230000.0,239500.0
2021-10-20 00:00:00+00:00,130.2,130.18,0.0,16830000.0,409.4,537.41,4821.67,48.74,220000.0,219500.0,218000.0,231500.0
2021-10-21 00:00:00+00:00,132.0,131.95,0.0,17059490.0,415.0,537.41,4821.67,48.74,223500.0,223000.0,211000.0,227000.0
2021-10-22 00:00:00+00:00,133.1,133.14,0.0,17212500.0,418.7,537.41,4821.67,48.74,225000.0,224500.0,219000.0,227000.0
2021-10-25 00:00:00+00:00,127.5,127.51,0.0,16485750.0,401.0,537.41,4821.67,48.74,216000.0,215500.0,214000.0,223000.0
2021-10-26 00:00:00+00:00,134.3,134.32,0.0,17365500.0,422.4,537.41,4821.67,48.74,227000.0,226500.0,216500.0,230000.0
2021-10-27 00:00:00+00:00,135.5,135.5,0.0,17518500.0,426.1,537.41,4821.67,48.74,229000.0,228500.0,222500.0,236500.0
2021-10-28 00:00:00+00:00,145.3,145.27,0.0,18780750.0,456.8,537.41,4821.67,48.74,246000.0,245500.0,234000.0,247500.0
2021-10-29 00:00:00+00:00,136.1,136.09,0.0,17595010.0,90.9,2530.9,4821.67,48.74,230500.0,230000.0,228000.0,252500.0
2021-11-01 00:00:00+00:00,133.1,133.14,0.0,17212500.0,88.9,2530.9,4821.67,48.74,225000.0,224500.0,222500.0,232000.0
2021-11-02 00:00:00+00:00,137.9,137.87,0.0,17824510.0,92.1,2530.9,4821.67,48.74,233500.0,233000.0,231000.0,249000.0
2021-11-03 00:00:00+00:00,147.3,147.34,0.0,19048500.0,98.4,2530.9,4821.67,48.74,249000.0,248500.0,237000.0,249500.0
2021-11-04 00:00:00+00:00,153.0,152.96,0.0,19775250.0,102.1,2530.9,4821.67,48.74,258500.0,258000.0,241000.0,258500.0
2021-11-05 00:00:00+00:00,152.1,152.07,0.0,19660500.0,101.5,2530.9,4821.67,48.74,257500.0,257000.0,247000.0,264500.0
2021-11-08 00:00:00+00:00,130.5,130.47,0.0,16868240.0,87.1,2530.9,4821.67,48.74,220500.0,220000.0,220500.0,239000.0
2021-11-09 00:00:00+00:00,131.4,131.36,0.0,16983010.0,87.7,2530.9,4821.67,48.74,222500.0,222000.0,221500.0,229500.0
2021-11-10 00:00:00+00:00,131.1,131.07,0.0,16944750.0,87.5,2530.9,4821.67,48.74,221500.0,221000.0,216500.0,228500.0
2021-11-11 00:00:00+00:00,132.0,131.95,0.0,17059490.0,88.1,2530.9,4821.67,48.74,223000.0,222500.0,217500.0,226000.0
2021-11-12 00:00:00+00:00,140.2,140.24,0.0,18130500.0,93.6,2530.9,4821.67,48.74,237000.0,236500.0,224000.0,239000.0
2021-11-15 00:00:00+00:00,143.2,143.2,0.0,18512990.0,95.6,2530.9,4821.67,48.74,242000.0,241500.0,231000.0,244500.0
2021-11-16 00:00:00+00:00,145.0,144.97,0.0,18742500.0,96.8,2530.9,4821.67,48.74,245500.0,245000.0,243000.0,252500.0
2021-11-17 00:00:00+00:00,139.1,139.05,0.0,17977500.0,92.9,2530.9,4821.67,48.74,235000.0,234500.0,234000.0,246500.0
2021-11-18 00:00:00+00:00,139.6,139.64,0.0,18054000.0,93.2,2530.9,7704.0,31.8,236000.0,235500.0,234500.0,245000.0
2021-11-19 00:00:00+00:00,144.4,144.38,0.0,18666000.0,96.4,2530.9,7704.0,31.8,244000.0,243500.0,233500.0,244500.0
2021-11-22 00:00:00+00:00,140.8,140.83,0.0,18207010.0,94.0,2530.9,7704.0,31.8,238500.0,238000.0,238000.0,245000.0
2021-11-23 00:00:00+00:00,141.7,141.72,0.0,18321740.0,94.6,2530.9,7704.0,31.8,240000.0,239500.0,238000.0,245500.0
2021-11-24 00:00:00+00:00,147.0,147.04,0.0,19010260.0,98.2,2530.9,7704.0,31.8,248500.0,248000.0,238500.0,251500.0
2021-11-25 00:00:00+00:00,150.9,150.89,0.0,19507500.0,100.8,2530.9,7704.0,31.8,255000.0,254500.0,245500.0,255500.0
2021-11-26 00:00:00+00:00,165.1,165.09,0.0,21343500.0,110.2,2530.9,7704.0,31.8,279000.0,278500.0,256500.0,280500.0
2021-11-29 00:00:00+00:00,163.9,163.91,0.0,21190510.0,109.4,2530.9,7704.0,31.8,277000.0,276500.0,267500.0,300000.0
2021-11-30 00:00:00+00:00,166.0,165.98,0.0,21458260.0,110.8,2530.9,7704.0,31.8,280500.0,280000.0,262000.0,283000.0
2021-12-01 00:00:00+00:00,156.2,156.21,0.0,20196000.0,104.3,2530.9,7704.0,31.8,264500.0,264000.0,262000.0,288000.0
2021-12-02 00:00:00+00:00,153.8,153.85,0.0,19890000.0,102.7,2530.9,7704.0,31.8,260500.0,260000.0,255500.0,268000.0
2021-12-03 00:00:00+00:00,148.2,148.22,0.0,19163250.0,99.0,2530.9,7704.0,31.8,251000.0,250500.0,244500.0,254000.0
2021-12-06 00:00:00+00:00,145.9,145.86,0.0,18857250.0,97.4,2530.9,7704.0,31.8,247000.0,246500.0,244000.0,255500.0
2021-12-07 00:00:00+00:00,138.8,138.76,0.0,17939250.0,92.7,2530.9,7704.0,31.8,234500.0,234000.0,234000.0,240500.0
2021-12-08 00:00:00+00:00,143.5,143.49,0.0,18551250.0,95.8,2530.9,7704.0,31.8,242500.0,242000.0,241000.0,252000.0
2021-12-09 00:00:00+00:00,147.6,147.63,0.0,19086750.0,98.6,2530.9,7704.0,31.8,249500.0,249000.0,243000.0,249500.0
2021-12-10 00:00:00+00:00,147.3,147.34,0.0,19048500.0,98.4,2530.9,7704.0,31.8,249000.0,248500.0,242500.0,250500.0
2021-12-13 00:00:00+00:00,146.7,146.75,0.0,18972000.0,98.0,2530.9,7704.0,31.8,248500.0,248000.0,246500.0,252000.0
2021-12-14 00:00:00+00:00,152.7,152.66,0.0,19737010.0,101.9,2530.9,7704.0,31.8,258000.0,257500.0,249000.0,269000.0
2021-12-15 00:00:00+00:00,153.8,153.85,0.0,19890000.0,102.7,2530.9,7704.0,31.8,260500.0,260000.0,254000.0,261000.0
2021-12-16 00:00:00+00:00,152.7,152.66,0.0,19737010.0,101.9,2530.9,7585.0,34.01,258500.0,258000.0,256500.0,266000.0
2021-12-17 00:00:00+00:00,159.8,159.76,0.0,20654990.0,106.7,2530.9,7585.0,34.01,270000.0,269500.0,260500.0,274500.0
2021-12-20 00:00:00+00:00,162.1,162.13,0.0,20961010.0,108.3,2530.9,7585.0,34.01,274500.0,274000.0,271500.0,282500.0
2021-12-21 00:00:00+00:00,149.7,149.7,0.0,19354500.0,100.0,2530.9,7585.0,34.01,253500.0,253000.0,252500.0,268500.0
2021-12-22 00:00:00+00:00,145.6,145.56,0.0,18819010.0,97.2,2530.9,7585.0,34.01,246500.0,246000.0,245000.0,256500.0
2021-12-23 00:00:00+00:00,147.6,147.63,0.0,19086750.0,98.6,2530.9,7585.0,34.01,250000.0,249500.0,234000.0,263500.0
2021-12-24 00:00:00+00:00,141.4,141.42,0.0,18283500.0,94.4,2530.9,7585.0,34.01,239000.0,238500.0,237000.0,253000.0
2021-12-27 00:00:00+00:00,132.2,132.25,0.0,17097740.0,88.3,2530.9,7585.0,34.01,224000.0,223500.0,223000.0,237000.0
2021-12-28 00:00:00+00:00,131.1,131.07,0.0,16944750.0,87.5,2530.9,7585.0,34.01,222000.0,221500.0,217500.0,229000.0
2021-12-29 00:00:00+00:00,132.2,132.25,0.0,17097740.0,88.3,2530.9,7585.0,34.01,224000.0,223500.0,221500.0,228500.0
2021-12-30 00:00:00+00:00,133.1,133.14,0.0,17212500.0,88.9,2530.9,7585.0,34.01,225500.0,225000.0,221500.0,226000.0
2021-12-31 00:00:00+00:00,133.1,133.14,0.0,17212500.0,88.9,2530.9,7585.0,34.01,,,,
2022-01-03 00:00:00+00:00,135.8,135.8,0.0,17556750.0,90.7,2530.9,7585.0,34.01,230000.0,229500.0,225000.0,231500.0
2022-01-04 00:00:00+00:00,132.2,132.25,0.0,17097740.0,88.3,2530.9,7585.0,34.01,224000.0,223500.0,223000.0,230500.0
2022-01-05 00:00:00+00:00,128.1,128.11,0.0,16562260.0,85.5,2530.9,7585.0,34.01,217000.0,216500.0,215000.0,221500.0
2022-01-06 00:00:00+00:00,118.3,118.34,0.0,15300000.0,79.0,2530.9,7585.0,34.01,200500.0,200000.0,199500.0,209500.0
2022-01-07 00:00:00+00:00,126.0,126.04,0.0,16294500.0,84.2,2530.9,7585.0,34.01,213000.0,212500.0,200500.0,214500.0
2022-01-10 00:00:00+00:00,126.0,126.04,0.0,16294500.0,84.2,2530.9,7585.0,34.01,213500.0,213000.0,213000.0,222500.0
2022-01-11 00:00:00+00:00,128.1,128.11,0.0,16562260.0,85.5,2530.9,7585.0,34.01,217000.0,216500.0,214500.0,223500.0
2022-01-12 00:00:00+00:00,128.4,128.4,0.0,16600510.0,85.7,2530.9,7585.0,34.01,217500.0,217000.0,212000.0,231000.0
2022-01-13 00:00:00+00:00,121.9,121.89,0.0,15759010.0,81.4,2530.9,7585.0,34.01,206500.0,206000.0,205500.0,219500.0
2022-01-14 00:00:00+00:00,118.3,118.34,0.0,15300000.0,79.0,2530.9,7585.0,34.01,200500.0,200000.0,193000.0,204000.0
2022-01-17 00:00:00+00:00,116.3,116.27,0.0,15032260.0,77.6,2530.9,7585.0,34.01,196500.0,196000.0,195500.0,203000.0
2022-01-18 00:00:00+00:00,111.5,111.54,0.0,14420260.0,74.5,2530.9,7585.0,34.01,188500.0,188000.0,186500.0,199500.0
2022-01-19 00:00:00+00:00,110.1,110.06,0.0,14229010.0,73.5,2530.9,7585.0,34.01,186000.0,185500.0,179500.0,188500.0
2022-01-20 00:00:00+00:00,112.4,112.43,0.0,14535000.0,75.1,2530.9,7563.83,24.92,190000.0,189500.0,182500.0,191500.0
2022-01-21 00:00:00+00:00,109.5,109.47,0.0,14152500.0,73.1,2530.9,7563.83,24.92,185000.0,184500.0,183500.0,195500.0
2022-01-24 00:00:00+00:00,105.3,105.33,0.0,13617010.0,70.3,2530.9,7563.83,24.92,178500.0,178000.0,175500.0,184000.0
2022-01-25 00:00:00+00:00,101.8,101.78,0.0,13158000.0,68.0,2530.9,7563.83,24.92,172000.0,171500.0,171500.0,180000.0
2022-01-26 00:00:00+00:00,100.0,100.0,0.0,12928500.0,66.8,2530.9,7563.83,24.92,169000.0,168500.0,168000.0,176000.0
2022-01-27 00:00:00+00:00,95.3,95.27,0.0,12316500.0,63.6,2530.9,7563.83,24.92,161000.0,160500.0,159500.0,170500.0
2022-01-28 00:00:00+00:00,97.6,97.63,0.0,12622510.0,65.2,2530.9,7563.83,24.92,165000.0,164500.0,157500.0,168000.0
2022-01-31 00:00:00+00:00,97.6,97.63,0.0,12622510.0,65.2,2530.9,7563.83,24.92,,,,
2022-02-01 00:00:00+00:00,97.6,97.63,0.0,12622510.0,65.2,2530.9,7563.83,24.92,,,,
2022-02-02 00:00:00+00:00,97.6,97.63,0.0,12622510.0,65.2,2530.9,7563.83,24.92,,,,
2022-02-03 00:00:00+00:00,99.7,99.7,0.0,12890250.0,66.6,2530.9,7563.83,24.92,168500.0,168000.0,165500.0,175500.0
2022-02-04 00:00:00+00:00,103.3,103.25,0.0,13349250.0,68.9,2530.9,7563.83,24.92,175000.0,174500.0,165500.0,178000.0
2022-02-07 00:00:00+00:00,100.6,100.59,0.0,13005010.0,35.1,4844.07,7563.83,24.92,170500.0,170000.0,169000.0,178500.0
2022-02-08 00:00:00+00:00,98.2,98.22,0.0,12699000.0,34.3,4844.07,7563.83,24.92,166000.0,165500.0,163500.0,174000.0
2022-02-09 00:00:00+00:00,96.7,96.75,0.0,12507750.0,33.8,4844.07,7563.83,24.92,164000.0,163500.0,160000.0,168500.0
2022-02-10 00:00:00+00:00,96.2,96.15,0.0,12431260.0,33.5,4844.07,7563.83,24.92,163000.0,162500.0,162000.0,171000.0
2022-02-11 00:00:00+00:00,92.3,92.31,0.0,11934000.0,32.2,4844.07,7563.83,24.92,156500.0,156000.0,155000.0,163000.0
2022-02-14 00:00:00+00:00,96.2,96.15,0.0,12431260.0,33.5,4844.07,7563.83,24.92,162500.0,162000.0,150000.0,163000.0
2022-02-15 00:00:00+00:00,86.4,86.39,0.0,11169000.0,30.1,4844.07,7563.83,24.92,146500.0,146000.0,145500.0,161000.0
2022-02-16 00:00:00+00:00,88.8,88.76,0.0,11475010.0,31.0,4844.07,7563.83,24.92,150000.0,149500.0,148500.0,152000.0
2022-02-17 00:00:00+00:00,87.6,87.57,0.0,11322000.0,30.6,4844.07,6832.67,21.37,148000.0,147500.0,145500.0,151500.0
2022-02-18 00:00:00+00:00,89.1,89.05,0.0,11513250.0,31.1,4844.07,6832.67,21.37,151000.0,150500.0,144500.0,151500.0
2022-02-21 00:00:00+00:00,89.3,89.35,0.0,11551500.0,31.2,4844.07,6832.67,21.37,151500.0,151000.0,147000.0,151500.0
2022-02-22 00:00:00+00:00,86.7,86.69,0.0,11207250.0,30.2,4844.07,6832.67,21.37,146500.0,146000.0,144000.0,149000.0
2022-02-23 00:00:00+00:00,87.0,86.98,0.0,11245510.0,30.3,4844.07,6832.67,21.37,147500.0,147000.0,147000.0,151000.0
2022-02-24 00:00:00+00:00,81.1,81.07,0.0,10480510.0,28.3,4844.07,6832.67,21.37,137500.0,137000.0,136500.0,145500.0
2022-02-25 00:00:00+00:00,83.1,83.14,0.0,10748260.0,29.0,4844.07,6832.67,21.37,140500.0,140000.0,138500.0,144500.0
2022-02-28 00:00:00+00:00,86.4,86.39,0.0,11169000.0,30.1,4844.07,6832.67,21.37,146000.0,145500.0,139500.0,148500.0
2022-03-01 00:00:00+00:00,86.4,86.39,0.0,11169000.0,30.1,4844.07,6832.67,21.37,,,,
2022-03-02 00:00:00+00:00,86.1,86.09,0.0,11130750.0,30.0,4844.07,6832.67,21.37,146000.0,145500.0,145000.0,149000.0
2022-03-03 00:00:00+00:00,88.2,88.17,0.0,11398500.0,30.8,4844.07,6832.67,21.37,149500.0,149000.0,145500.0,151000.0
2022-03-04 00:00:00+00:00,86.4,86.39,0.0,11169000.0,30.1,4844.07,6832.67,21.37,146500.0,146000.0,144000.0,149000.0
2022-03-07 00:00:00+00:00,87.0,86.98,0.0,11245510.0,30.3,4844.07,6832.67,21.37,147000.0,146500.0,142500.0,149000.0
2022-03-08 00:00:00+00:00,86.1,86.09,0.0,11130750.0,30.0,4844.07,6832.67,21.37,145500.0,145000.0,144000.0,147000.0
2022-03-09 00:00:00+00:00,86.1,86.09,0.0,11130750.0,30.0,4844.07,6832.67,21.37,,,,
2022-03-10 00:00:00+00:00,88.8,88.76,0.0,11475010.0,31.0,4844.07,6832.67,21.37,150000.0,149500.0,147500.0,150000.0
2022-03-11 00:00:00+00:00,87.6,87.57,0.0,11322000.0,30.6,4844.07,6832.67,21.37,148500.0,148000.0,147000.0,155000.0
2022-03-14 00:00:00+00:00,87.0,86.98,0.0,11245510.0,30.3,4844.07,6832.67,21.37,147000.0,146500.0,146500.0,150500.0
2022-03-15 00:00:00+00:00,80.5,80.47,0.0,10404010.0,28.1,4844.07,6832.67,21.37,136000.0,135500.0,135000.0,149500.0
2022-03-16 00:00:00+00:00,81.4,81.36,0.0,10518760.0,28.4,4844.07,6832.67,21.37,137500.0,137000.0,134000.0,138500.0
2022-03-17 00:00:00+00:00,81.7,81.66,0.0,10557010.0,28.5,4844.07,6812.0,19.96,138500.0,138000.0,138000.0,143000.0
2022-03-18 00:00:00+00:00,87.6,87.57,0.0,11322000.0,30.6,4844.07,6812.0,19.96,148000.0,147500.0,139000.0,155500.0
2022-03-21 00:00:00+00:00,88.2,88.17,0.0,11398500.0,30.8,4844.07,6812.0,19.96,149500.0,149000.0,143500.0,152500.0
2022-03-22 00:00:00+00:00,85.8,85.8,0.0,11092510.0,29.9,4844.07,6812.0,19.96,145500.0,145000.0,145000.0,151000.0
2022-03-23 00:00:00+00:00,91.7,91.72,0.0,11873010.0,32.0,4844.07,6812.0,19.96,155000.0,154500.0,146500.0,155000.0
2022-03-24 00:00:00+00:00,92.0,92.01,0.0,11911300.0,32.1,4844.07,6812.0,19.96,155500.0,155000.0,152000.0,156500.0
2022-03-25 00:00:00+00:00,91.4,91.42,0.0,11834700.0,31.9,4844.07,6812.0,19.96,154500.0,154000.0,153000.0,158500.0
2022-03-28 00:00:00+00:00,88.8,88.76,0.0,11490000.0,31.0,4844.07,6812.0,19.96,150500.0,150000.0,150000.0,157500.0
2022-03-29 00:00:00+00:00,89.1,89.05,0.0,11528310.0,31.1,4844.07,6812.0,19.96,151000.0,150500.0,150000.0,153000.0
2022-03-30 00:00:00+00:00,92.3,92.31,0.0,11949600.0,32.2,4844.07,6812.0,19.96,156000.0,155500.0,152000.0,158000.0
2022-03-31 00:00:00+00:00,92.9,92.9,0.0,12026200.0,32.4,4844.07,6812.0,19.96,157000.0,156500.0,155000.0,162000.0
2022-04-01 00:00:00+00:00,90.5,90.53,0.0,11719810.0,31.6,4844.07,6812.0,19.96,153500.0,153000.0,151500.0,156000.0
2022-04-04 00:00:00+00:00,92.0,92.01,0.0,11911300.0,32.1,4844.07,6812.0,19.96,155500.0,155000.0,149500.0,156000.0
2022-04-05 00:00:00+00:00,91.7,91.72,0.0,11873010.0,32.0,4844.07,6812.0,19.96,155500.0,155000.0,154500.0,158500.0
2022-04-06 00:00:00+00:00,87.3,87.28,0.0,11298500.0,30.4,4844.07,6812.0,19.96,147500.0,147000.0,146500.0,152500.0
2022-04-07 00:00:00+00:00,84.9,84.91,0.0,10992110.0,29.6,4844.07,6812.0,19.96,144000.0,143500.0,143500.0,146500.0
2022-04-08 00:00:00+00:00,84.6,84.62,0.0,10953810.0,29.5,4844.07,6812.0,19.96,143500.0,143000.0,141000.0,146000.0
2022-04-11 00:00:00+00:00,82.5,82.54,0.0,10685710.0,28.8,4844.07,6812.0,19.96,140000.0,139500.0,138500.0,142500.0
2022-04-12 00:00:00+00:00,80.5,80.47,0.0,10417610.0,28.1,4844.07,6812.0,19.96,136500.0,136000.0,135500.0,140500.0
2022-04-13 00:00:00+00:00,82.0,81.95,0.0,10609110.0,28.6,4844.07,6812.0,19.96,139000.0,138500.0,136000.0,140000.0
2022-04-14 00:00:00+00:00,81.7,81.66,0.0,10570810.0,28.5,4844.07,6615.33,20.56,138500.0,138000.0,138000.0,141500.0
2022-04-15 00:00:00+00:00,79.3,79.29,0.0,10273180.0,27.7,4844.07,6615.33,20.56,134500.0,134000.0,131000.0,137000.0
2022-04-18 00:00:00+00:00,79.9,79.88,0.0,10349850.0,27.9,4844.07,6615.33,20.56,135500.0,135000.0,134000.0,141000.0
2022-04-19 00:00:00+00:00,80.8,80.77,0.0,10464850.0,28.2,4844.07,6615.33,20.56,136500.0,136000.0,134000.0,137000.0
2022-04-20 00:00:00+00:00,79.3,79.29,0.0,10273180.0,27.7,4844.07,6615.33,20.56,134500.0,134000.0,134000.0,137500.0
2022-04-21 00:00:00+00:00,78.1,78.11,0.0,10119850.0,27.2,4844.07,6615.33,20.56,132000.0,131500.0,131500.0,136000.0
2022-04-22 00:00:00+00:00,75.4,75.44,0.0,9774858.0,26.3,4844.07,6615.33,20.56,128000.0,127500.0,127000.0,132000.0
2022-04-25 00:00:00+00:00,80.5,80.47,0.0,10442630.0,28.1,4844.07,6615.33,20.56,136500.0,136000.0,129000.0,151500.0
2022-04-26 00:00:00+00:00,81.4,81.36,0.0,10557810.0,28.4,4844.07,6615.33,20.56,137500.0,137000.0,137000.0,144500.0
2022-04-27 00:00:00+00:00,83.1,83.14,0.0,10788160.0,29.0,4844.07,6615.33,20.56,140500.0,140000.0,132500.0,146000.0
2022-04-28 00:00:00+00:00,81.1,81.07,0.0,10519420.0,28.3,4844.07,6615.33,20.56,137500.0,137000.0,136000.0,141000.0
2022-04-29 00:00:00+00:00,80.2,80.18,0.0,10404240.0,28.0,4844.07,6615.33,20.56,136000.0,135500.0,133500.0,139500.0
2022-05-02 00:00:00+00:00,78.4,78.4,0.0,10173890.0,27.4,4844.07,6615.33,20.56,133000.0,132500.0,132000.0,140000.0
2022-05-03 00:00:00+00:00,79.0,78.99,0.0,10250670.0,27.6,4844.07,6615.33,20.56,133500.0,133000.0,132500.0,136500.0
2022-05-04 00:00:00+00:00,76.6,76.63,0.0,9943535.0,26.7,4844.07,6615.33,20.56,130000.0,129500.0,129500.0,134500.0
2022-05-05 00:00:00+00:00,76.6,76.63,0.0,9943535.0,26.7,4844.07,6615.33,20.56,,,,
2022-05-06 00:00:00+00:00,72.8,72.78,0.0,9444438.0,25.4,4844.07,6615.33,20.56,123500.0,123000.0,123000.0,127500.0
2022-05-09 00:00:00+00:00,72.8,72.78,0.0,9444438.0,25.4,4844.07,6615.33,20.56,123000.0,122500.0,121500.0,124500.0
2022-05-10 00:00:00+00:00,70.7,70.71,0.0,9175694.0,24.7,4844.07,6615.33,20.56,119500.0,119000.0,115000.0,121000.0
2022-05-11 00:00:00+00:00,73.4,73.37,0.0,9521223.0,25.6,4844.07,6615.33,20.56,124500.0,124000.0,118500.0,127000.0
2022-05-12 00:00:00+00:00,71.0,71.01,0.0,9214087.0,24.8,4844.07,6615.33,20.56,120500.0,120000.0,120000.0,125000.0
2022-05-13 00:00:00+00:00,72.5,72.49,0.0,9406047.0,26.4,4635.22,6615.33,20.56,122500.0,122000.0,121500.0,126000.0
2022-05-16 00:00:00+00:00,74.0,73.96,0.0,9598007.0,27.0,4635.22,6615.33,20.56,125000.0,124500.0,123500.0,129000.0
2022-05-17 00:00:00+00:00,74.0,73.96,0.0,9598007.0,27.0,4635.22,6615.33,20.56,125000.0,124500.0,124000.0,126500.0
2022-05-18 00:00:00+00:00,74.0,73.96,0.0,9598007.0,27.0,4635.22,6615.33,20.56,125000.0,124500.0,124500.0,126500.0
2022-05-19 00:00:00+00:00,71.9,71.89,0.0,9329263.0,26.2,4635.22,6281.75,19.9,122000.0,121500.0,121000.0,123500.0
2022-05-20 00:00:00+00:00,75.1,75.15,0.0,9751575.0,27.4,4635.22,6281.75,19.9,127000.0,126500.0,122500.0,127000.0
2022-05-23 00:00:00+00:00,78.7,78.7,0.0,10212280.0,28.7,4635.22,6281.75,19.9,133000.0,132500.0,127000.0,135000.0
2022-05-24 00:00:00+00:00,77.8,77.81,0.0,10097100.0,28.4,4635.22,6281.75,19.9,132000.0,131500.0,130000.0,135500.0
2022-05-25 00:00:00+00:00,79.6,79.59,0.0,10327460.0,29.0,4635.22,6281.75,19.9,134500.0,134000.0,132000.0,135500.0
2022-05-26 00:00:00+00:00,79.3,79.29,0.0,10289060.0,28.9,4635.22,6281.75,19.9,134000.0,133500.0,132000.0,135500.0
2022-05-27 00:00:00+00:00,80.2,80.18,0.0,10404240.0,29.2,4635.22,6281.75,19.9,135500.0,135000.0,134000.0,137000.0
2022-05-30 00:00:00+00:00,79.6,79.59,0.0,10327460.0,29.0,4635.22,6281.75,19.9,135000.0,134500.0,134500.0,137000.0
2022-05-31 00:00:00+00:00,80.2,80.18,0.0,10404240.0,29.2,4635.22,6281.75,19.9,135500.0,135000.0,130500.0,135500.0
2022-06-01 00:00:00+00:00,80.2,80.18,0.0,10404240.0,29.2,4635.22,6281.75,19.9,,,,
2022-06-02 00:00:00+00:00,77.5,77.51,0.0,10058710.0,28.3,4635.22,6281.75,19.9,131500.0,131000.0,130500.0,135000.0
2022-06-03 00:00:00+00:00,76.3,76.33,0.0,9905143.0,27.8,4635.22,6281.75,19.9,129500.0,129000.0,128000.0,132500.0
2022-06-06 00:00:00+00:00,76.3,76.33,0.0,9905143.0,27.8,4635.22,6281.75,19.9,,,,
2022-06-07 00:00:00+00:00,73.1,73.08,0.0,9482831.0,26.6,4635.22,6281.75,19.9,124000.0,123500.0,122000.0,129000.0
2022-06-08 00:00:00+00:00,74.3,74.26,0.0,9636399.0,27.1,4635.22,6281.75,19.9,126000.0,125500.0,125000.0,129000.0
2022-06-09 00:00:00+00:00,74.3,74.26,0.0,9636399.0,27.1,4635.22,6281.75,19.9,125500.0,125000.0,123000.0,125500.0
2022-06-10 00:00:00+00:00,71.6,71.6,0.0,9290870.0,26.1,4635.22,6281.75,19.9,121000.0,120500.0,120500.0,123000.0
2022-06-13 00:00:00+00:00,66.9,66.86,0.0,8676598.0,24.4,4635.22,6281.75,19.9,113000.0,112500.0,112500.0,118000.0
2022-06-14 00:00:00+00:00,64.8,64.79,0.0,8407853.0,23.6,4635.22,6281.75,19.9,109500.0,109000.0,107000.0,112000.0
2022-06-15 00:00:00+00:00,62.4,62.43,0.0,8100718.0,22.8,4635.22,6281.75,19.9,105500.0,105000.0,104000.0,110500.0
2022-06-16 00:00:00+00:00,60.9,60.95,0.0,7908757.0,22.2,4635.22,5639.5,19.42,103000.0,102500.0,102000.0,108500.0
2022-06-17 00:00:00+00:00,61.5,61.54,0.0,7985541.0,22.4,4635.22,5639.5,19.42,104000.0,103500.0,98600.0,104500.0
2022-06-20 00:00:00+00:00,58.4,58.4,0.0,7578586.0,21.3,4635.22,5639.5,19.42,98700.0,98600.0,97600.0,105000.0
2022-06-21 00:00:00+00:00,59.5,59.47,0.0,7716797.0,21.7,4635.22,5639.5,19.42,100500.0,100000.0,97600.0,101500.0
2022-06-22 00:00:00+00:00,58.5,58.46,0.0,7586264.0,21.3,4635.22,5639.5,19.42,98900.0,98800.0,98800.0,103000.0
2022-06-23 00:00:00+00:00,57.3,57.34,0.0,7440374.0,20.9,4635.22,5639.5,19.42,97000.0,96900.0,95100.0,100500.0
2022-06-24 00:00:00+00:00,60.7,60.65,0.0,7870365.0,22.1,4635.22,5639.5,19.42,103000.0,102500.0,96900.0,103500.0
2022-06-27 00:00:00+00:00,64.5,64.5,0.0,8369462.0,23.5,4635.22,5639.5,19.42,109000.0,108500.0,104000.0,112500.0
2022-06-28 00:00:00+00:00,63.9,63.91,0.0,8292678.0,23.3,4635.22,5639.5,19.42,108000.0,107500.0,107000.0,114500.0
2022-06-29 00:00:00+00:00,64.5,64.5,0.0,8369462.0,23.5,4635.22,5639.5,19.42,109500.0,109000.0,106500.0,117500.0
2022-06-30 00:00:00+00:00,59.5,59.47,0.0,7716797.0,21.7,4635.22,5639.5,19.42,101000.0,100500.0,100500.0,110500.0
2022-07-01 00:00:00+00:00,57.3,57.34,0.0,7440374.0,20.9,4635.22,5639.5,19.42,97000.0,96900.0,96300.0,102500.0
2022-07-04 00:00:00+00:00,58.0,58.05,0.0,7532515.0,21.2,4635.22,5639.5,19.42,98200.0,98100.0,96700.0,101000.0
2022-07-05 00:00:00+00:00,72.5,72.49,0.0,9406047.0,26.4,4635.22,5639.5,19.42,123000.0,122500.0,99600.0,124500.0
2022-07-06 00:00:00+00:00,71.9,71.89,0.0,9329263.0,26.2,4635.22,5639.5,19.42,122000.0,121500.0,115500.0,125500.0
2022-07-07 00:00:00+00:00,82.0,81.95,0.0,10634590.0,29.9,4635.22,5639.5,19.42,138500.0,138000.0,123500.0,145500.0
2022-07-08 00:00:00+00:00,82.8,82.84,0.0,10749770.0,30.2,4635.22,5639.5,19.42,140500.0,140000.0,135500.0,148000.0
2022-07-11 00:00:00+00:00,86.7,86.69,0.0,11248860.0,31.6,4635.22,5639.5,19.42,146500.0,146000.0,142500.0,154500.0
2022-07-12 00:00:00+00:00,87.3,87.28,0.0,11325650.0,31.8,4635.22,5639.5,19.42,147500.0,147000.0,144500.0,152000.0
2022-07-13 00:00:00+00:00,84.3,84.32,0.0,10941730.0,30.7,4635.22,5639.5,19.42,143000.0,142500.0,141000.0,156500.0
2022-07-14 00:00:00+00:00,88.8,88.76,0.0,11517600.0,32.4,4635.22,5096.92,28.94,150000.0,149500.0,139500.0,150000.0
2022-07-15 00:00:00+00:00,81.1,81.07,0.0,10519420.0,29.6,4635.22,5096.92,28.94,137000.0,136500.0,135500.0,145500.0
2022-07-18 00:00:00+00:00,79.3,79.29,0.0,10289060.0,28.9,4635.22,5096.92,28.94,134500.0,134000.0,129500.0,138500.0
2022-07-19 00:00:00+00:00,78.4,78.4,0.0,10173890.0,28.6,4635.22,5096.92,28.94,133000.0,132500.0,132000.0,138000.0
2022-07-20 00:00:00+00:00,79.3,79.29,0.0,10289060.0,28.9,4635.22,5096.92,28.94,134000.0,133500.0,132000.0,137500.0
2022-07-21 00:00:00+00:00,77.2,77.22,0.0,10020320.0,28.2,4635.22,5096.92,28.94,131000.0,130500.0,130000.0,135500.0
2022-07-22 00:00:00+00:00,76.0,76.04,0.0,9866751.0,27.7,4635.22,5096.92,28.94,129000.0,128500.0,128000.0,132000.0
2022-07-25 00:00:00+00:00,75.7,75.74,0.0,9828359.0,27.6,4635.22,5096.92,28.94,128500.0,128000.0,125500.0,130000.0
2022-07-26 00:00:00+00:00,76.0,76.04,0.0,9866751.0,27.7,4635.22,5096.92,28.94,129000.0,128500.0,128000.0,131500.0
2022-07-27 00:00:00+00:00,77.5,77.51,0.0,10058710.0,28.3,4635.22,5096.92,28.94,131000.0,130500.0,128500.0,132500.0
2022-07-28 00:00:00+00:00,75.1,75.15,0.0,9751575.0,28.5,4456.74,5096.92,28.94,127000.0,126500.0,126500.0,132500.0
2022-07-29 00:00:00+00:00,72.2,72.19,0.0,9367654.0,27.4,4456.74,5096.92,28.94,122000.0,121500.0,120000.0,128000.0
2022-08-01 00:00:00+00:00,72.8,72.78,0.0,9444438.0,27.6,4456.74,5096.92,28.94,123000.0,122500.0,117500.0,123500.0
2022-08-02 00:00:00+00:00,71.6,71.6,0.0,9290870.0,27.1,4456.74,5096.92,28.94,121500.0,121000.0,120500.0,124000.0
2022-08-03 00:00:00+00:00,72.8,72.78,0.0,9444438.0,27.6,4456.74,5096.92,28.94,123000.0,122500.0,121500.0,124000.0
2022-08-04 00:00:00+00:00,73.7,73.67,0.0,9559615.0,27.9,4456.74,5096.92,28.94,124500.0,124000.0,124000.0,127000.0
2022-08-05 00:00:00+00:00,76.9,76.92,0.0,9981927.0,29.2,4456.74,5096.92,28.94,130500.0,130000.0,125500.0,135000.0
2022-08-08 00:00:00+00:00,77.5,77.51,0.0,10058710.0,29.4,4456.74,5096.92,28.94,131000.0,130500.0,130000.0,133500.0
2022-08-09 00:00:00+00:00,72.8,72.78,0.0,9444438.0,27.6,4456.74,5096.92,28.94,123500.0,123000.0,121000.0,128000.0
2022-08-10 00:00:00+00:00,71.6,71.6,0.0,9290870.0,27.1,4456.74,5096.92,28.94,121500.0,121000.0,119500.0,122500.0
2022-08-11 00:00:00+00:00,74.9,74.85,0.0,9713182.0,28.4,4456.74,5096.92,28.94,126500.0,126000.0,122000.0,126500.0
2022-08-12 00:00:00+00:00,76.6,76.63,0.0,9943535.0,29.1,4456.74,5096.92,28.94,130000.0,129500.0,128500.0,133000.0
2022-08-15 00:00:00+00:00,76.6,76.63,0.0,9943535.0,29.1,4456.74,5096.92,28.94,,,,
2022-08-16 00:00:00+00:00,76.0,76.04,0.0,9866751.0,28.8,4456.74,5096.92,28.94,129000.0,128500.0,128000.0,132500.0
2022-08-17 00:00:00+00:00,76.0,76.04,0.0,9866751.0,28.8,4456.74,5096.92,28.94,129000.0,128500.0,128000.0,130500.0
2022-08-18 00:00:00+00:00,72.2,72.19,0.0,9367654.0,27.4,4456.74,4534.33,28.34,122500.0,122000.0,122000.0,127500.0
2022-08-19 00:00:00+00:00,68.9,68.93,0.0,8945342.0,26.1,4456.74,4534.33,28.34,116500.0,116000.0,116500.0,121500.0
2022-08-22 00:00:00+00:00,66.6,66.57,0.0,8638206.0,25.2,4456.74,4534.33,28.34,113000.0,112500.0,112000.0,116500.0
2022-08-23 00:00:00+00:00,64.5,64.5,0.0,8369462.0,24.5,4456.74,4534.33,28.34,109500.0,109000.0,108500.0,112500.0
2022-08-24 00:00:00+00:00,67.2,67.16,0.0,8714990.0,25.5,4456.74,4534.33,28.34,113500.0,113000.0,108000.0,113500.0
2022-08-25 00:00:00+00:00,68.9,68.93,0.0,8945342.0,26.1,4456.74,4534.33,28.34,117000.0,116500.0,112000.0,118000.0
2022-08-26 00:00:00+00:00,67.5,67.46,0.0,8753382.0,25.6,4456.74,4534.33,28.34,114000.0,113500.0,113000.0,117500.0
2022-08-29 00:00:00+00:00,66.9,66.86,0.0,8676598.0,25.4,4456.74,4534.33,28.34,113500.0,113000.0,110000.0,113500.0
2022-08-30 00:00:00+00:00,67.2,67.16,0.0,8714990.0,25.5,4456.74,4534.33,28.34,114000.0,113500.0,113000.0,116000.0
2022-08-31 00:00:00+00:00,66.9,66.86,0.0,8676598.0,25.4,4456.74,4534.33,28.34,113000.0,112500.0,109000.0,113000.0
2022-09-01 00:00:00+00:00,63.9,63.91,0.0,8292678.0,24.2,4456.74,4534.33,28.34,108500.0,108000.0,108000.0,112000.0
2022-09-02 00:00:00+00:00,65.7,65.68,0.0,8523030.0,24.9,4456.74,4534.33,28.34,111500.0,111000.0,109000.0,115500.0
2022-09-05 00:00:00+00:00,62.7,62.72,0.0,8139109.0,23.8,4456.74,4534.33,28.34,106500.0,106000.0,105000.0,112500.0
2022-09-06 00:00:00+00:00,62.4,62.43,0.0,8100718.0,23.7,4456.74,4534.33,28.34,106000.0,105500.0,104000.0,107500.0
2022-09-07 00:00:00+00:00,60.9,60.95,0.0,7908757.0,23.1,4456.74,4534.33,28.34,103500.0,103000.0,100500.0,104500.0
2022-09-08 00:00:00+00:00,63.6,63.61,0.0,8254286.0,24.1,4456.74,4534.33,28.34,107500.0,107000.0,103500.0,108000.0
2022-09-09 00:00:00+00:00,63.6,63.61,0.0,8254286.0,24.1,4456.74,4534.33,28.34,,,,
2022-09-12 00:00:00+00:00,63.6,63.61,0.0,8254286.0,24.1,4456.74,4534.33,28.34,,,,
2022-09-13 00:00:00+00:00,65.7,65.68,0.0,8523030.0,24.9,4456.74,4534.33,28.34,111000.0,110500.0,109000.0,112500.0
2022-09-14 00:00:00+00:00,63.3,63.31,0.0,8215893.0,24.0,4456.74,4534.33,28.34,107000.0,106500.0,104500.0,107500.0
2022-09-15 00:00:00+00:00,61.8,61.83,0.0,8023934.0,23.4,4456.74,4579.5,24.24,105000.0,104500.0,104500.0,108500.0
2022-09-16 00:00:00+00:00,60.1,60.06,0.0,7793581.0,22.8,4456.74,4579.5,24.24,101500.0,101000.0,100500.0,103500.0
2022-09-19 00:00:00+00:00,57.8,57.81,0.0,7501802.0,21.9,4456.74,4579.5,24.24,97800.0,97700.0,97700.0,101500.0
2022-09-20 00:00:00+00:00,55.1,55.15,0.0,7156274.0,20.9,4456.74,4579.5,24.24,93300.0,93200.0,93100.0,98800.0
2022-09-21 00:00:00+00:00,53.9,53.91,0.0,6995027.0,20.4,4456.74,4579.5,24.24,91200.0,91100.0,89300.0,93100.0
2022-09-22 00:00:00+00:00,53.0,53.02,0.0,6879851.0,20.1,4456.74,4579.5,24.24,89700.0,89600.0,87300.0,90400.0
2022-09-23 00:00:00+00:00,51.0,51.01,0.0,6618785.0,19.3,4456.74,4579.5,24.24,86300.0,86200.0,85500.0,88600.0
2022-09-26 00:00:00+00:00,50.1,50.06,0.0,6495930.0,19.0,4456.74,4579.5,24.24,84700.0,84600.0,83200.0,86100.0
2022-09-27 00:00:00+00:00,50.4,50.41,0.0,6542001.0,19.1,4456.74,4579.5,24.24,85200.0,85100.0,82200.0,85700.0
2022-09-28 00:00:00+00:00,51.4,51.36,0.0,6664855.0,19.5,4456.74,4579.5,24.24,86800.0,86700.0,83700.0,89100.0
2022-09-29 00:00:00+00:00,50.0,50.0,0.0,6488252.0,19.0,4456.74,4579.5,24.24,84600.0,84500.0,84400.0,90200.0
2022-09-30 00:00:00+00:00,47.5,47.51,0.0,6165759.0,18.0,4456.74,4579.5,24.24,80400.0,80300.0,80300.0,84000.0
2022-10-03 00:00:00+00:00,47.5,47.51,0.0,6165759.0,18.0,4456.74,4579.5,24.24,,,,
2022-10-04 00:00:00+00:00,50.6,50.59,0.0,6565036.0,19.2,4456.74,4579.5,24.24,85500.0,85400.0,81500.0,86500.0
2022-10-05 00:00:00+00:00,46.7,46.75,0.0,6065940.0,17.7,4456.74,4579.5,24.24,79100.0,79000.0,78700.0,87400.0
2022-10-06 00:00:00+00:00,46.4,46.39,0.0,6019870.0,17.6,4456.74,4579.5,24.24,78500.0,78400.0,76500.0,79500.0
2022-10-07 00:00:00+00:00,42.9,42.9,0.0,5566844.0,16.3,4456.74,4579.5,24.24,72600.0,72500.0,71700.0,77500.0
2022-10-10 00:00:00+00:00,42.9,42.9,0.0,5566844.0,16.3,4456.74,4579.5,24.24,,,,
2022-10-11 00:00:00+00:00,40.7,40.71,0.0,5282742.0,15.4,4456.74,4579.5,24.24,68900.0,68800.0,68200.0,71600.0
2022-10-12 00:00:00+00:00,43.1,43.14,0.0,5597557.0,16.4,4456.74,4579.5,24.24,72900.0,72800.0,67600.0,73000.0
2022-10-13 00:00:00+00:00,42.7,42.72,0.0,5543808.0,16.2,4456.74,4579.5,24.24,72300.0,72200.0,70700.0,73800.0
2022-10-14 00:00:00+00:00,42.2,42.19,0.0,5474703.0,16.0,4456.74,4579.5,24.24,71300.0,71200.0,71100.0,74200.0
2022-10-17 00:00:00+00:00,43.7,43.73,0.0,5674341.0,16.6,4456.74,4579.5,24.24,73900.0,73800.0,67400.0,73900.0
2022-10-18 00:00:00+00:00,46.0,46.04,0.0,5973799.0,17.5,4456.74,4579.5,24.24,77900.0,77800.0,74100.0,79100.0
2022-10-19 00:00:00+00:00,44.3,44.32,0.0,5751125.0,16.8,4456.74,4579.5,24.24,74900.0,74800.0,74700.0,78500.0
2022-10-20 00:00:00+00:00,43.0,43.02,0.0,5582201.0,16.3,4456.74,2889.5,26.93,72800.0,72700.0,72000.0,75100.0
2022-10-21 00:00:00+00:00,42.5,42.49,0.0,5513095.0,16.1,4456.74,2889.5,26.93,71900.0,71800.0,71300.0,73000.0
2022-10-24 00:00:00+00:00,44.5,44.5,0.0,5774160.0,16.9,4456.74,2889.5,26.93,75300.0,75200.0,73900.0,79600.0
2022-10-25 00:00:00+00:00,46.3,46.27,0.0,6004513.0,17.5,4456.74,2889.5,26.93,78300.0,78200.0,74800.0,80000.0
2022-10-26 00:00:00+00:00,44.0,43.96,0.0,5705055.0,16.7,4456.74,2889.5,26.93,74300.0,74200.0,74000.0,79900.0
2022-10-27 00:00:00+00:00,45.1,45.15,0.0,5858623.0,17.1,4456.74,2889.5,26.93,76300.0,76200.0,75100.0,76600.0
2022-10-28 00:00:00+00:00,44.5,44.5,0.0,5774160.0,16.9,4456.74,2889.5,26.93,75300.0,75200.0,75100.0,77500.0
2022-10-31 00:00:00+00:00,44.7,44.73,0.0,5804874.0,20.2,3744.21,2889.5,26.93,75600.0,75500.0,75200.0,78900.0
2022-11-01 00:00:00+00:00,45.1,45.15,0.0,5858623.0,20.4,3744.21,2889.5,26.93,76400.0,76300.0,73000.0,76400.0
2022-11-02 00:00:00+00:00,49.5,49.47,0.0,6419146.0,22.3,3744.21,2889.5,26.93,83700.0,83600.0,75700.0,84500.0
2022-11-03 00:00:00+00:00,47.8,47.75,0.0,6196473.0,21.6,3744.21,2889.5,26.93,80800.0,80700.0,79200.0,82200.0
2022-11-04 00:00:00+00:00,48.0,48.05,0.0,6234865.0,21.7,3744.21,2889.5,26.93,81300.0,81200.0,79600.0,82200.0
2022-11-07 00:00:00+00:00,50.2,50.18,0.0,6511287.0,22.6,3744.21,2889.5,26.93,84900.0,84800.0,81400.0,88300.0
2022-11-08 00:00:00+00:00,50.4,50.36,0.0,6534323.0,22.7,3744.21,2889.5,26.93,85100.0,85000.0,83800.0,85900.0
2022-11-09 00:00:00+00:00,50.7,50.71,0.0,6580393.0,22.9,3744.21,2889.5,26.93,85800.0,85700.0,84900.0,87900.0
2022-11-10 00:00:00+00:00,51.2,51.18,0.0,6641820.0,23.1,3744.21,2889.5,26.93,86500.0,86400.0,84600.0,87300.0
2022-11-11 00:00:00+00:00,53.9,53.91,0.0,6995027.0,24.3,3744.21,2889.5,26.93,91100.0,91000.0,88700.0,91500.0
2022-11-14 00:00:00+00:00,55.8,55.8,0.0,7240736.0,25.2,3744.21,2889.5,26.93,94300.0,94200.0,91500.0,98200.0
2022-11-15 00:00:00+00:00,59.1,59.05,0.0,7663049.0,26.7,3744.21,2889.5,26.93,99800.0,99700.0,95200.0,99800.0
2022-11-16 00:00:00+00:00,57.2,57.16,0.0,7417339.0,25.8,3744.21,2889.5,26.93,96700.0,96600.0,96500.0,104000.0
2022-11-17 00:00:00+00:00,57.2,57.16,0.0,7417339.0,25.8,3744.21,2131.58,46.82,96700.0,96600.0,96000.0,100500.0
2022-11-18 00:00:00+00:00,54.1,54.08,0.0,7018062.0,24.4,3744.21,2131.58,46.82,91400.0,91300.0,90700.0,97300.0
2022-11-21 00:00:00+00:00,52.5,52.54,0.0,6818424.0,23.7,3744.21,2131.58,46.82,88900.0,88800.0,88500.0,92500.0
2022-11-22 00:00:00+00:00,51.3,51.3,0.0,6657177.0,23.2,3744.21,2131.58,46.82,86800.0,86700.0,86300.0,89700.0
2022-11-23 00:00:00+00:00,47.3,47.28,0.0,6135045.0,21.3,3744.21,2131.58,46.82,80000.0,79900.0,78500.0,84100.0
2022-11-24 00:00:00+00:00,48.2,48.17,0.0,6250222.0,21.7,3744.21,2131.58,46.82,81500.0,81400.0,79200.0,81800.0
2022-11-25 00:00:00+00:00,48.3,48.28,0.0,6265579.0,21.8,3744.21,2131.58,46.82,81700.0,81600.0,80300.0,84300.0
2022-11-28 00:00:00+00:00,47.2,47.22,0.0,6127367.0,21.3,3744.21,2131.58,46.82,79800.0,79700.0,79500.0,82000.0
2022-11-29 00:00:00+00:00,47.8,47.75,0.0,6196473.0,21.6,3744.21,2131.58,46.82,80800.0,80700.0,79800.0,81100.0
2022-11-30 00:00:00+00:00,49.0,48.99,0.0,6357720.0,22.1,3744.21,2131.58,46.82,82900.0,82800.0,80100.0,83000.0
2022-12-01 00:00:00+00:00,49.2,49.23,0.0,6388433.0,22.2,3744.21,2131.58,46.82,83300.0,83200.0,82700.0,85400.0
2022-12-02 00:00:00+00:00,48.4,48.4,0.0,6280935.0,21.8,3744.21,2131.58,46.82,81800.0,81700.0,81300.0,84900.0
2022-12-05 00:00:00+00:00,48.9,48.88,0.0,6342363.0,22.1,3744.21,2131.58,46.82,82600.0,82500.0,81400.0,83700.0
2022-12-06 00:00:00+00:00,50.2,50.18,0.0,6511287.0,22.6,3744.21,2131.58,46.82,84800.0,84700.0,81900.0,86700.0
2022-12-07 00:00:00+00:00,48.9,48.93,0.0,6350041.0,22.1,3744.21,2131.58,46.82,82700.0,82600.0,82300.0,85400.0
2022-12-08 00:00:00+00:00,49.6,49.59,0.0,6434504.0,22.4,3744.21,2131.58,46.82,83800.0,83700.0,81000.0,83800.0
2022-12-09 00:00:00+00:00,49.1,49.05,0.0,6365398.0,22.1,3744.21,2131.58,46.82,82900.0,82800.0,82500.0,84900.0
2022-12-12 00:00:00+00:00,48.5,48.52,0.0,6296292.0,21.9,3744.21,2131.58,46.82,82100.0,82000.0,81800.0,84100.0
2022-12-13 00:00:00+00:00,49.1,49.11,0.0,6373076.0,22.2,3744.21,2131.58,46.82,83100.0,83000.0,82300.0,83600.0
2022-12-14 00:00:00+00:00,52.8,52.78,0.0,6849137.0,23.8,3744.21,2131.58,46.82,89200.0,89100.0,83900.0,91800.0
2022-12-15 00:00:00+00:00,50.7,50.65,0.0,6572714.0,22.9,3744.21,2096.0,39.6,85600.0,85500.0,85500.0,90800.0
2022-12-16 00:00:00+00:00,50.6,50.59,0.0,6565036.0,22.8,3744.21,2096.0,39.6,85600.0,85500.0,82100.0,85500.0
2022-12-19 00:00:00+00:00,49.5,49.53,0.0,6426825.0,22.4,3744.21,2096.0,39.6,83800.0,83700.0,83700.0,84800.0
2022-12-20 00:00:00+00:00,48.0,48.05,0.0,6234865.0,21.7,3744.21,2096.0,39.6,81200.0,81100.0,81000.0,83400.0
2022-12-21 00:00:00+00:00,48.3,48.34,0.0,6273257.0,21.8,3744.21,2096.0,39.6,81800.0,81700.0,81200.0,82900.0
2022-12-22 00:00:00+00:00,48.5,48.52,0.0,6296292.0,21.9,3744.21,2096.0,39.6,82000.0,81900.0,81500.0,82600.0
2022-12-23 00:00:00+00:00,46.1,46.09,0.0,5981477.0,20.8,3744.21,2096.0,39.6,78000.0,77900.0,77600.0,81200.0
2022-12-26 00:00:00+00:00,46.3,46.27,0.0,6004513.0,20.9,3744.21,2096.0,39.6,78300.0,78200.0,77700.0,79300.0
2022-12-27 00:00:00+00:00,46.7,46.69,0.0,6058261.0,21.1,3744.21,2096.0,39.6,78900.0,78800.0,77500.0,79700.0
2022-12-28 00:00:00+00:00,44.4,44.38,0.0,5758804.0,20.0,3744.21,2096.0,39.6,75000.0,74900.0,74900.0,78500.0
2022-12-29 00:00:00+00:00,43.5,43.49,0.0,5643628.0,19.6,3744.21,2096.0,39.6,73600.0,73500.0,72700.0,75500.0
2022-12-30 00:00:00+00:00,43.5,43.49,0.0,5643628.0,19.6,3744.21,2096.0,39.6,,,,
2023-01-02 00:00:00+00:00,43.5,43.49,0.0,5643628.0,19.6,3744.21,2096.0,39.6,73600.0,73500.0,73000.0,76900.0
2023-01-03 00:00:00+00:00,42.8,42.78,0.0,5551487.0,19.3,3744.21,2096.0,39.6,72400.0,72300.0,70500.0,73500.0
2023-01-04 00:00:00+00:00,43.3,43.31,0.0,5620592.0,19.6,3744.21,2096.0,39.6,73300.0,73200.0,71200.0,74000.0
2023-01-05 00:00:00+00:00,44.4,44.44,0.0,5766482.0,20.1,3744.21,2096.0,39.6,75200.0,75100.0,73800.0,77500.0
2023-01-06 00:00:00+00:00,44.7,44.73,0.0,5804874.0,20.2,3744.21,2096.0,39.6,75600.0,75500.0,74300.0,76300.0
2023-01-09 00:00:00+00:00,45.6,45.62,0.0,5920050.0,20.6,3744.21,2096.0,39.6,77200.0,77100.0,76600.0,78500.0
2023-01-10 00:00:00+00:00,45.7,45.68,0.0,5927729.0,20.6,3744.21,2096.0,39.6,77300.0,77200.0,76600.0,78800.0
2023-01-11 00:00:00+00:00,46.1,46.09,0.0,5981477.0,20.8,3744.21,2096.0,39.6,78000.0,77900.0,77200.0,78800.0
2023-01-12 00:00:00+00:00,46.9,46.92,0.0,6088975.0,21.2,3744.21,2096.0,39.6,79300.0,79100.0,77400.0,79300.0
2023-01-13 00:00:00+00:00,46.3,46.33,0.0,6012191.0,20.9,3744.21,2096.0,39.6,78400.0,78300.0,78100.0,79500.0
2023-01-16 00:00:00+00:00,46.3,46.33,0.0,6012191.0,20.9,3744.21,2096.0,39.6,78300.0,78200.0,75900.0,78700.0
2023-01-17 00:00:00+00:00,45.4,45.44,0.0,5897015.0,20.5,3744.21,2096.0,39.6,76900.0,76800.0,76800.0,79700.0
2023-01-18 00:00:00+00:00,45.9,45.92,0.0,5958442.0,20.7,3744.21,2096.0,39.6,77600.0,77500.0,76700.0,78100.0
2023-01-19 00:00:00+00:00,45.7,45.68,0.0,5927729.0,20.6,3744.21,1570.25,48.91,77300.0,77200.0,76900.0,78300.0
2023-01-20 00:00:00+00:00,44.0,43.96,0.0,5705055.0,19.8,3744.21,1570.25,48.91,74300.0,74200.0,73500.0,76400.0
2023-01-23 00:00:00+00:00,44.0,43.96,0.0,5705055.0,19.8,3744.21,1570.25,48.91,,,,
2023-01-24 00:00:00+00:00,44.0,43.96,0.0,5705055.0,19.8,3744.21,1570.25,48.91,,,,
2023-01-25 00:00:00+00:00,44.4,44.38,0.0,5758804.0,20.0,3744.21,1570.25,48.91,75000.0,74900.0,74100.0,75500.0
2023-01-26 00:00:00+00:00,45.4,45.44,0.0,5897015.0,20.5,3744.21,1570.25,48.91,76800.0,76700.0,74100.0,76900.0
2023-01-27 00:00:00+00:00,47.5,47.51,0.0,6165759.0,21.4,3744.21,1570.25,48.91,80300.0,80200.0,76000.0,81200.0
2023-01-30 00:00:00+00:00,45.6,45.56,0.0,5912372.0,20.6,3744.21,1570.25,48.91,77100.0,77000.0,76900.0,80800.0
2023-01-31 00:00:00+00:00,44.4,44.38,0.0,5758804.0,20.0,3744.21,1570.25,48.91,75100.0,75000.0,75000.0,77600.0
2023-02-01 00:00:00+00:00,45.6,45.56,0.0,5912372.0,20.6,3744.21,1570.25,48.91,77000.0,76900.0,75100.0,77500.0
2023-02-02 00:00:00+00:00,46.9,46.86,0.0,6081297.0,21.2,3744.21,1570.25,48.91,79200.0,79100.0,77300.0,79700.0
2023-02-03 00:00:00+00:00,46.7,46.69,0.0,6058261.0,21.1,3744.21,1570.25,48.91,79000.0,78900.0,77800.0,79200.0
2023-02-06 00:00:00+00:00,45.7,45.68,0.0,5927729.0,20.6,3744.21,1570.25,48.91,77300.0,77200.0,77200.0,78800.0
2023-02-07 00:00:00+00:00,46.3,46.27,0.0,6004513.0,20.9,3744.21,1570.25,48.91,78300.0,78200.0,76500.0,79100.0
2023-02-08 00:00:00+00:00,46.1,46.09,0.0,5981477.0,48.8,1596.18,1570.25,48.91,78000.0,77900.0,77600.0,78900.0
2023-02-09 00:00:00+00:00,44.1,44.14,0.0,5728090.0,46.7,1596.18,1570.25,48.91,74600.0,74500.0,74400.0,77600.0
2023-02-10 00:00:00+00:00,43.1,43.14,0.0,5597557.0,45.7,1596.18,1570.25,48.91,73000.0,72900.0,72800.0,74600.0
2023-02-13 00:00:00+00:00,42.6,42.6,0.0,5528451.0,45.1,1596.18,1570.25,48.91,72100.0,72000.0,71500.0,73200.0
2023-02-14 00:00:00+00:00,42.8,42.78,0.0,5551487.0,45.3,1596.18,1570.25,48.91,72400.0,72300.0,72000.0,73000.0
2023-02-15 00:00:00+00:00,41.8,41.78,0.0,5420954.0,44.2,1596.18,1570.25,48.91,70700.0,70600.0,70500.0,73700.0
2023-02-16 00:00:00+00:00,43.0,43.02,0.0,5582201.0,45.5,1596.18,937.5,77.12,72800.0,72700.0,71000.0,73600.0
2023-02-17 00:00:00+00:00,42.4,42.43,0.0,5505416.0,44.9,1596.18,937.5,77.12,71800.0,71700.0,71400.0,73000.0
2023-02-20 00:00:00+00:00,43.5,43.49,0.0,5643628.0,46.0,1596.18,937.5,77.12,73500.0,73400.0,70800.0,73900.0
2023-02-21 00:00:00+00:00,43.4,43.37,0.0,5628271.0,45.9,1596.18,937.5,77.12,73400.0,73300.0,73000.0,74200.0
2023-02-22 00:00:00+00:00,42.8,42.78,0.0,5551487.0,45.3,1596.18,937.5,77.12,72300.0,72200.0,71500.0,72600.0
2023-02-23 00:00:00+00:00,42.5,42.54,0.0,5520773.0,45.0,1596.18,937.5,77.12,72000.0,71900.0,71800.0,72800.0
2023-02-24 00:00:00+00:00,42.0,41.95,0.0,5443989.0,44.4,1596.18,937.5,77.12,70900.0,70800.0,70800.0,72100.0
2023-02-27 00:00:00+00:00,40.7,40.65,0.0,5275064.0,43.0,1596.18,937.5,77.12,68800.0,68700.0,68700.0,70500.0
2023-02-28 00:00:00+00:00,41.2,41.24,0.0,5351848.0,43.7,1596.18,937.5,77.12,69700.0,69600.0,68800.0,69900.0
2023-03-01 00:00:00+00:00,41.2,41.24,0.0,5351848.0,43.7,1596.18,937.5,77.12,,,,
2023-03-02 00:00:00+00:00,40.2,40.18,0.0,5213637.0,42.5,1596.18,937.5,77.12,67900.0,67800.0,67800.0,69300.0
2023-03-03 00:00:00+00:00,42.4,42.37,0.0,5497738.0,44.9,1596.18,937.5,77.12,71600.0,71500.0,68200.0,71900.0
2023-03-06 00:00:00+00:00,42.4,42.43,0.0,5505416.0,44.9,1596.18,937.5,77.12,71800.0,71700.0,71100.0,72200.0
2023-03-07 00:00:00+00:00,42.7,42.72,0.0,5543808.0,45.2,1596.18,937.5,77.12,72200.0,72100.0,70600.0,73500.0
2023-03-08 00:00:00+00:00,41.5,41.54,0.0,5390240.0,44.0,1596.18,937.5,77.12,70300.0,70200.0,70100.0,71200.0
2023-03-09 00:00:00+00:00,42.8,42.78,0.0,5551487.0,45.3,1596.18,937.5,77.12,72300.0,72200.0,69600.0,73800.0
2023-03-10 00:00:00+00:00,41.4,41.36,0.0,5367205.0,43.8,1596.18,937.5,77.12,70000.0,69900.0,69300.0,71700.0
2023-03-13 00:00:00+00:00,40.9,40.89,0.0,5305778.0,43.3,1596.18,937.5,77.12,69200.0,69100.0,67700.0,70200.0
2023-03-14 00:00:00+00:00,40.5,40.53,0.0,5259707.0,42.9,1596.18,937.5,77.12,68500.0,68400.0,68300.0,71000.0
2023-03-15 00:00:00+00:00,40.4,40.41,0.0,5244351.0,42.8,1596.18,937.5,77.12,68400.0,68300.0,68200.0,70100.0
2023-03-16 00:00:00+00:00,39.2,39.17,0.0,5083104.0,41.5,1596.18,928.75,73.76,66300.0,66200.0,65200.0,68200.0
2023-03-17 00:00:00+00:00,41.2,41.24,0.0,5351848.0,43.7,1596.18,928.75,73.76,69800.0,69700.0,67000.0,69800.0
2023-03-20 00:00:00+00:00,42.3,42.31,0.0,5490060.0,44.8,1596.18,928.75,73.76,71500.0,71400.0,69000.0,72000.0
2023-03-21 00:00:00+00:00,41.7,41.72,0.0,5413276.0,44.2,1596.18,928.75,73.76,70600.0,70500.0,70500.0,72100.0
2023-03-22 00:00:00+00:00,42.1,42.13,0.0,5467024.0,44.6,1596.18,928.75,73.76,71200.0,71100.0,69800.0,71600.0
2023-03-23 00:00:00+00:00,41.5,41.48,0.0,5382562.0,43.9,1596.18,928.75,73.76,70200.0,70100.0,69600.0,70900.0
2023-03-24 00:00:00+00:00,41.3,41.3,0.0,5359526.0,43.7,1596.18,928.75,73.76,69900.0,69800.0,69600.0,71300.0
2023-03-27 00:00:00+00:00,41.9,41.89,0.0,5436310.0,44.4,1596.18,928.75,73.76,70800.0,70700.0,68300.0,71600.0
2023-03-28 00:00:00+00:00,41.4,41.36,0.0,5367205.0,43.8,1596.18,928.75,73.76,69900.0,69800.0,69600.0,71100.0
2023-03-29 00:00:00+00:00,40.7,40.65,0.0,5275064.0,43.0,1596.18,928.75,73.76,68700.0,68600.0,68400.0,70500.0
2023-03-30 00:00:00+00:00,42.4,42.37,0.0,5497738.0,44.9,1596.18,928.75,73.76,71700.0,71600.0,68800.0,72500.0
2023-03-31 00:00:00+00:00,42.7,42.66,0.0,5536130.0,45.2,1596.18,928.75,73.76,72100.0,72000.0,71100.0,72600.0
2023-04-03 00:00:00+00:00,42.8,42.78,0.0,5551487.0,45.3,1596.18,928.75,73.76,72400.0,72300.0,72100.0,75300.0
2023-04-04 00:00:00+00:00,44.6,44.62,0.0,5789517.0,47.2,1596.18,928.75,73.76,75500.0,75400.0,71500.0,75900.0
2023-04-05 00:00:00+00:00,44.1,44.08,0.0,5720411.0,46.7,1596.18,928.75,73.76,74500.0,74400.0,74000.0,76300.0
2023-04-06 00:00:00+00:00,43.5,43.49,0.0,5643628.0,46.0,1596.18,928.75,73.76,73600.0,73500.0,73200.0,76600.0
2023-04-07 00:00:00+00:00,43.7,43.73,0.0,5674341.0,46.3,1596.18,928.75,73.76,73900.0,73800.0,72600.0,74500.0
2023-04-10 00:00:00+00:00,42.9,42.9,0.0,5566844.0,45.4,1596.18,928.75,73.76,72500.0,72400.0,71000.0,73400.0
2023-04-11 00:00:00+00:00,44.2,44.2,0.0,5735769.0,46.8,1596.18,928.75,73.76,74800.0,74700.0,71800.0,75600.0
2023-04-12 00:00:00+00:00,43.5,43.49,0.0,5643628.0,46.0,1596.18,928.75,73.76,73600.0,73500.0,73000.0,74700.0
2023-04-13 00:00:00+00:00,48.0,47.99,0.0,6227186.0,50.8,1596.18,928.75,73.76,81200.0,81100.0,74300.0,82400.0
2023-04-14 00:00:00+00:00,49.3,49.35,0.0,6403790.0,52.2,1596.18,928.75,73.76,83500.0,83400.0,79800.0,84400.0
2023-04-17 00:00:00+00:00,46.5,46.51,0.0,6035226.0,49.2,1596.18,928.75,73.76,78700.0,78600.0,78600.0,84300.0
2023-04-18 00:00:00+00:00,46.4,46.45,0.0,6027548.0,49.2,1596.18,928.75,73.76,78500.0,78400.0,78000.0,80400.0
2023-04-19 00:00:00+00:00,45.4,45.44,0.0,5897015.0,48.1,1596.18,928.75,73.76,76900.0,76800.0,76800.0,79400.0
2023-04-20 00:00:00+00:00,44.5,44.5,0.0,5774160.0,47.1,1596.18,826.67,94.96,75300.0,75200.0,75100.0,78500.0
2023-04-21 00:00:00+00:00,44.9,44.91,0.0,5827910.0,47.6,1596.18,826.67,94.96,75900.0,75800.0,74700.0,76500.0
2023-04-24 00:00:00+00:00,43.0,42.96,0.0,5574522.0,45.5,1596.18,826.67,94.96,72600.0,72500.0,72500.0,76100.0
2023-04-25 00:00:00+00:00,42.1,42.13,0.0,5467024.0,44.6,1596.18,826.67,94.96,71300.0,71200.0,71000.0,73500.0
2023-04-26 00:00:00+00:00,42.2,42.25,0.0,5482381.0,44.7,1596.18,826.67,94.96,71400.0,71300.0,70400.0,72200.0
2023-04-27 00:00:00+00:00,41.9,41.89,0.0,5436310.0,67.6,1047.9,826.67,94.96,70900.0,70800.0,70100.0,71600.0
2023-04-28 00:00:00+00:00,41.7,41.66,0.0,5405597.0,67.2,1047.9,826.67,94.96,70400.0,70300.0,69500.0,70800.0
2023-05-01 00:00:00+00:00,41.7,41.66,0.0,5405597.0,67.2,1047.9,826.67,94.96,,,,
2023-05-02 00:00:00+00:00,42.0,42.01,0.0,5451667.0,67.8,1047.9,826.67,94.96,71100.0,71000.0,69800.0,71300.0
2023-05-03 00:00:00+00:00,42.2,42.25,0.0,5482381.0,68.1,1047.9,826.67,94.96,71500.0,71400.0,69800.0,71600.0
2023-05-04 00:00:00+00:00,49.2,49.17,0.0,6380755.0,79.3,1047.9,826.67,94.96,83100.0,83000.0,71600.0,85300.0
2023-05-05 00:00:00+00:00,49.2,49.17,0.0,6380755.0,79.3,1047.9,826.67,94.96,,,,
2023-05-08 00:00:00+00:00,46.0,45.98,0.0,5966120.0,74.1,1047.9,826.67,94.96,77700.0,77600.0,77500.0,83300.0
2023-05-09 00:00:00+00:00,48.5,48.46,0.0,6288614.0,78.2,1047.9,826.67,94.96,81900.0,81800.0,77900.0,82500.0
2023-05-10 00:00:00+00:00,47.7,47.69,0.0,6188795.0,76.9,1047.9,826.67,94.96,80700.0,80600.0,80000.0,83400.0
2023-05-11 00:00:00+00:00,46.1,46.09,0.0,5981477.0,74.3,1047.9,826.67,94.96,78000.0,77900.0,77800.0,81600.0
2023-05-12 00:00:00+00:00,46.2,46.15,0.0,5989156.0,74.4,1047.9,826.67,94.96,78000.0,77900.0,77300.0,79900.0
2023-05-15 00:00:00+00:00,45.3,45.27,0.0,5873980.0,73.0,1047.9,826.67,94.96,76600.0,76500.0,75100.0,77800.0
2023-05-16 00:00:00+00:00,46.9,46.92,0.0,6088975.0,75.7,1047.9,826.67,94.96,79300.0,79200.0,76900.0,79900.0
2023-05-17 00:00:00+00:00,46.6,46.63,0.0,6050583.0,75.2,1047.9,826.67,94.96,78900.0,78800.0,78400.0,79600.0
2023-05-18 00:00:00+00:00,45.8,45.8,0.0,5943085.0,73.9,1047.9,562.58,140.96,77400.0,77300.0,77200.0,80500.0
2023-05-19 00:00:00+00:00,47.0,46.98,0.0,6096654.0,75.8,1047.9,562.58,140.96,79400.0,79300.0,77300.0,79700.0
2023-05-22 00:00:00+00:00,47.4,47.4,0.0,6150402.0,76.4,1047.9,562.58,140.96,80100.0,80000.0,79500.0,81600.0
2023-05-23 00:00:00+00:00,47.9,47.93,0.0,6219508.0,77.3,1047.9,562.58,140.96,81100.0,81000.0,79900.0,82400.0
2023-05-24 00:00:00+00:00,48.2,48.22,0.0,6257900.0,77.8,1047.9,562.58,140.96,81600.0,81500.0,80200.0,84200.0
2023-05-25 00:00:00+00:00,46.9,46.86,0.0,6081297.0,75.6,1047.9,562.58,140.96,79300.0,79200.0,79200.0,81500.0
2023-05-26 00:00:00+00:00,47.2,47.16,0.0,6119689.0,76.1,1047.9,562.58,140.96,79800.0,79700.0,78700.0,80800.0
2023-05-29 00:00:00+00:00,47.2,47.16,0.0,6119689.0,76.1,1047.9,562.58,140.96,,,,
2023-05-30 00:00:00+00:00,48.3,48.28,0.0,6265579.0,77.9,1047.9,562.58,140.96,81700.0,81600.0,81300.0,83000.0
2023-05-31 00:00:00+00:00,49.1,49.05,0.0,6365398.0,79.1,1047.9,562.58,140.96,82900.0,82800.0,80700.0,83100.0
2023-06-01 00:00:00+00:00,48.3,48.28,0.0,6265579.0,77.9,1047.9,464.41,175.71,81700.0,81600.0,81500.0,84100.0
2023-06-02 00:00:00+00:00,48.6,48.58,0.0,6303970.0,78.3,1047.9,464.41,175.71,82100.0,82000.0,81300.0,82800.0
2023-06-05 00:00:00+00:00,,,,,,,464.41,178.08,82700.0,82600.0,80800.0,82800.0
