,0,1,2,3,4,5,6,7,8,9,10,11
Name,SD BIOSENSOR - PRICE INDEX,SD BIOSENSOR - TOT RETURN IND,SD BIOSENSOR - DIVIDEND YIELD,SD BIOSENSOR - MARKET VALUE,SD BIOSENSOR - PER,SD BIOSENSOR - EARNINGS PER SHR,SD BIOSENSOR - EPS 12M FWD,SD BIOSENSOR - PE RATIO 12M FWD,SD BIOSENSOR - ASK PRICE,SD BIOSENSOR - BID PRICE,SD BIOSENSOR - PRICE LOW,SD BIOSENSOR - PRICE HIGH
MNEM,KO:SD1,KO:SD1,KO:SD1,KO:SD1,KO:SD1,KO:SD1,KO:SD1,KO:SD1,KO:SD1,KO:SD1,KO:SD1,KO:SD1
DATATYPE,PI,RI,DY,MV,PE,EPS,DIEP,DIPE,PA,PB,PL,PH
NAME,SD BIOSENSOR,SD BIOSENSOR,SD BIOSENSOR,SD BIOSENSOR,SD BIOSENSOR,SD BIOSENSOR,SD BIOSENSOR,SD BIOSENSOR,SD BIOSENSOR,SD BIOSENSOR,SD BIOSENSOR,SD BIOSENSOR
SECD,BKSCSZ8,BKSCSZ8,BKSCSZ8,BKSCSZ8,BKSCSZ8,BKSCSZ8,BKSCSZ8,BKSCSZ8,BKSCSZ8,BKSCSZ8,BKSCSZ8,BKSCSZ8
ISIN,KR7137310009,KR7137310009,KR7137310009,KR7137310009,KR7137310009,KR7137310009,KR7137310009,KR7137310009,KR7137310009,KR7137310009,KR7137310009,KR7137310009
CODON,SOUTH KOREA,SOUTH KOREA,SOUTH KOREA,SOUTH KOREA,SOUTH KOREA,SOUTH KOREA,SOUTH KOREA,SOUTH KOREA,SOUTH KOREA,SOUTH KOREA,SOUTH KOREA,SOUTH KOREA
ISOCUR,KRW,KRW,KRW,KRW,KRW,KRW,KRW,KRW,KRW,KRW,KRW,KRW
2021-07-16 00:00:00+00:00,100.0,100.0,0.0,6299556.0,,,,,61000.0,60900.0,56900.0,66700.0
2021-07-19 00:00:00+00:00,96.9,96.89,0.0,6103341.0,,,,,59200.0,59100.0,59100.0,64800.0
2021-07-20 00:00:00+00:00,95.7,95.74,0.0,6031051.0,,,,,58500.0,58400.0,57100.0,60200.0
2021-07-21 00:00:00+00:00,94.8,94.75,0.0,5969088.0,,,,,57900.0,57800.0,57600.0,59700.0
2021-07-22 00:00:00+00:00,90.2,90.16,0.0,5679928.0,,,,,55100.0,55000.0,54900.0,58200.0
2021-07-23 00:00:00+00:00,93.4,93.44,0.0,5886471.0,,,,,57000.0,56900.0,55200.0,57200.0
2021-07-26 00:00:00+00:00,96.6,96.56,0.0,6082687.0,,,,,58900.0,58800.0,57300.0,60200.0
2021-07-27 00:00:00+00:00,95.1,95.08,0.0,5989742.0,,,,,58100.0,58000.0,57300.0,59000.0
2021-07-28 00:00:00+00:00,92.5,92.46,0.0,5824508.0,,,,,56400.0,56300.0,55900.0,58700.0
2021-07-29 00:00:00+00:00,91.5,91.48,0.0,5762545.0,,,,,55800.0,55700.0,55400.0,57100.0
2021-07-30 00:00:00+00:00,92.5,92.46,0.0,5824508.0,,,,,56500.0,56400.0,54900.0,56700.0
2021-08-02 00:00:00+00:00,91.1,91.15,0.0,5741891.0,,,,,55700.0,55600.0,55100.0,57300.0
2021-08-03 00:00:00+00:00,95.6,95.57,0.0,6020724.0,,,,,58300.0,58200.0,55400.0,58300.0
2021-08-04 00:00:00+00:00,95.4,95.41,0.0,6010396.0,,,,,58300.0,58200.0,57300.0,58800.0
2021-08-05 00:00:00+00:00,96.4,96.39,0.0,6072359.0,,,,,58900.0,58800.0,58200.0,59500.0
2021-08-06 00:00:00+00:00,94.9,94.92,0.0,5979415.0,,,,,58000.0,57900.0,57600.0,59000.0
2021-08-09 00:00:00+00:00,95.6,95.57,0.0,6020724.0,,,,,58400.0,58300.0,57200.0,58600.0
2021-08-10 00:00:00+00:00,101.3,101.31,0.0,6382174.0,,,,,61800.0,61700.0,58100.0,64400.0
2021-08-11 00:00:00+00:00,105.1,105.08,0.0,6619698.0,,,,,64200.0,64100.0,63300.0,68900.0
2021-08-12 00:00:00+00:00,100.3,100.33,0.0,6320211.0,,,,,61300.0,61200.0,60400.0,64400.0
2021-08-13 00:00:00+00:00,96.7,96.72,0.0,6093014.0,4.6,12860.93,,,59100.0,59000.0,58100.0,61500.0
2021-08-16 00:00:00+00:00,96.7,96.72,0.0,6093014.0,4.6,12860.93,,,,,,
2021-08-17 00:00:00+00:00,91.8,91.8,0.0,5783200.0,4.4,12860.93,,,56000.0,55900.0,55800.0,59500.0
2021-08-18 00:00:00+00:00,92.1,92.13,0.0,5803853.0,4.4,12860.93,,,56300.0,56200.0,56000.0,57700.0
2021-08-19 00:00:00+00:00,91.0,90.98,0.0,5731564.0,4.3,12860.93,,,55600.0,55500.0,55400.0,58000.0
2021-08-20 00:00:00+00:00,86.2,86.23,0.0,5432077.0,4.1,12860.93,,,52700.0,52600.0,52000.0,56500.0
2021-08-23 00:00:00+00:00,83.3,83.28,0.0,5246188.0,3.9,12860.93,,,50900.0,50800.0,50200.0,53300.0
2021-08-24 00:00:00+00:00,85.9,85.9,0.0,5411422.0,4.1,12860.93,,,52400.0,52300.0,50700.0,52800.0
2021-08-25 00:00:00+00:00,83.8,83.77,0.0,5277169.0,4.0,12860.93,,,51200.0,51100.0,50800.0,52200.0
2021-08-26 00:00:00+00:00,83.9,83.93,0.0,5287496.0,4.0,12860.93,,,51200.0,51100.0,51000.0,52100.0
2021-08-27 00:00:00+00:00,86.6,86.56,0.0,5452730.0,4.1,12860.93,,,52800.0,52700.0,50700.0,53400.0
2021-08-30 00:00:00+00:00,83.1,83.11,0.0,5235861.0,3.9,12860.93,,,50800.0,50700.0,50500.0,52900.0
2021-08-31 00:00:00+00:00,80.3,80.33,0.0,5060299.0,3.8,12860.93,,,49050.0,49000.0,48650.0,50900.0
2021-09-01 00:00:00+00:00,80.5,80.49,0.0,5070627.0,3.8,12860.93,,,49150.0,49100.0,48850.0,49900.0
2021-09-02 00:00:00+00:00,76.8,76.8,0.0,4838265.0,3.6,12860.93,,,46900.0,46850.0,46800.0,49300.0
2021-09-03 00:00:00+00:00,77.3,77.3,0.0,4869247.0,3.7,12860.93,,,47150.0,47100.0,45550.0,48450.0
2021-09-06 00:00:00+00:00,75.3,75.33,0.0,4745322.0,3.6,12860.93,,,46000.0,45950.0,45950.0,47350.0
2021-09-07 00:00:00+00:00,75.0,75.0,0.0,4724667.0,3.6,12860.93,,,45800.0,45750.0,45650.0,46350.0
2021-09-08 00:00:00+00:00,70.0,70.0,0.0,4409690.0,3.3,12860.93,,,42750.0,42700.0,42500.0,45750.0
2021-09-09 00:00:00+00:00,68.6,68.61,0.0,4321909.0,3.3,12860.93,,,41900.0,41850.0,41100.0,43400.0
2021-09-10 00:00:00+00:00,67.1,67.13,0.0,4228964.0,3.2,12860.93,,,41000.0,40950.0,40400.0,42500.0
2021-09-13 00:00:00+00:00,70.2,70.16,0.0,4420017.0,3.3,12860.93,,,42850.0,42800.0,42550.0,47150.0
2021-09-14 00:00:00+00:00,73.1,73.11,0.0,4605905.0,3.5,12860.93,,,44650.0,44600.0,42900.0,46750.0
2021-09-15 00:00:00+00:00,78.5,78.52,0.0,4946701.0,3.7,12860.93,,,47950.0,47900.0,45200.0,48450.0
2021-09-16 00:00:00+00:00,77.2,77.21,0.0,4864083.0,3.7,12860.93,,,47150.0,47100.0,46650.0,49100.0
2021-09-17 00:00:00+00:00,79.1,79.1,0.0,4982846.0,3.8,12860.93,,,48250.0,48200.0,46450.0,48700.0
2021-09-20 00:00:00+00:00,79.1,79.1,0.0,4982846.0,3.8,12860.93,,,,,,
2021-09-21 00:00:00+00:00,79.1,79.1,0.0,4982846.0,3.8,12860.93,,,,,,
2021-09-22 00:00:00+00:00,79.1,79.1,0.0,4982846.0,3.8,12860.93,,,,,,
2021-09-23 00:00:00+00:00,81.8,81.8,0.0,5153243.0,3.9,12860.93,,,49900.0,49850.0,47750.0,50600.0
2021-09-24 00:00:00+00:00,80.9,80.9,0.0,5096445.0,3.8,12860.93,,,49350.0,49300.0,48250.0,50400.0
2021-09-27 00:00:00+00:00,78.0,78.03,0.0,4915719.0,3.7,12860.93,,,47700.0,47600.0,47250.0,49450.0
2021-09-28 00:00:00+00:00,76.6,76.56,0.0,4822775.0,3.6,12860.93,,,46750.0,46700.0,46700.0,48000.0
2021-09-29 00:00:00+00:00,73.9,73.85,0.0,4652377.0,3.5,12860.93,,,45100.0,45050.0,44650.0,45800.0
2021-09-30 00:00:00+00:00,74.0,74.02,0.0,4662704.0,3.5,12860.93,,,45200.0,45150.0,45000.0,46750.0
2021-10-01 00:00:00+00:00,72.5,72.54,0.0,4569760.0,3.4,12860.93,,,44250.0,44200.0,43700.0,46650.0
2021-10-04 00:00:00+00:00,72.5,72.54,0.0,4569760.0,3.4,12860.93,,,,,,
2021-10-05 00:00:00+00:00,73.5,73.52,0.0,4631723.0,3.5,12860.93,,,44900.0,44850.0,44250.0,46500.0
2021-10-06 00:00:00+00:00,69.3,69.26,0.0,4363217.0,3.3,12860.93,,,42300.0,42250.0,42200.0,45200.0
2021-10-07 00:00:00+00:00,71.1,71.15,0.0,4481979.0,3.4,12860.93,,,43400.0,43350.0,42450.0,43850.0
2021-10-08 00:00:00+00:00,71.6,71.64,0.0,4512961.0,3.4,12860.93,,,43900.0,43700.0,43300.0,44550.0
2021-10-11 00:00:00+00:00,71.6,71.64,0.0,4512961.0,3.4,12860.93,,,,,,
2021-10-12 00:00:00+00:00,71.3,71.31,0.0,4492306.0,3.4,12860.93,,,43550.0,43500.0,42000.0,44200.0
2021-10-13 00:00:00+00:00,73.0,72.95,0.0,4595578.0,3.5,12860.93,,,44550.0,44500.0,43400.0,45000.0
2021-10-14 00:00:00+00:00,74.9,74.92,0.0,4719504.0,3.6,12860.93,7515.17,5.79,45700.0,45650.0,44300.0,45750.0
2021-10-15 00:00:00+00:00,75.8,75.82,0.0,4776303.0,3.6,12860.93,7515.17,5.79,46300.0,46250.0,45850.0,46900.0
2021-10-18 00:00:00+00:00,75.2,75.25,0.0,4740158.0,3.6,12860.93,7515.17,5.79,45900.0,45850.0,45500.0,46850.0
2021-10-19 00:00:00+00:00,76.1,76.07,0.0,4791793.0,3.6,12860.93,7515.17,5.79,46450.0,46400.0,45950.0,46800.0
2021-10-20 00:00:00+00:00,76.1,76.15,0.0,4796957.0,3.6,12860.93,7515.17,5.79,46500.0,46450.0,46450.0,47200.0
2021-10-21 00:00:00+00:00,75.1,75.08,0.0,4729831.0,3.6,12860.93,7515.17,5.79,45850.0,45800.0,45800.0,46750.0
2021-10-22 00:00:00+00:00,77.0,77.05,0.0,4853756.0,3.7,12860.93,7515.17,5.79,47100.0,47000.0,45600.0,48000.0
2021-10-25 00:00:00+00:00,74.5,74.51,0.0,4693686.0,3.5,12860.93,7515.17,5.79,45500.0,45450.0,45450.0,47250.0
2021-10-26 00:00:00+00:00,74.8,74.75,0.0,4709177.0,3.5,12860.93,7515.17,5.79,45600.0,45550.0,45250.0,46100.0
2021-10-27 00:00:00+00:00,74.8,74.84,0.0,4714340.0,3.5,12860.93,7515.17,5.79,45650.0,45600.0,45300.0,46050.0
2021-10-28 00:00:00+00:00,75.7,75.66,0.0,4765976.0,3.6,12860.93,7515.17,5.79,46150.0,46100.0,45700.0,46600.0
2021-10-29 00:00:00+00:00,75.1,75.08,0.0,4729831.0,3.6,12860.93,7515.17,5.79,45850.0,45800.0,45700.0,46550.0
2021-11-01 00:00:00+00:00,77.5,77.54,0.0,4884738.0,3.7,12860.93,7515.17,5.79,47300.0,47250.0,46050.0,48550.0
2021-11-02 00:00:00+00:00,78.4,78.44,0.0,4941537.0,3.7,12860.93,7515.17,5.79,47900.0,47850.0,47000.0,48050.0
2021-11-03 00:00:00+00:00,81.7,81.72,0.0,5148080.0,3.9,12860.93,7515.17,5.79,49850.0,49800.0,47950.0,49950.0
2021-11-04 00:00:00+00:00,79.8,79.75,0.0,5024154.0,3.8,12860.93,7515.17,5.79,48650.0,48600.0,48100.0,49900.0
2021-11-05 00:00:00+00:00,79.8,79.84,0.0,5029318.0,3.8,12860.93,7515.17,5.79,48750.0,48700.0,47400.0,49400.0
2021-11-08 00:00:00+00:00,75.4,75.41,0.0,4750485.0,3.6,12860.93,7515.17,5.79,46000.0,45950.0,46000.0,48450.0
2021-11-09 00:00:00+00:00,77.3,77.3,0.0,4869247.0,3.7,12860.93,7515.17,5.79,47150.0,47100.0,45350.0,47350.0
2021-11-10 00:00:00+00:00,75.5,75.49,0.0,4755649.0,3.6,12860.93,7515.17,5.79,46100.0,46050.0,42600.0,47650.0
2021-11-11 00:00:00+00:00,72.8,72.79,0.0,4585251.0,3.5,12860.93,7515.17,5.79,44450.0,44400.0,43700.0,46850.0
2021-11-12 00:00:00+00:00,81.4,81.39,0.0,5127425.0,3.9,12860.93,7515.17,5.79,49700.0,49650.0,47950.0,52400.0
2021-11-15 00:00:00+00:00,84.6,84.59,0.0,5328805.0,4.0,12769.92,7515.17,5.79,51700.0,51600.0,50000.0,51900.0
2021-11-16 00:00:00+00:00,87.4,87.38,0.0,5504366.0,4.2,12769.92,7515.17,5.79,53300.0,53200.0,51600.0,53400.0
2021-11-17 00:00:00+00:00,87.9,87.87,0.0,5535348.0,4.2,12769.92,7515.17,5.79,53700.0,53600.0,52600.0,54000.0
2021-11-18 00:00:00+00:00,87.4,87.38,0.0,5504366.0,4.2,12769.92,7680.5,6.94,53400.0,53300.0,52500.0,54100.0
2021-11-19 00:00:00+00:00,88.0,88.03,0.0,5545675.0,4.2,12769.92,7680.5,6.94,53800.0,53700.0,51400.0,53800.0
2021-11-22 00:00:00+00:00,83.6,83.61,0.0,5266842.0,4.0,12769.92,7680.5,6.94,51000.0,50900.0,50200.0,54200.0
2021-11-23 00:00:00+00:00,83.8,83.77,0.0,5277169.0,4.0,12769.92,7680.5,6.94,51200.0,51100.0,49500.0,51600.0
2021-11-24 00:00:00+00:00,84.6,84.59,0.0,5328805.0,4.0,12769.92,7680.5,6.94,51700.0,51600.0,51600.0,54800.0
2021-11-25 00:00:00+00:00,86.9,86.89,0.0,5473385.0,4.2,12769.92,7680.5,6.94,53100.0,53000.0,51000.0,53400.0
2021-11-26 00:00:00+00:00,95.1,95.08,0.0,5989742.0,4.5,12769.92,7680.5,6.94,58000.0,57900.0,52500.0,58900.0
2021-11-29 00:00:00+00:00,93.9,93.93,0.0,5917452.0,4.5,12769.92,7680.5,6.94,57400.0,57300.0,55600.0,62700.0
2021-11-30 00:00:00+00:00,95.7,95.74,0.0,6031051.0,4.6,12769.92,7680.5,6.94,58500.0,58400.0,52800.0,60800.0
2021-12-01 00:00:00+00:00,86.9,86.89,0.0,5473385.0,4.2,12769.92,7680.5,6.94,53000.0,52900.0,52900.0,58500.0
2021-12-02 00:00:00+00:00,84.9,84.92,0.0,5349459.0,4.1,12769.92,7680.5,6.94,51900.0,51800.0,51300.0,55900.0
2021-12-03 00:00:00+00:00,83.9,83.93,0.0,5287496.0,4.0,12769.92,7680.5,6.94,51300.0,51200.0,49950.0,52200.0
2021-12-06 00:00:00+00:00,85.2,85.25,0.0,5370114.0,4.1,12769.92,7680.5,6.94,52100.0,52000.0,51000.0,53800.0
2021-12-07 00:00:00+00:00,85.4,85.41,0.0,5380441.0,4.1,12769.92,7680.5,6.94,52200.0,52100.0,50500.0,52200.0
2021-12-08 00:00:00+00:00,88.4,88.36,0.0,5566329.0,4.2,12769.92,7680.5,6.94,53900.0,53800.0,52100.0,54400.0
2021-12-09 00:00:00+00:00,87.5,87.54,0.0,5514693.0,4.2,12769.92,7680.5,6.94,53500.0,53400.0,52600.0,53800.0
2021-12-10 00:00:00+00:00,86.9,86.89,0.0,5473385.0,4.2,12769.92,7680.5,6.94,53100.0,53000.0,53000.0,54900.0
2021-12-13 00:00:00+00:00,89.5,89.51,0.0,5638619.0,4.3,12769.92,7680.5,6.94,54700.0,54600.0,53200.0,55300.0
2021-12-14 00:00:00+00:00,90.3,90.33,0.0,5690255.0,4.3,12769.92,7680.5,6.94,55100.0,55000.0,54400.0,56000.0
2021-12-15 00:00:00+00:00,91.8,91.8,0.0,5783200.0,4.4,12769.92,7680.5,6.94,56100.0,56000.0,54800.0,56400.0
2021-12-16 00:00:00+00:00,93.0,92.95,0.0,5855489.0,4.4,12769.92,6655.0,8.28,56700.0,56600.0,55700.0,57500.0
2021-12-17 00:00:00+00:00,92.3,92.3,0.0,5814180.0,4.4,12769.92,6655.0,8.28,56300.0,56200.0,55400.0,57300.0
2021-12-20 00:00:00+00:00,93.3,93.28,0.0,5876143.0,4.5,12769.92,6655.0,8.28,57000.0,56900.0,56000.0,57300.0
2021-12-21 00:00:00+00:00,92.8,92.79,0.0,5845162.0,4.4,12769.92,6655.0,8.28,56600.0,56500.0,56300.0,58000.0
2021-12-22 00:00:00+00:00,93.0,92.95,0.0,5855489.0,4.4,12769.92,6655.0,8.28,56700.0,56600.0,55700.0,57300.0
2021-12-23 00:00:00+00:00,89.2,89.18,0.0,5617965.0,4.3,12769.92,6655.0,8.28,54500.0,54400.0,54000.0,56500.0
2021-12-24 00:00:00+00:00,88.5,88.52,0.0,5576656.0,4.2,12769.92,6655.0,8.28,54100.0,54000.0,52800.0,55200.0
2021-12-27 00:00:00+00:00,90.3,90.33,0.0,5690255.0,4.3,12769.92,6655.0,8.28,55200.0,55100.0,55100.0,57600.0
2021-12-28 00:00:00+00:00,87.9,87.87,0.0,5535348.0,4.2,12769.92,6655.0,8.28,53700.0,53600.0,53400.0,56300.0
2021-12-29 00:00:00+00:00,89.3,91.42,0.0,5628292.0,4.3,12769.92,6655.0,8.28,54500.0,54400.0,53700.0,54900.0
2021-12-30 00:00:00+00:00,91.6,93.77,0.0,5772872.0,4.4,12769.92,6655.0,8.28,56000.0,55900.0,54600.0,56300.0
2021-12-31 00:00:00+00:00,91.6,93.77,0.0,5772872.0,4.4,12769.92,6655.0,8.28,,,,
2022-01-03 00:00:00+00:00,89.2,91.25,0.0,5617965.0,4.3,12769.92,6655.0,8.28,54500.0,54400.0,53300.0,55200.0
2022-01-04 00:00:00+00:00,92.3,94.44,0.0,5814180.0,4.4,12769.92,6655.0,8.28,56300.0,56200.0,55000.0,56500.0
2022-01-05 00:00:00+00:00,93.3,95.45,0.0,5876143.0,4.5,12769.92,6655.0,8.28,56900.0,56800.0,55000.0,57500.0
2022-01-06 00:00:00+00:00,92.8,94.94,0.0,5845162.0,4.4,12769.92,6655.0,8.28,56700.0,56600.0,55600.0,57400.0
2022-01-07 00:00:00+00:00,93.4,95.61,0.0,5886471.0,4.5,12769.92,6655.0,8.28,57100.0,57000.0,56600.0,58200.0
2022-01-10 00:00:00+00:00,91.3,93.43,0.0,5752218.0,4.4,12769.92,6655.0,8.28,55800.0,55700.0,55700.0,57800.0
2022-01-11 00:00:00+00:00,91.8,93.94,0.0,5783200.0,4.4,12769.92,6655.0,8.28,56000.0,55900.0,54700.0,57100.0
2022-01-12 00:00:00+00:00,89.5,91.59,0.0,5638619.0,4.3,12769.92,6655.0,8.28,54700.0,54600.0,54500.0,56100.0
2022-01-13 00:00:00+00:00,83.4,85.38,0.0,5256515.0,4.0,12769.92,6655.0,8.28,51000.0,50900.0,50500.0,54600.0
2022-01-14 00:00:00+00:00,79.3,81.19,0.0,4998337.0,3.8,12769.92,6655.0,8.28,48450.0,48400.0,48150.0,50600.0
2022-01-17 00:00:00+00:00,81.6,83.45,0.0,5137753.0,3.9,12769.92,6655.0,8.28,49800.0,49750.0,48200.0,49900.0
2022-01-18 00:00:00+00:00,85.9,87.9,0.0,5411422.0,4.1,12769.92,6655.0,8.28,52400.0,52300.0,49800.0,52500.0
2022-01-19 00:00:00+00:00,84.3,86.22,0.0,5308151.0,4.0,12769.92,6655.0,8.28,51400.0,51300.0,51200.0,53400.0
2022-01-20 00:00:00+00:00,87.5,89.57,0.0,5514693.0,4.2,12769.92,6697.83,7.82,53400.0,53300.0,51400.0,53400.0
2022-01-21 00:00:00+00:00,90.2,92.26,0.0,5679928.0,4.3,12769.92,6697.83,7.82,55000.0,54900.0,53400.0,55100.0
2022-01-24 00:00:00+00:00,91.3,93.43,0.0,5752218.0,4.4,12769.92,6697.83,7.82,55700.0,55600.0,54800.0,56700.0
2022-01-25 00:00:00+00:00,90.5,92.59,0.0,5700582.0,4.3,12769.92,6697.83,7.82,55200.0,55100.0,53500.0,56800.0
2022-01-26 00:00:00+00:00,93.3,95.45,0.0,5876143.0,4.5,12769.92,6697.83,7.82,56900.0,56800.0,55500.0,58100.0
2022-01-27 00:00:00+00:00,90.2,92.26,0.0,5679928.0,4.3,12769.92,6697.83,7.82,55100.0,55000.0,54200.0,59000.0
2022-01-28 00:00:00+00:00,99.2,101.48,0.0,6247921.0,4.7,12769.92,6697.83,7.82,60500.0,60400.0,56000.0,61000.0
2022-01-31 00:00:00+00:00,99.2,101.48,0.0,6247921.0,4.7,12769.92,6697.83,7.82,,,,
2022-02-01 00:00:00+00:00,99.2,101.48,0.0,6247921.0,4.7,12769.92,6697.83,7.82,,,,
2022-02-02 00:00:00+00:00,99.2,101.48,0.0,6247921.0,4.7,12769.92,6697.83,7.82,,,,
2022-02-03 00:00:00+00:00,128.9,131.85,0.0,8117134.0,6.2,12769.92,6697.83,7.82,,78600.0,64400.0,78600.0
2022-02-04 00:00:00+00:00,111.1,113.73,0.0,7001802.0,5.3,12769.92,6697.83,7.82,67900.0,67800.0,66300.0,81000.0
2022-02-07 00:00:00+00:00,115.1,117.76,0.0,7249653.0,5.5,12769.92,6697.83,7.82,70200.0,70100.0,66800.0,72600.0
2022-02-08 00:00:00+00:00,107.5,110.04,0.0,6774605.0,5.1,12769.92,6697.83,7.82,65700.0,65600.0,63100.0,69800.0
2022-02-09 00:00:00+00:00,102.8,105.17,0.0,6475118.0,4.9,12769.92,6697.83,7.82,62700.0,62600.0,61900.0,68700.0
2022-02-10 00:00:00+00:00,102.8,105.17,0.0,6475118.0,4.9,12769.92,6697.83,7.82,62700.0,62600.0,61100.0,65900.0
2022-02-11 00:00:00+00:00,98.4,100.65,0.0,6196285.0,4.7,12769.92,6697.83,7.82,60000.0,59900.0,59700.0,65600.0
2022-02-14 00:00:00+00:00,98.0,100.31,0.0,6175630.0,4.7,12769.92,6697.83,7.82,59900.0,59800.0,59000.0,62100.0
2022-02-15 00:00:00+00:00,90.2,92.26,0.0,5679928.0,4.3,12769.92,6697.83,7.82,55100.0,55000.0,54800.0,60300.0
2022-02-16 00:00:00+00:00,92.8,94.94,0.0,5845162.0,4.4,12769.92,6697.83,7.82,56600.0,56500.0,55600.0,58700.0
2022-02-17 00:00:00+00:00,88.5,90.58,0.0,5576656.0,4.2,12769.92,7381.17,7.45,54100.0,54000.0,51500.0,57400.0
2022-02-18 00:00:00+00:00,89.0,91.08,0.0,5607638.0,4.3,12769.92,7381.17,7.45,54300.0,54200.0,52500.0,54700.0
2022-02-21 00:00:00+00:00,86.9,88.9,0.0,5473385.0,4.2,12769.92,7381.17,7.45,53100.0,53000.0,52300.0,54900.0
2022-02-22 00:00:00+00:00,84.8,86.72,0.0,5339132.0,4.0,12769.92,7381.17,7.45,51800.0,51700.0,51300.0,53400.0
2022-02-23 00:00:00+00:00,87.5,89.57,0.0,5514693.0,4.2,12769.92,7381.17,7.45,53400.0,53300.0,52500.0,54000.0
2022-02-24 00:00:00+00:00,88.4,90.41,0.0,5566329.0,4.2,12769.92,7381.17,7.45,54000.0,53900.0,52300.0,56400.0
2022-02-25 00:00:00+00:00,86.9,88.9,2.39,5473385.0,4.9,10918.43,7381.17,7.45,53100.0,53000.0,53000.0,55500.0
2022-02-28 00:00:00+00:00,89.5,91.59,2.32,5638619.0,5.0,10918.43,7381.17,7.45,54600.0,54500.0,52400.0,54600.0
2022-03-01 00:00:00+00:00,89.5,91.59,2.32,5638619.0,5.0,10918.43,7381.17,7.45,,,,
2022-03-02 00:00:00+00:00,89.8,91.92,2.31,5659274.0,5.0,10918.43,7381.17,7.45,54900.0,54800.0,54000.0,55300.0
2022-03-03 00:00:00+00:00,90.5,92.59,2.29,5700582.0,5.1,10918.43,7381.17,7.45,55300.0,55200.0,54200.0,55400.0
2022-03-04 00:00:00+00:00,91.3,93.43,2.27,5752218.0,5.1,10918.43,7381.17,7.45,55800.0,55700.0,54800.0,56900.0
2022-03-07 00:00:00+00:00,87.9,89.91,2.36,5535348.0,4.9,10918.43,7381.17,7.45,53700.0,53600.0,53600.0,56000.0
2022-03-08 00:00:00+00:00,88.9,90.92,2.34,5597311.0,5.0,10918.43,7381.17,7.45,54300.0,54200.0,52500.0,55600.0
2022-03-09 00:00:00+00:00,88.9,90.92,2.34,5597311.0,5.0,10918.43,7381.17,7.45,,,,
2022-03-10 00:00:00+00:00,91.6,93.77,2.26,5772872.0,5.1,10918.43,7381.17,7.45,55900.0,55800.0,54400.0,56400.0
2022-03-11 00:00:00+00:00,88.4,90.41,2.35,5566329.0,4.9,10918.43,7381.17,7.45,54000.0,53900.0,53800.0,56800.0
2022-03-14 00:00:00+00:00,89.0,91.08,2.33,5607638.0,5.0,10918.43,7381.17,7.45,54300.0,54200.0,53600.0,55400.0
2022-03-15 00:00:00+00:00,94.3,96.45,2.2,5938106.0,5.3,10918.43,7381.17,7.45,57500.0,57400.0,54700.0,58000.0
2022-03-16 00:00:00+00:00,95.7,97.96,2.17,6031051.0,5.3,10918.43,7381.17,7.45,58400.0,58300.0,56400.0,59700.0
2022-03-17 00:00:00+00:00,95.2,97.46,2.18,6000069.0,5.3,10918.43,7735.5,7.43,58200.0,58100.0,58000.0,59300.0
2022-03-18 00:00:00+00:00,96.2,98.46,2.16,6062032.0,5.4,10918.43,7735.5,7.43,58700.0,58600.0,58100.0,60000.0
2022-03-21 00:00:00+00:00,91.5,93.6,2.27,5762545.0,5.1,10918.43,7735.5,7.43,55900.0,55800.0,55300.0,58400.0
2022-03-22 00:00:00+00:00,93.1,95.28,2.23,5865816.0,5.2,10918.43,7735.5,7.43,56900.0,56800.0,55800.0,57200.0
2022-03-23 00:00:00+00:00,93.0,95.11,2.23,5855489.0,5.2,10918.43,7735.5,7.43,56800.0,56700.0,56600.0,58000.0
2022-03-24 00:00:00+00:00,94.3,96.45,2.2,5938106.0,5.3,10918.43,7735.5,7.43,57500.0,57400.0,56400.0,58100.0
2022-03-25 00:00:00+00:00,95.9,98.13,2.16,6041378.0,5.4,10918.43,7735.5,7.43,58500.0,58400.0,57400.0,59200.0
2022-03-28 00:00:00+00:00,92.5,94.61,2.24,5824508.0,5.2,10918.43,7735.5,7.43,56500.0,56400.0,56300.0,58800.0
2022-03-29 00:00:00+00:00,92.3,94.44,2.25,5814180.0,5.2,10918.43,7735.5,7.43,56400.0,56300.0,56300.0,57500.0
2022-03-30 00:00:00+00:00,94.6,96.79,2.19,5958761.0,5.3,10918.43,7735.5,7.43,57700.0,57600.0,56600.0,58900.0
2022-03-31 00:00:00+00:00,91.5,93.6,2.27,5762545.0,5.1,10918.43,7735.5,7.43,55900.0,55800.0,55700.0,58200.0
2022-04-01 00:00:00+00:00,89.8,91.92,2.31,5659274.0,5.0,10918.43,7735.5,7.43,54900.0,54800.0,54200.0,56200.0
2022-04-04 00:00:00+00:00,90.2,92.26,2.3,5679928.0,5.0,10918.43,7735.5,7.43,55100.0,55000.0,54000.0,55700.0
2022-04-05 00:00:00+00:00,91.3,93.43,2.27,5752218.0,5.1,10918.43,7735.5,7.43,55700.0,55600.0,54900.0,55800.0
2022-04-06 00:00:00+00:00,90.8,92.93,2.29,5721237.0,5.1,10918.43,7735.5,7.43,55400.0,55300.0,54800.0,55900.0
2022-04-07 00:00:00+00:00,88.9,90.92,2.34,5597311.0,5.0,10918.43,7735.5,7.43,54200.0,54100.0,54200.0,55200.0
2022-04-08 00:00:00+00:00,87.4,89.41,2.38,5504366.0,4.9,10918.43,7735.5,7.43,53400.0,53300.0,52800.0,55900.0
2022-04-11 00:00:00+00:00,83.3,85.21,2.49,5246188.0,4.7,10918.43,7735.5,7.43,50800.0,50700.0,49700.0,53000.0
2022-04-12 00:00:00+00:00,85.7,87.73,2.42,5401095.0,4.8,10918.43,7735.5,7.43,52300.0,52200.0,50700.0,52800.0
2022-04-13 00:00:00+00:00,84.6,86.56,2.45,5328805.0,4.7,10918.43,7735.5,7.43,51700.0,51600.0,51300.0,52400.0
2022-04-14 00:00:00+00:00,83.4,85.38,2.49,5256515.0,4.7,10918.43,7438.0,7.03,51000.0,50900.0,50400.0,51900.0
2022-04-15 00:00:00+00:00,79.5,81.36,2.61,5008664.0,4.4,10918.43,7438.0,7.03,48550.0,48500.0,48300.0,50500.0
2022-04-18 00:00:00+00:00,79.0,80.85,2.63,4977682.0,4.4,10918.43,7438.0,7.03,48200.0,48150.0,47000.0,48950.0
2022-04-19 00:00:00+00:00,80.0,81.86,2.59,5039645.0,4.5,10918.43,7438.0,7.03,48850.0,48800.0,48250.0,49450.0
2022-04-20 00:00:00+00:00,80.5,82.36,2.58,5070627.0,4.5,10918.43,7438.0,7.03,49150.0,49100.0,49000.0,50600.0
2022-04-21 00:00:00+00:00,78.9,80.68,2.63,4967355.0,4.4,10918.43,7438.0,7.03,48100.0,48050.0,47800.0,49600.0
2022-04-22 00:00:00+00:00,79.4,81.27,2.61,5003500.0,4.4,10918.43,7438.0,7.03,48450.0,48400.0,47950.0,48600.0
2022-04-25 00:00:00+00:00,75.6,77.33,2.75,4760812.0,4.2,10918.43,7438.0,7.03,46200.0,46100.0,46100.0,47950.0
2022-04-26 00:00:00+00:00,75.5,77.25,2.75,4755649.0,4.2,10918.43,7438.0,7.03,46100.0,46050.0,45750.0,47200.0
2022-04-27 00:00:00+00:00,73.9,75.65,2.81,4657541.0,4.1,10918.43,7438.0,7.03,45200.0,45100.0,44550.0,46000.0
2022-04-28 00:00:00+00:00,74.0,75.74,2.8,4662704.0,4.1,10918.43,7438.0,7.03,45200.0,45150.0,44700.0,45850.0
2022-04-29 00:00:00+00:00,74.8,76.49,2.78,4709177.0,4.2,10918.43,7438.0,7.03,45650.0,45600.0,45000.0,45900.0
2022-05-02 00:00:00+00:00,76.4,78.17,2.72,4812448.0,4.3,10918.43,7438.0,7.03,46650.0,46600.0,45100.0,46650.0
2022-05-03 00:00:00+00:00,76.5,78.25,2.71,4817611.0,4.3,10918.43,7438.0,7.03,46650.0,46600.0,46300.0,47300.0
2022-05-04 00:00:00+00:00,76.4,78.17,2.72,4812448.0,4.3,10918.43,7438.0,7.03,46650.0,46600.0,46550.0,47500.0
2022-05-05 00:00:00+00:00,76.4,78.17,2.72,4812448.0,4.3,10918.43,7438.0,7.03,,,,
2022-05-06 00:00:00+00:00,75.2,76.91,2.76,4734995.0,4.2,10918.43,7438.0,7.03,46050.0,45850.0,45700.0,46600.0
2022-05-09 00:00:00+00:00,75.2,76.91,2.76,4734995.0,4.2,10918.43,7438.0,7.03,45900.0,45850.0,45700.0,47400.0
2022-05-10 00:00:00+00:00,75.7,77.5,2.74,4771139.0,4.2,10918.43,7438.0,7.03,46200.0,46150.0,44200.0,46500.0
2022-05-11 00:00:00+00:00,77.0,78.84,2.69,4853756.0,4.3,10918.43,7438.0,7.03,47200.0,47000.0,45700.0,48350.0
2022-05-12 00:00:00+00:00,77.9,79.68,2.67,4905392.0,4.4,10918.43,7438.0,7.03,47550.0,47500.0,46550.0,51100.0
2022-05-13 00:00:00+00:00,77.9,79.68,2.67,4905392.0,4.4,10918.43,7438.0,7.03,47550.0,47500.0,46700.0,48800.0
2022-05-16 00:00:00+00:00,76.3,78.08,2.72,4807284.0,4.2,11031.65,7438.0,7.03,46650.0,46550.0,46550.0,48700.0
2022-05-17 00:00:00+00:00,77.9,79.68,2.67,4905392.0,4.3,11031.65,7438.0,7.03,47550.0,47500.0,46800.0,48850.0
2022-05-18 00:00:00+00:00,78.7,80.52,2.64,4957028.0,4.4,11031.65,7438.0,7.03,48000.0,47950.0,46800.0,48250.0
2022-05-19 00:00:00+00:00,78.3,80.1,2.65,4931210.0,4.3,11031.65,7206.83,6.59,47800.0,47750.0,46950.0,48550.0
2022-05-20 00:00:00+00:00,79.0,80.85,2.63,4977682.0,4.4,11031.65,7206.83,6.59,48200.0,48150.0,47550.0,48300.0
2022-05-23 00:00:00+00:00,79.2,81.02,2.62,4988009.0,4.4,11031.65,7206.83,6.59,48300.0,48250.0,47650.0,48700.0
2022-05-24 00:00:00+00:00,78.4,80.18,2.65,4936374.0,4.3,11031.65,7206.83,6.59,47800.0,47750.0,47250.0,48550.0
2022-05-25 00:00:00+00:00,78.5,80.35,2.64,4946701.0,4.3,11031.65,7206.83,6.59,47950.0,47900.0,47400.0,48550.0
2022-05-26 00:00:00+00:00,78.3,80.1,2.65,4931210.0,4.3,11031.65,7206.83,6.59,47750.0,47700.0,47300.0,48650.0
2022-05-27 00:00:00+00:00,79.2,81.02,2.62,4988009.0,4.4,11031.65,7206.83,6.59,48300.0,48250.0,47900.0,48800.0
2022-05-30 00:00:00+00:00,79.4,81.27,2.61,5003500.0,4.4,11031.65,7206.83,6.59,48500.0,48450.0,48300.0,48900.0
2022-05-31 00:00:00+00:00,82.0,83.87,2.53,5163570.0,4.5,11031.65,7206.83,6.59,50100.0,50000.0,47800.0,50000.0
2022-06-01 00:00:00+00:00,82.0,83.87,2.53,5163570.0,4.5,11031.65,7206.83,6.59,,,,
2022-06-02 00:00:00+00:00,80.2,82.03,2.59,5049972.0,4.4,11031.65,7206.83,6.59,48950.0,48900.0,48500.0,49850.0
2022-06-03 00:00:00+00:00,81.0,82.86,2.56,5101608.0,4.5,11031.65,7206.83,6.59,49400.0,49350.0,48950.0,49600.0
2022-06-06 00:00:00+00:00,81.0,82.86,2.56,5101608.0,4.5,11031.65,7206.83,6.59,,,,
2022-06-07 00:00:00+00:00,76.2,78.0,2.72,4802120.0,4.2,11031.65,7206.83,6.59,46550.0,46500.0,46500.0,49300.0
2022-06-08 00:00:00+00:00,76.8,78.59,2.7,4838265.0,4.2,11031.65,7206.83,6.59,46900.0,46850.0,46250.0,47400.0
2022-06-09 00:00:00+00:00,75.3,77.08,2.76,4745322.0,4.2,11031.65,7206.83,6.59,45950.0,45900.0,45800.0,47800.0
2022-06-10 00:00:00+00:00,71.0,72.63,2.92,4471652.0,3.9,11031.65,7206.83,6.59,43400.0,43300.0,43050.0,45700.0
2022-06-13 00:00:00+00:00,65.2,66.76,3.18,4110202.0,3.6,11031.65,7206.83,6.59,39850.0,39800.0,39650.0,42400.0
2022-06-14 00:00:00+00:00,63.0,64.41,3.3,3965622.0,3.5,11031.65,7206.83,6.59,38500.0,38400.0,37900.0,39400.0
2022-06-15 00:00:00+00:00,61.6,63.07,3.37,3883005.0,3.4,11031.65,7206.83,6.59,37600.0,37550.0,37600.0,38850.0
2022-06-16 00:00:00+00:00,60.0,61.39,3.46,3779733.0,3.3,11031.65,6844.5,5.61,36600.0,36550.0,36500.0,38600.0
2022-06-17 00:00:00+00:00,62.9,64.33,3.3,3960459.0,3.5,11031.65,6844.5,5.61,38400.0,38350.0,35600.0,38350.0
2022-06-20 00:00:00+00:00,61.2,62.65,3.39,3857187.0,3.4,11031.65,6844.5,5.61,37400.0,37350.0,36750.0,38450.0
2022-06-21 00:00:00+00:00,61.9,63.32,3.35,3898496.0,3.4,11031.65,6844.5,5.61,37800.0,37750.0,37300.0,38200.0
2022-06-22 00:00:00+00:00,59.3,60.72,3.5,3738425.0,3.3,11031.65,6844.5,5.61,36250.0,36200.0,36200.0,38250.0
2022-06-23 00:00:00+00:00,59.4,60.81,3.49,3743589.0,3.3,11031.65,6844.5,5.61,36250.0,36200.0,36000.0,37650.0
2022-06-24 00:00:00+00:00,64.1,65.59,3.24,4037912.0,3.5,11031.65,6844.5,5.61,39100.0,39050.0,36100.0,39250.0
2022-06-27 00:00:00+00:00,65.0,66.51,3.19,4094711.0,3.6,11031.65,6844.5,5.61,39700.0,39650.0,38500.0,40350.0
2022-06-28 00:00:00+00:00,66.0,67.52,3.15,4156674.0,3.6,11031.65,6844.5,5.61,40300.0,40250.0,39750.0,40800.0
2022-06-29 00:00:00+00:00,62.9,65.5,3.3,3960459.0,3.5,11031.65,6844.5,5.61,38400.0,38350.0,38350.0,40000.0
2022-06-30 00:00:00+00:00,63.7,66.36,3.26,4012094.0,3.5,11031.65,6844.5,5.61,38950.0,38850.0,38500.0,39800.0
2022-07-01 00:00:00+00:00,62.1,64.73,3.34,3913986.0,3.4,11031.65,6844.5,5.61,37900.0,37850.0,37500.0,39950.0
2022-07-04 00:00:00+00:00,66.1,68.92,3.14,4167001.0,3.7,11031.65,6844.5,5.61,40400.0,40350.0,38500.0,40700.0
2022-07-05 00:00:00+00:00,70.2,73.19,2.95,4425180.0,3.9,11031.65,6844.5,5.61,42850.0,42800.0,40500.0,43950.0
2022-07-06 00:00:00+00:00,71.0,73.96,2.92,4471652.0,3.9,11031.65,6844.5,5.61,43300.0,43250.0,42750.0,44450.0
2022-07-07 00:00:00+00:00,72.5,75.5,2.86,4564596.0,4.0,11031.65,6844.5,5.61,44250.0,44200.0,43400.0,46300.0
2022-07-08 00:00:00+00:00,72.0,74.98,2.88,4533615.0,4.0,11031.65,6844.5,5.61,43950.0,43900.0,43800.0,48500.0
2022-07-11 00:00:00+00:00,79.3,82.58,2.62,4993173.0,4.4,11031.65,6844.5,5.61,48350.0,48300.0,44400.0,50000.0
2022-07-12 00:00:00+00:00,79.3,82.67,2.62,4998337.0,4.4,11031.65,6844.5,5.61,48400.0,48350.0,46600.0,49600.0
2022-07-13 00:00:00+00:00,77.5,80.79,2.68,4884738.0,4.3,11031.65,6844.5,5.61,47350.0,47300.0,46550.0,49750.0
2022-07-14 00:00:00+00:00,78.5,81.82,2.64,4946701.0,4.3,11031.65,6867.08,7.05,47900.0,47850.0,46400.0,48100.0
2022-07-15 00:00:00+00:00,77.0,80.28,2.69,4853756.0,4.3,11031.65,6867.08,7.05,47000.0,46950.0,46850.0,48350.0
2022-07-18 00:00:00+00:00,77.0,80.28,2.69,4853756.0,4.3,11031.65,6867.08,7.05,47050.0,47000.0,46500.0,47500.0
2022-07-19 00:00:00+00:00,76.9,80.11,2.7,4843429.0,4.3,11031.65,6867.08,7.05,46950.0,46900.0,46650.0,48700.0
2022-07-20 00:00:00+00:00,77.5,80.71,2.68,4879574.0,4.3,11031.65,6867.08,7.05,47250.0,47200.0,46600.0,48000.0
2022-07-21 00:00:00+00:00,73.0,76.01,2.84,4595578.0,4.0,11031.65,6867.08,7.05,44500.0,44450.0,44500.0,47300.0
2022-07-22 00:00:00+00:00,72.0,74.98,2.88,4533615.0,4.0,11031.65,6867.08,7.05,43950.0,43900.0,43750.0,45150.0
2022-07-25 00:00:00+00:00,71.3,74.3,2.91,4492306.0,3.9,11031.65,6867.08,7.05,43550.0,43500.0,43300.0,44500.0
2022-07-26 00:00:00+00:00,70.7,73.7,2.93,4456161.0,3.9,11031.65,6867.08,7.05,43150.0,43100.0,42500.0,44350.0
2022-07-27 00:00:00+00:00,69.0,71.91,3.01,4347727.0,3.8,11031.65,6867.08,7.05,42150.0,42100.0,41900.0,43500.0
2022-07-28 00:00:00+00:00,67.3,70.12,3.08,4239291.0,3.7,11031.65,6867.08,7.05,41100.0,41050.0,40900.0,42350.0
2022-07-29 00:00:00+00:00,66.1,68.83,3.14,4161838.0,3.7,11031.65,6867.08,7.05,40300.0,40250.0,39750.0,41350.0
2022-08-01 00:00:00+00:00,65.1,67.81,3.19,4099875.0,3.6,11031.65,6867.08,7.05,39750.0,39700.0,39700.0,40400.0
2022-08-02 00:00:00+00:00,64.6,67.3,3.21,4068894.0,3.6,11031.65,6867.08,7.05,39450.0,39400.0,38950.0,40000.0
2022-08-03 00:00:00+00:00,64.6,67.3,3.21,4068894.0,3.3,12023.98,6867.08,7.05,39450.0,39400.0,39150.0,39850.0
2022-08-04 00:00:00+00:00,63.9,66.61,3.25,4027585.0,3.2,12023.98,6867.08,7.05,39050.0,39000.0,39000.0,40150.0
2022-08-05 00:00:00+00:00,66.0,68.75,3.15,4156674.0,3.3,12023.98,6867.08,7.05,40300.0,40250.0,39050.0,40600.0
2022-08-08 00:00:00+00:00,64.3,66.96,3.23,4048239.0,3.3,12023.98,6867.08,7.05,39250.0,39200.0,39200.0,40600.0
2022-08-09 00:00:00+00:00,65.3,68.07,3.18,4115365.0,3.3,12023.98,6867.08,7.05,39900.0,39850.0,39300.0,40200.0
2022-08-10 00:00:00+00:00,64.0,66.7,3.24,4032749.0,3.2,12023.98,6867.08,7.05,39100.0,39050.0,39000.0,40500.0
2022-08-11 00:00:00+00:00,63.3,65.93,3.28,3986277.0,3.2,12023.98,6867.08,7.05,38600.0,38550.0,38500.0,39550.0
2022-08-12 00:00:00+00:00,63.4,66.02,3.28,3991440.0,3.2,12023.98,6867.08,7.05,38700.0,38650.0,38250.0,39150.0
2022-08-15 00:00:00+00:00,63.4,66.02,3.28,3991440.0,3.2,12023.98,6867.08,7.05,,,,
2022-08-16 00:00:00+00:00,63.3,65.93,3.28,3986277.0,3.2,12023.98,6867.08,7.05,38650.0,38600.0,37850.0,38950.0
2022-08-17 00:00:00+00:00,62.3,64.91,3.51,3924314.0,3.2,12023.98,6867.08,7.05,38050.0,38000.0,37950.0,39100.0
2022-08-18 00:00:00+00:00,61.2,63.8,3.57,3857187.0,3.1,12023.98,6330.67,6.1,37400.0,37350.0,36750.0,38500.0
2022-08-19 00:00:00+00:00,60.0,62.51,3.64,3779733.0,3.0,12023.98,6330.67,6.1,36650.0,36600.0,36600.0,37450.0
2022-08-22 00:00:00+00:00,59.1,61.57,3.7,3722935.0,3.0,12023.98,6330.67,6.1,36050.0,36000.0,35800.0,36750.0
2022-08-23 00:00:00+00:00,57.3,59.7,3.81,3609336.0,2.9,12023.98,6330.67,6.1,34950.0,34900.0,34950.0,36000.0
2022-08-24 00:00:00+00:00,57.0,59.44,3.83,3593845.0,2.9,12023.98,6330.67,6.1,34800.0,34750.0,34150.0,35500.0
2022-08-25 00:00:00+00:00,57.8,60.21,3.78,3640317.0,2.9,12023.98,6330.67,6.1,35250.0,35200.0,34400.0,35500.0
2022-08-26 00:00:00+00:00,57.1,59.53,3.82,3599009.0,2.9,12023.98,6330.67,6.1,34900.0,34850.0,34750.0,35900.0
2022-08-29 00:00:00+00:00,55.6,57.9,3.93,3500901.0,2.8,12023.98,6330.67,6.1,33950.0,33900.0,33400.0,34300.0
2022-08-30 00:00:00+00:00,56.3,58.67,3.88,3547373.0,2.9,12023.98,6330.67,6.1,34350.0,34300.0,33950.0,34700.0
2022-08-31 00:00:00+00:00,57.6,60.04,3.79,3629990.0,2.9,12023.98,6330.67,6.1,35150.0,35100.0,33800.0,35350.0
2022-09-01 00:00:00+00:00,54.7,56.96,4.0,3444101.0,2.8,12023.98,6330.67,6.1,33400.0,33350.0,33300.0,35000.0
2022-09-02 00:00:00+00:00,54.4,56.71,4.02,3428610.0,2.8,12023.98,6330.67,6.1,33250.0,33200.0,33150.0,34000.0
2022-09-05 00:00:00+00:00,53.0,55.26,4.12,3340830.0,2.7,12023.98,6330.67,6.1,32400.0,32350.0,32100.0,33300.0
2022-09-06 00:00:00+00:00,52.7,54.91,4.15,3320176.0,2.7,12023.98,6330.67,6.1,32200.0,32150.0,31700.0,32700.0
2022-09-07 00:00:00+00:00,51.6,53.8,4.23,3253049.0,2.6,12023.98,6330.67,6.1,31550.0,31500.0,31150.0,32300.0
2022-09-08 00:00:00+00:00,52.1,54.32,4.19,3284031.0,2.6,12023.98,6330.67,6.1,31800.0,31750.0,31350.0,32100.0
2022-09-09 00:00:00+00:00,52.1,54.32,4.19,3284031.0,2.6,12023.98,6330.67,6.1,,,,
2022-09-12 00:00:00+00:00,52.1,54.32,4.19,3284031.0,2.6,12023.98,6330.67,6.1,,,,
2022-09-13 00:00:00+00:00,53.3,55.51,4.1,3356321.0,2.7,12023.98,6330.67,6.1,32550.0,32500.0,32050.0,32750.0
2022-09-14 00:00:00+00:00,53.2,55.43,4.11,3351157.0,2.7,12023.98,6330.67,6.1,32450.0,32400.0,31450.0,32900.0
2022-09-15 00:00:00+00:00,51.4,53.55,4.25,3237559.0,2.6,12023.98,6119.25,5.31,31400.0,31350.0,31250.0,32600.0
2022-09-16 00:00:00+00:00,51.1,53.29,4.27,3222068.0,2.6,12023.98,6119.25,5.31,31250.0,31200.0,30800.0,31650.0
2022-09-19 00:00:00+00:00,49.8,51.92,4.38,3139450.0,2.5,12023.98,6119.25,5.31,30450.0,30400.0,30250.0,31350.0
2022-09-20 00:00:00+00:00,49.1,51.16,4.45,3092978.0,2.5,12023.98,6119.25,5.31,30000.0,29950.0,29950.0,30950.0
2022-09-21 00:00:00+00:00,48.5,50.56,4.5,3056834.0,2.5,12023.98,6119.25,5.31,29650.0,29600.0,29250.0,30050.0
2022-09-22 00:00:00+00:00,47.6,49.62,4.59,3000034.0,2.4,12023.98,6119.25,5.31,29050.0,29000.0,28700.0,29250.0
2022-09-23 00:00:00+00:00,45.7,47.65,4.78,2881272.0,2.3,12023.98,6119.25,5.31,27950.0,27900.0,27850.0,28850.0
2022-09-26 00:00:00+00:00,43.8,45.6,4.99,2757346.0,2.2,12023.98,6119.25,5.31,26750.0,26700.0,26550.0,27850.0
2022-09-27 00:00:00+00:00,44.4,46.29,4.92,2798655.0,2.3,12023.98,6119.25,5.31,27150.0,27100.0,26200.0,27550.0
2022-09-28 00:00:00+00:00,43.4,45.26,5.03,2736692.0,2.2,12023.98,6119.25,5.31,26550.0,26500.0,25950.0,27600.0
2022-09-29 00:00:00+00:00,44.5,46.37,4.91,2803818.0,2.3,12023.98,6119.25,5.31,27150.0,27100.0,26950.0,28150.0
2022-09-30 00:00:00+00:00,43.6,45.43,5.01,2747019.0,2.2,12023.98,6119.25,5.31,26650.0,26600.0,26600.0,27400.0
2022-10-03 00:00:00+00:00,43.6,45.43,5.01,2747019.0,2.2,12023.98,6119.25,5.31,,,,
2022-10-04 00:00:00+00:00,45.7,47.65,4.78,2881272.0,2.3,12023.98,6119.25,5.31,27950.0,27900.0,26750.0,28150.0
2022-10-05 00:00:00+00:00,45.0,46.89,4.86,2834800.0,2.3,12023.98,6119.25,5.31,27450.0,27400.0,27300.0,28250.0
2022-10-06 00:00:00+00:00,45.4,47.31,4.81,2860618.0,2.3,12023.98,6119.25,5.31,27700.0,27650.0,27350.0,28200.0
2022-10-07 00:00:00+00:00,44.2,46.03,4.95,2783164.0,2.2,12023.98,6119.25,5.31,26950.0,26900.0,26750.0,28050.0
2022-10-10 00:00:00+00:00,44.2,46.03,4.95,2783164.0,2.2,12023.98,6119.25,5.31,,,,
2022-10-11 00:00:00+00:00,43.4,45.18,5.04,2731528.0,2.2,12023.98,6119.25,5.31,26450.0,26400.0,26050.0,27000.0
2022-10-12 00:00:00+00:00,43.4,45.18,5.04,2731528.0,2.2,12023.98,6119.25,5.31,26500.0,26450.0,26200.0,26950.0
2022-10-13 00:00:00+00:00,41.2,42.96,5.3,2597276.0,2.1,12023.98,6119.25,5.31,25250.0,25150.0,25050.0,26700.0
2022-10-14 00:00:00+00:00,45.1,46.97,4.85,2839963.0,2.3,12023.98,6119.25,5.31,27500.0,27450.0,25600.0,27600.0
2022-10-17 00:00:00+00:00,44.3,46.2,4.93,2793491.0,2.2,12023.98,6119.25,5.31,27050.0,27000.0,26450.0,28000.0
2022-10-18 00:00:00+00:00,47.0,48.94,4.65,2958726.0,2.4,12023.98,6119.25,5.31,28650.0,28600.0,27550.0,29250.0
2022-10-19 00:00:00+00:00,46.1,48.08,4.74,2907090.0,2.3,12023.98,6119.25,5.31,28150.0,28100.0,27950.0,29000.0
2022-10-20 00:00:00+00:00,47.3,49.28,4.62,2979380.0,2.4,12023.98,5486.5,5.22,28850.0,28750.0,27950.0,29250.0
2022-10-21 00:00:00+00:00,45.8,47.74,4.77,2886436.0,2.3,12023.98,5486.5,5.22,28000.0,27950.0,27650.0,28850.0
2022-10-24 00:00:00+00:00,47.7,49.7,4.58,3005198.0,2.4,12023.98,5486.5,5.22,29150.0,29100.0,28550.0,29600.0
2022-10-25 00:00:00+00:00,47.0,49.02,4.64,2963889.0,2.4,12023.98,5486.5,5.22,28700.0,28650.0,28650.0,29300.0
2022-10-26 00:00:00+00:00,47.0,48.94,4.65,2958726.0,2.4,12023.98,5486.5,5.22,28700.0,28650.0,28500.0,30000.0
2022-10-27 00:00:00+00:00,47.3,49.28,4.62,2979380.0,2.4,12023.98,5486.5,5.22,28850.0,28800.0,28400.0,29250.0
2022-10-28 00:00:00+00:00,48.7,50.73,4.49,3067160.0,2.5,12023.98,5486.5,5.22,29700.0,29650.0,29000.0,29800.0
2022-10-31 00:00:00+00:00,48.4,50.47,4.51,3051670.0,2.5,12023.98,5486.5,5.22,29600.0,29550.0,29550.0,30050.0
2022-11-01 00:00:00+00:00,49.4,51.5,4.42,3113633.0,2.5,12023.98,5486.5,5.22,30150.0,30100.0,29200.0,30200.0
2022-11-02 00:00:00+00:00,50.3,52.44,4.34,3170432.0,2.6,12023.98,5486.5,5.22,30700.0,30650.0,29850.0,31500.0
2022-11-03 00:00:00+00:00,49.8,51.84,4.39,3134287.0,2.2,13557.21,5486.5,5.22,30400.0,30350.0,29900.0,31800.0
2022-11-04 00:00:00+00:00,51.6,53.72,4.24,3247886.0,2.3,13557.21,5486.5,5.22,31450.0,31350.0,29650.0,31550.0
2022-11-07 00:00:00+00:00,52.6,54.83,4.15,3315012.0,2.4,13557.21,5486.5,5.22,32100.0,32000.0,31200.0,32600.0
2022-11-08 00:00:00+00:00,52.8,55.0,4.14,3325339.0,2.4,13557.21,5486.5,5.22,32200.0,32150.0,31500.0,32850.0
2022-11-09 00:00:00+00:00,53.6,55.85,4.08,3376975.0,2.4,13557.21,5486.5,5.22,32700.0,32650.0,32400.0,33850.0
2022-11-10 00:00:00+00:00,53.9,56.19,4.05,3397630.0,2.4,13557.21,5486.5,5.22,32900.0,32850.0,32350.0,33950.0
2022-11-11 00:00:00+00:00,55.6,57.9,3.93,3500901.0,2.5,13557.21,5486.5,5.22,33900.0,33850.0,33400.0,34250.0
2022-11-14 00:00:00+00:00,57.0,59.44,3.83,3593845.0,2.6,13557.21,5486.5,5.22,34800.0,34750.0,33550.0,35150.0
2022-11-15 00:00:00+00:00,57.6,60.04,3.79,3629990.0,2.6,13557.21,5486.5,5.22,35150.0,35100.0,34450.0,35400.0
2022-11-16 00:00:00+00:00,56.0,58.33,3.9,3526718.0,2.5,13557.21,5486.5,5.22,34150.0,34100.0,34100.0,36050.0
2022-11-17 00:00:00+00:00,57.3,59.7,3.81,3609336.0,2.6,13557.21,5656.42,6.21,34950.0,34900.0,33650.0,35350.0
2022-11-18 00:00:00+00:00,57.5,59.95,3.8,3624826.0,2.6,13557.21,5656.42,6.21,35100.0,35050.0,34650.0,35450.0
2022-11-21 00:00:00+00:00,53.3,55.51,4.1,3383816.0,2.4,13557.21,5656.42,6.21,32500.0,32450.0,32350.0,35100.0
2022-11-22 00:00:00+00:00,54.9,57.22,3.98,3487933.0,2.5,13557.21,5656.42,6.21,33500.0,33450.0,32600.0,34050.0
2022-11-23 00:00:00+00:00,54.1,56.37,4.04,3435874.0,2.4,13557.21,5656.42,6.21,33000.0,32950.0,32950.0,33800.0
2022-11-24 00:00:00+00:00,53.4,55.68,4.09,3394228.0,2.4,13557.21,5656.42,6.21,32600.0,32550.0,32150.0,33550.0
2022-11-25 00:00:00+00:00,53.5,55.77,4.08,3399433.0,2.4,13557.21,5656.42,6.21,32650.0,32600.0,32450.0,33400.0
2022-11-28 00:00:00+00:00,53.2,55.43,4.11,3378610.0,2.4,13557.21,5656.42,6.21,32450.0,32400.0,32050.0,33100.0
2022-11-29 00:00:00+00:00,54.0,56.28,4.05,3430668.0,2.4,13557.21,5656.42,6.21,32950.0,32900.0,32200.0,33150.0
2022-11-30 00:00:00+00:00,53.9,56.19,4.05,3425463.0,2.4,13557.21,5656.42,6.21,32900.0,32850.0,32250.0,32900.0
2022-12-01 00:00:00+00:00,52.1,54.32,4.19,3310933.0,2.3,13557.21,5656.42,6.21,31800.0,31750.0,31700.0,33500.0
2022-12-02 00:00:00+00:00,52.5,54.66,4.17,3331757.0,2.4,13557.21,5656.42,6.21,32000.0,31950.0,31000.0,32350.0
2022-12-05 00:00:00+00:00,54.8,57.05,3.99,3477521.0,2.5,13557.21,5656.42,6.21,33400.0,33350.0,32500.0,34150.0
2022-12-06 00:00:00+00:00,54.1,56.37,4.04,3435874.0,2.4,13557.21,5656.42,6.21,33000.0,32950.0,32600.0,34050.0
2022-12-07 00:00:00+00:00,53.5,55.77,4.08,3399433.0,2.4,13557.21,5656.42,6.21,32650.0,32600.0,32450.0,33100.0
2022-12-08 00:00:00+00:00,53.8,56.02,4.06,3415051.0,2.4,13557.21,5656.42,6.21,32800.0,32750.0,32450.0,33150.0
2022-12-09 00:00:00+00:00,53.9,56.11,4.06,3420256.0,2.4,13557.21,5656.42,6.21,32850.0,32800.0,32500.0,33300.0
2022-12-12 00:00:00+00:00,51.0,53.12,4.29,3238051.0,2.3,13557.21,5656.42,6.21,31150.0,31100.0,31050.0,34000.0
2022-12-13 00:00:00+00:00,53.2,55.43,4.11,3378610.0,2.4,13557.21,5656.42,6.21,32500.0,32450.0,30900.0,33100.0
2022-12-14 00:00:00+00:00,52.6,54.83,4.15,3342168.0,2.4,13557.21,5656.42,6.21,32150.0,32100.0,31900.0,34500.0
2022-12-15 00:00:00+00:00,51.3,53.46,4.26,3258875.0,2.3,13557.21,5056.0,6.42,31350.0,31300.0,31050.0,32400.0
2022-12-16 00:00:00+00:00,53.7,55.94,4.07,3409845.0,2.4,13557.21,5056.0,6.42,32800.0,32750.0,30600.0,33250.0
2022-12-19 00:00:00+00:00,54.2,56.45,4.03,3441081.0,2.4,13557.21,5056.0,6.42,33050.0,33000.0,32300.0,33550.0
2022-12-20 00:00:00+00:00,51.6,53.8,4.23,3279698.0,2.3,13557.21,5056.0,6.42,31550.0,31500.0,31300.0,33150.0
2022-12-21 00:00:00+00:00,52.9,55.08,4.13,3357786.0,2.4,13557.21,5056.0,6.42,32300.0,32250.0,31300.0,32750.0
2022-12-22 00:00:00+00:00,53.5,55.77,4.08,3399433.0,2.4,13557.21,5056.0,6.42,32650.0,32600.0,31850.0,32850.0
2022-12-23 00:00:00+00:00,52.7,54.91,4.15,3347375.0,2.4,13557.21,5056.0,6.42,32200.0,32150.0,31700.0,32800.0
2022-12-26 00:00:00+00:00,55.4,57.73,3.94,3519168.0,2.5,13557.21,5056.0,6.42,33850.0,33800.0,32350.0,34350.0
2022-12-27 00:00:00+00:00,52.7,54.91,4.15,3347375.0,2.4,13557.21,5056.0,6.42,32200.0,32150.0,32100.0,34050.0
2022-12-28 00:00:00+00:00,50.0,52.59,4.37,3175581.0,2.2,13557.21,5056.0,6.42,30550.0,30500.0,30200.0,31750.0
2022-12-29 00:00:00+00:00,49.4,51.99,4.42,3139140.0,2.2,13557.21,5056.0,6.42,30200.0,30150.0,29100.0,31000.0
2022-12-30 00:00:00+00:00,49.4,51.99,4.42,3139140.0,2.2,13557.21,5056.0,6.42,,,,
2023-01-02 00:00:00+00:00,46.9,49.31,4.66,2977757.0,2.1,13557.21,5056.0,6.42,28700.0,28600.0,28600.0,30750.0
2023-01-03 00:00:00+00:00,45.8,48.19,4.77,2910081.0,2.1,13557.21,5056.0,6.42,28000.0,27950.0,27400.0,29300.0
2023-01-04 00:00:00+00:00,48.7,51.21,4.49,3092287.0,2.2,13557.21,5056.0,6.42,29700.0,29650.0,27650.0,29950.0
2023-01-05 00:00:00+00:00,49.8,52.33,4.39,3168036.0,2.2,13557.21,5056.0,6.42,30400.0,30350.0,29700.0,30850.0
2023-01-06 00:00:00+00:00,50.2,52.85,4.35,3199351.0,2.3,13557.21,5056.0,6.42,30650.0,30600.0,29750.0,30900.0
2023-01-09 00:00:00+00:00,50.2,52.76,4.36,3194132.0,2.3,13557.21,5056.0,6.42,30600.0,30550.0,30200.0,31000.0
2023-01-10 00:00:00+00:00,49.7,52.25,4.4,3162817.0,2.2,13557.21,5056.0,6.42,30350.0,30300.0,30100.0,30800.0
2023-01-11 00:00:00+00:00,50.2,52.85,4.35,3199351.0,2.3,13557.21,5056.0,6.42,30650.0,30600.0,30150.0,30750.0
2023-01-12 00:00:00+00:00,50.3,52.94,4.34,3204570.0,2.3,13557.21,5056.0,6.42,30750.0,30700.0,30650.0,31100.0
2023-01-13 00:00:00+00:00,49.5,52.07,4.41,3152379.0,2.2,13557.21,5056.0,6.42,30250.0,30200.0,30200.0,30950.0
2023-01-16 00:00:00+00:00,49.6,52.16,4.41,3157598.0,2.2,13557.21,5056.0,6.42,30300.0,30250.0,29950.0,30600.0
2023-01-17 00:00:00+00:00,48.3,50.78,4.53,3074091.0,2.2,13557.21,5056.0,6.42,29500.0,29450.0,29350.0,30450.0
2023-01-18 00:00:00+00:00,47.7,50.18,4.58,3037557.0,2.1,13557.21,5056.0,6.42,29100.0,29050.0,28850.0,29550.0
2023-01-19 00:00:00+00:00,48.5,51.04,4.5,3089749.0,2.2,13557.21,4618.0,6.38,29600.0,29550.0,28900.0,29850.0
2023-01-20 00:00:00+00:00,47.7,50.18,4.58,3037557.0,2.1,13557.21,4618.0,6.38,29150.0,29100.0,29100.0,29700.0
2023-01-23 00:00:00+00:00,47.7,50.18,4.58,3037557.0,2.1,13557.21,4618.0,6.38,,,,
2023-01-24 00:00:00+00:00,47.7,50.18,4.58,3037557.0,2.1,13557.21,4618.0,6.38,,,,
2023-01-25 00:00:00+00:00,47.9,50.35,4.57,3047996.0,2.2,13557.21,4618.0,6.38,29200.0,29150.0,28950.0,29500.0
2023-01-26 00:00:00+00:00,48.5,51.04,4.5,3089749.0,2.2,13557.21,4618.0,6.38,29600.0,29550.0,28650.0,29700.0
2023-01-27 00:00:00+00:00,48.8,51.3,4.48,3105406.0,2.2,13557.21,4618.0,6.38,29750.0,29700.0,29200.0,30000.0
2023-01-30 00:00:00+00:00,47.4,49.83,4.61,3016681.0,2.1,13557.21,4618.0,6.38,29000.0,28900.0,28800.0,29950.0
2023-01-31 00:00:00+00:00,46.9,49.31,4.66,2985365.0,2.1,13557.21,4618.0,6.38,28600.0,28550.0,28300.0,29150.0
2023-02-01 00:00:00+00:00,47.4,49.83,4.61,3016681.0,2.1,13557.21,4618.0,6.38,28950.0,28900.0,28250.0,29150.0
2023-02-02 00:00:00+00:00,48.0,50.52,4.55,3058434.0,2.2,13557.21,4618.0,6.38,29350.0,29300.0,28950.0,29500.0
2023-02-03 00:00:00+00:00,48.0,50.52,4.55,3058434.0,2.2,13557.21,4618.0,6.38,29300.0,29250.0,28700.0,29500.0
2023-02-06 00:00:00+00:00,47.4,49.83,4.61,3016681.0,2.1,13557.21,4618.0,6.38,28950.0,28900.0,28900.0,29350.0
2023-02-07 00:00:00+00:00,47.7,50.18,4.58,3037557.0,2.1,13557.21,4618.0,6.38,29150.0,29100.0,28800.0,29700.0
2023-02-08 00:00:00+00:00,48.9,51.38,4.47,3110625.0,2.2,13557.21,4618.0,6.38,29800.0,29750.0,29200.0,30100.0
2023-02-09 00:00:00+00:00,47.8,50.26,4.57,3042776.0,2.2,13557.21,4618.0,6.38,29200.0,29150.0,29100.0,29750.0
2023-02-10 00:00:00+00:00,46.1,48.54,4.74,2938393.0,2.1,13557.21,4618.0,6.38,28150.0,28100.0,28050.0,29150.0
2023-02-13 00:00:00+00:00,46.1,48.45,4.74,2933173.0,2.1,13557.21,4618.0,6.38,28150.0,28100.0,27500.0,28300.0
2023-02-14 00:00:00+00:00,45.8,48.19,4.77,2917516.0,2.1,13557.21,4618.0,6.38,27950.0,27900.0,27900.0,28600.0
2023-02-15 00:00:00+00:00,45.4,47.76,4.81,2891420.0,2.0,13557.21,4618.0,6.38,27700.0,27650.0,27600.0,28100.0
2023-02-16 00:00:00+00:00,47.0,49.4,4.65,2990584.0,2.1,13557.21,4524.0,6.18,28700.0,28650.0,27700.0,29050.0
2023-02-17 00:00:00+00:00,46.1,48.54,4.74,2938393.0,2.1,13557.21,4524.0,6.18,28200.0,28150.0,28150.0,28750.0
2023-02-20 00:00:00+00:00,46.7,49.14,3.47,2974927.0,3.2,8996.76,4524.0,6.18,28500.0,28450.0,27650.0,28850.0
2023-02-21 00:00:00+00:00,44.1,46.38,3.68,2809770.0,3.0,8996.76,4524.0,6.18,26950.0,26900.0,26100.0,28450.0
2023-02-22 00:00:00+00:00,42.3,44.49,3.84,2694872.0,2.9,8996.76,4524.0,6.18,25800.0,25750.0,25600.0,26800.0
2023-02-23 00:00:00+00:00,41.1,43.28,3.94,2621755.0,2.8,8996.76,4524.0,6.18,25150.0,25100.0,25100.0,26100.0
2023-02-24 00:00:00+00:00,39.4,41.47,4.12,2512080.0,2.7,8996.76,4524.0,6.18,24050.0,24000.0,23500.0,25250.0
2023-02-27 00:00:00+00:00,38.8,40.78,4.19,2470299.0,2.6,8996.76,4524.0,6.18,23700.0,23650.0,23250.0,24150.0
2023-02-28 00:00:00+00:00,37.7,39.66,4.3,2402405.0,2.6,8996.76,4524.0,6.18,23000.0,22950.0,22700.0,24000.0
2023-03-01 00:00:00+00:00,37.7,39.66,4.3,2402405.0,2.6,8996.76,4524.0,6.18,,,,
2023-03-02 00:00:00+00:00,37.5,39.4,4.33,2386737.0,2.5,8996.76,4524.0,6.18,22850.0,22800.0,22650.0,23550.0
2023-03-03 00:00:00+00:00,37.5,39.49,4.32,2391960.0,2.5,8996.76,4524.0,6.18,22900.0,22850.0,22750.0,23150.0
2023-03-06 00:00:00+00:00,36.7,38.62,4.42,2339734.0,2.5,8996.76,4524.0,6.18,22400.0,22350.0,22300.0,23100.0
2023-03-07 00:00:00+00:00,37.5,39.4,4.33,2386737.0,2.5,8996.76,4524.0,6.18,22850.0,22800.0,22350.0,23450.0
2023-03-08 00:00:00+00:00,36.5,38.37,4.45,2324066.0,2.5,8996.76,4524.0,6.18,22250.0,22200.0,22150.0,22800.0
2023-03-09 00:00:00+00:00,35.7,37.59,4.54,2277062.0,2.4,8996.76,4524.0,6.18,21800.0,21750.0,21700.0,22500.0
2023-03-10 00:00:00+00:00,34.9,36.73,4.65,2224836.0,2.4,8996.76,4524.0,6.18,21350.0,21300.0,21000.0,21800.0
2023-03-13 00:00:00+00:00,34.8,36.55,4.67,2214391.0,2.4,8996.76,4524.0,6.18,21200.0,21150.0,20750.0,21700.0
2023-03-14 00:00:00+00:00,33.0,34.74,4.91,2104716.0,2.2,8996.76,4524.0,6.18,20150.0,20100.0,20100.0,21350.0
2023-03-15 00:00:00+00:00,33.1,34.83,4.9,2109938.0,2.2,8996.76,4524.0,6.18,20250.0,20200.0,20000.0,20800.0
2023-03-16 00:00:00+00:00,33.7,35.43,4.82,2146497.0,2.3,8996.76,3320.75,6.07,20550.0,20500.0,19700.0,21000.0
2023-03-17 00:00:00+00:00,35.1,36.9,4.63,2235281.0,2.4,8996.76,3320.75,6.07,21400.0,21300.0,20600.0,21700.0
2023-03-20 00:00:00+00:00,34.8,36.55,4.67,2214391.0,2.4,8996.76,3320.75,6.07,21250.0,21200.0,21100.0,21750.0
2023-03-21 00:00:00+00:00,35.1,36.9,4.63,2235281.0,2.4,8996.76,3320.75,6.07,21400.0,21350.0,20950.0,21450.0
2023-03-22 00:00:00+00:00,35.4,37.24,4.58,2256172.0,2.4,8996.76,3320.75,6.07,21600.0,21550.0,21150.0,21750.0
2023-03-23 00:00:00+00:00,34.7,36.47,4.68,2209168.0,2.4,8996.76,3320.75,6.07,21150.0,21100.0,21100.0,21600.0
2023-03-24 00:00:00+00:00,34.8,36.55,4.67,2214391.0,2.4,8996.76,3320.75,6.07,21200.0,21150.0,20650.0,21400.0
2023-03-27 00:00:00+00:00,35.0,36.81,4.64,2230059.0,2.4,8996.76,3320.75,6.07,21400.0,21350.0,20650.0,21700.0
2023-03-28 00:00:00+00:00,34.8,36.55,4.67,2214391.0,2.4,8996.76,3320.75,6.07,21200.0,21150.0,21150.0,21850.0
2023-03-29 00:00:00+00:00,34.4,36.21,4.71,2193500.0,2.3,8996.76,3320.75,6.07,21000.0,20950.0,20800.0,21400.0
2023-03-30 00:00:00+00:00,34.3,36.04,4.74,2183055.0,2.3,8996.76,3320.75,6.07,20950.0,20900.0,20650.0,21700.0
2023-03-31 00:00:00+00:00,34.6,36.38,4.69,2203946.0,2.3,8996.76,3320.75,6.07,21150.0,21100.0,20800.0,21250.0
2023-04-03 00:00:00+00:00,33.4,35.18,4.85,2130828.0,2.3,8996.76,3320.75,6.07,20400.0,20350.0,20350.0,21200.0
2023-04-04 00:00:00+00:00,35.0,36.81,4.64,2230059.0,2.4,8996.76,3320.75,6.07,21350.0,21300.0,20450.0,21750.0
2023-04-05 00:00:00+00:00,36.1,37.93,4.5,2297952.0,2.4,8996.76,3320.75,6.07,22000.0,21950.0,21350.0,22100.0
2023-04-06 00:00:00+00:00,35.1,36.9,4.63,2235281.0,2.4,8996.76,3320.75,6.07,21400.0,21350.0,21350.0,22200.0
2023-04-07 00:00:00+00:00,35.3,37.16,4.59,2250949.0,2.4,8996.76,3320.75,6.07,21550.0,21500.0,21050.0,21800.0
2023-04-10 00:00:00+00:00,33.9,35.61,4.79,2156942.0,2.3,8996.76,3320.75,6.07,20650.0,20600.0,20450.0,21550.0
2023-04-11 00:00:00+00:00,33.4,35.18,4.85,2130828.0,2.3,8996.76,3320.75,6.07,20450.0,20400.0,20150.0,20750.0
2023-04-12 00:00:00+00:00,35.9,37.76,4.52,2287507.0,2.4,8996.76,3320.75,6.07,21950.0,21900.0,20250.0,21950.0
2023-04-13 00:00:00+00:00,35.6,37.42,4.56,2266617.0,2.4,8996.76,3320.75,6.07,21700.0,21650.0,21000.0,21950.0
2023-04-14 00:00:00+00:00,36.9,38.8,4.4,2350179.0,2.5,8996.76,3320.75,6.07,22500.0,22450.0,21900.0,22950.0
2023-04-17 00:00:00+00:00,35.6,37.42,4.56,2266617.0,2.4,8996.76,3320.75,6.07,21700.0,21650.0,21600.0,22600.0
2023-04-18 00:00:00+00:00,35.7,37.59,4.54,2277062.0,2.4,8996.76,3320.75,6.07,21800.0,21750.0,21500.0,22150.0
2023-04-19 00:00:00+00:00,34.7,36.47,4.68,2209168.0,2.4,8996.76,3320.75,6.07,21200.0,21150.0,21100.0,21900.0
2023-04-20 00:00:00+00:00,38.1,40.09,4.26,2428518.0,2.6,8996.76,3015.67,7.23,23250.0,23200.0,21100.0,25450.0
2023-04-21 00:00:00+00:00,35.5,37.33,4.57,2261395.0,2.4,8996.76,3015.67,7.23,21700.0,21650.0,21650.0,23050.0
2023-04-24 00:00:00+00:00,34.8,36.64,4.66,2219613.0,2.4,8996.76,3015.67,7.23,21300.0,21250.0,20900.0,21850.0
2023-04-25 00:00:00+00:00,33.4,35.18,4.85,2130828.0,2.3,8996.76,3015.67,7.23,20400.0,20350.0,20400.0,21450.0
2023-04-26 00:00:00+00:00,36.1,37.93,4.5,2297952.0,2.4,8996.76,3015.67,7.23,22000.0,21950.0,20200.0,22350.0
2023-04-27 00:00:00+00:00,33.9,35.61,4.79,2156942.0,2.3,8996.76,3015.67,7.23,20700.0,20650.0,20550.0,22150.0
2023-04-28 00:00:00+00:00,34.1,35.87,4.76,2172610.0,2.3,8996.76,3015.67,7.23,20850.0,20800.0,20100.0,21300.0
2023-05-01 00:00:00+00:00,34.1,35.87,4.76,2172610.0,2.3,8996.76,3015.67,7.23,,,,
2023-05-02 00:00:00+00:00,34.6,36.38,4.69,2203946.0,2.3,8996.76,3015.67,7.23,21150.0,21100.0,20650.0,21250.0
2023-05-03 00:00:00+00:00,34.1,35.87,4.76,2172610.0,2.3,8996.76,3015.67,7.23,20850.0,20800.0,20700.0,21600.0
2023-05-04 00:00:00+00:00,35.7,37.59,4.54,2277062.0,2.4,8996.76,3015.67,7.23,21800.0,21750.0,20750.0,22100.0
2023-05-05 00:00:00+00:00,35.7,37.59,4.54,2277062.0,2.4,8996.76,3015.67,7.23,,,,
2023-05-08 00:00:00+00:00,35.2,36.99,4.62,2240504.0,2.4,8996.76,3015.67,7.23,21450.0,21400.0,21000.0,21700.0
2023-05-09 00:00:00+00:00,34.9,36.73,4.65,2224836.0,2.4,8996.76,3015.67,7.23,21300.0,21250.0,21150.0,22000.0
2023-05-10 00:00:00+00:00,34.1,35.87,4.76,2172610.0,2.3,8996.76,3015.67,7.23,20850.0,20800.0,20750.0,21550.0
2023-05-11 00:00:00+00:00,33.1,34.83,4.9,2109938.0,2.2,8996.76,3015.67,7.23,20300.0,20200.0,20100.0,21000.0
2023-05-12 00:00:00+00:00,32.3,34.02,5.02,2060846.0,2.2,8996.76,3015.67,7.23,19730.0,19710.0,19200.0,20100.0
2023-05-15 00:00:00+00:00,31.0,32.61,5.24,1975195.0,8.9,2136.33,3015.67,7.23,18920.0,18910.0,18900.0,19600.0
2023-05-16 00:00:00+00:00,30.2,31.73,5.38,1921924.0,8.6,2136.33,3015.67,7.23,18410.0,18400.0,18340.0,19050.0
2023-05-17 00:00:00+00:00,29.3,30.83,5.54,1867608.0,8.4,2136.33,3015.67,7.23,17880.0,17870.0,17800.0,18290.0
2023-05-18 00:00:00+00:00,29.7,31.19,5.47,1889544.0,8.5,2136.33,2585.17,7.12,18090.0,18080.0,17920.0,18150.0
2023-05-19 00:00:00+00:00,28.9,30.38,5.62,1840451.0,8.2,2136.33,2585.17,7.12,17660.0,17620.0,17620.0,18110.0
2023-05-22 00:00:00+00:00,28.7,30.19,5.65,1828961.0,8.2,2136.33,2585.17,7.12,17520.0,17510.0,17210.0,17700.0
2023-05-23 00:00:00+00:00,29.2,30.74,5.55,1862386.0,8.3,2136.33,2585.17,7.12,17850.0,17830.0,17260.0,18050.0
2023-05-24 00:00:00+00:00,28.9,30.36,5.62,1839406.0,8.2,2136.33,2585.17,7.12,17650.0,17610.0,17610.0,19080.0
2023-05-25 00:00:00+00:00,28.2,29.62,5.76,1794492.0,8.0,2136.33,2585.17,7.12,17200.0,17180.0,17180.0,17830.0
2023-05-26 00:00:00+00:00,27.6,28.99,5.89,1755845.0,7.9,2136.33,2585.17,7.12,16820.0,16810.0,16770.0,17220.0
2023-05-29 00:00:00+00:00,27.6,28.99,5.89,1755845.0,7.9,2136.33,2585.17,7.12,,,,
2023-05-30 00:00:00+00:00,27.2,28.66,5.96,1735998.0,7.8,2136.33,2585.17,7.12,16620.0,16610.0,16490.0,16990.0
2023-05-31 00:00:00+00:00,27.8,29.19,5.85,1768379.0,7.9,2136.33,2585.17,7.12,16970.0,16930.0,16450.0,17320.0
2023-06-01 00:00:00+00:00,28.5,30.0,5.69,1817471.0,8.1,2136.33,2584.96,6.73,17410.0,17400.0,16930.0,17760.0
2023-06-02 00:00:00+00:00,27.4,28.8,5.93,1744355.0,7.8,2136.33,2584.96,6.73,16720.0,16700.0,16670.0,17410.0
2023-06-05 00:00:00+00:00,,,,,,,2584.96,6.46,16710.0,16700.0,16460.0,16770.0
