,0,1,2,3,4,5,6,7,8,9,10,11,12,13,14,15,16,17,18
Name,SCG PACKAGING - PRICE INDEX,SCG PACKAGING - TOT RETURN IND,SCG PACKAGING - DIVIDEND YIELD,SCG PACKAGING - MARKET VALUE,#ERROR,#ERROR,#ERROR,SCG PACKAGING - TURNOVER BY VOLUME,SCG PACKAGING - 12MTH FORWARD EPS,SCG PACKAGING - NUMBER OF SHARES,#ERROR,#ERROR,SCG PACKAGING - 12 MONTH FORWARD EARN. YIELD,SCG PACKAGING - EPS 12M FWD,SCG PACKAGING - PE RATIO 12M FWD,SCG PACKAGING - ASK PRICE,SCG PACKAGING - BID PRICE,SCG PACKAGING - PRICE LOW,SCG PACKAGING - PRICE HIGH
MNEM,Q:SCGP,Q:SCGP,Q:SCGP,Q:SCGP,Q:SCGP,Q:SCGP,Q:SCGP,Q:SCGP,Q:SCGP,Q:SCGP,Q:SCGP,Q:SCGP,Q:SCGP,Q:SCGP,Q:SCGP,Q:SCGP,Q:SCGP,Q:SCGP,Q:SCGP
DATATYPE,PI,RI,DY,MV,PE,EPS,PTBV,VO,EPS1FD12,NOSH,WC01001,APC,529E,DIEP,DIPE,PA,PB,PL,PH
NAME,SCG PACKAGING,SCG PACKAGING,SCG PACKAGING,SCG PACKAGING,SCG PACKAGING,SCG PACKAGING,SCG PACKAGING,SCG PACKAGING,SCG PACKAGING,SCG PACKAGING,SCG PACKAGING,SCG PACKAGING,SCG PACKAGING,SCG PACKAGING,SCG PACKAGING,SCG PACKAGING,SCG PACKAGING,SCG PACKAGING,SCG PACKAGING
SECD,BMC0T37,BMC0T37,BMC0T37,BMC0T37,BMC0T37,BMC0T37,BMC0T37,BMC0T37,BMC0T37,BMC0T37,BMC0T37,BMC0T37,BMC0T37,BMC0T37,BMC0T37,BMC0T37,BMC0T37,BMC0T37,BMC0T37
ISIN,TH0098010Y05,TH0098010Y05,TH0098010Y05,TH0098010Y05,TH0098010Y05,TH0098010Y05,TH0098010Y05,TH0098010Y05,TH0098010Y05,TH0098010Y05,TH0098010Y05,TH0098010Y05,TH0098010Y05,TH0098010Y05,TH0098010Y05,TH0098010Y05,TH0098010Y05,TH0098010Y05,TH0098010Y05
CODON,THAILAND,THAILAND,THAILAND,THAILAND,THAILAND,THAILAND,THAILAND,THAILAND,THAILAND,THAILAND,THAILAND,THAILAND,THAILAND,THAILAND,THAILAND,THAILAND,THAILAND,THAILAND,THAILAND
ISOCUR,THB,THB,THB,THB,THB,THB,THB,THB,THB,THB,THB,THB,THB,THB,THB,THB,THB,THB,THB
1969-12-31 00:00:00+00:00,,,,,"$$ER: 2311,NO DATA AVAILABLE","$$ER: 2311,NO DATA AVAILABLE","$$ER: 2376,NO DATA AVAILABLE",,,,"$$ER: E100,NO WORLDSCOPE DATA FOR THIS CODE","$$ER: 2376,NO DATA AVAILABLE",,,,,,,
2020-10-22 00:00:00+00:00,100.0,100.0,0.0,148874.2,,,,329825.6,,4253550.0,,,,,,35.25,35.0,35.0,37.25
2020-10-23 00:00:00+00:00,100.0,100.0,0.0,148874.2,,,,,,4253550.0,,,,,,,,,
2020-10-26 00:00:00+00:00,101.4,101.43,0.0,151001.0,,,,197400.1,,4253550.0,,,,,,35.75,35.5,35.0,36.75
2020-10-27 00:00:00+00:00,102.1,102.14,0.0,152064.4,,,,78603.6,,4253550.0,,,,,,35.75,35.5,35.25,36.0
2020-10-28 00:00:00+00:00,97.9,97.86,0.0,145684.1,,,,192680.1,,4253550.0,,,,,,34.25,34.0,34.0,36.25
2020-10-29 00:00:00+00:00,98.6,98.57,0.0,146747.4,,,,81686.2,,4253550.0,,,,,,34.75,34.5,32.75,34.5
2020-10-30 00:00:00+00:00,100.7,100.71,0.0,149937.6,,,,96993.5,,4253550.0,,,,,,35.25,35.0,34.0,35.75
2020-11-02 00:00:00+00:00,100.0,100.0,0.0,148874.2,,,,30951.2,,4253550.0,,,,,,35.25,35.0,34.75,35.5
2020-11-03 00:00:00+00:00,100.0,100.0,0.0,148874.2,,,,36525.6,,4253550.0,,,,,,35.25,35.0,34.75,35.5
2020-11-04 00:00:00+00:00,100.0,100.0,0.0,148874.2,,,,34628.8,,4253550.0,,,,,,35.25,35.0,34.75,35.5
2020-11-05 00:00:00+00:00,101.4,101.43,0.0,151001.0,,,,51579.9,,4253550.0,,,,,,35.5,35.25,35.0,35.75
2020-11-06 00:00:00+00:00,100.0,100.0,0.0,148874.2,,,,24632.0,,4253550.0,,,,,,35.25,35.0,35.0,35.5
2020-11-09 00:00:00+00:00,100.0,100.0,0.0,148874.2,,,,28021.3,,4253550.0,,,,,,35.25,35.0,34.75,35.25
2020-11-10 00:00:00+00:00,98.6,98.57,0.0,146747.4,,,,81804.6,,4253550.0,,,,,,34.75,34.5,34.0,35.0
2020-11-11 00:00:00+00:00,98.6,98.57,0.0,146747.4,,,,20774.1,,4253550.0,,,,,,34.5,34.25,34.25,34.75
2020-11-12 00:00:00+00:00,106.4,106.43,0.0,158444.7,,,,214264.4,,4253550.0,,,,,,37.25,37.0,34.25,37.75
2020-11-13 00:00:00+00:00,106.4,106.43,0.0,158444.7,,,,71768.2,,4253550.0,,,,,,37.25,37.0,36.5,37.25
2020-11-16 00:00:00+00:00,111.4,111.43,0.0,165888.4,,,,92221.4,,4253550.0,,,,,,39.0,38.75,37.25,39.0
2020-11-17 00:00:00+00:00,111.4,111.43,0.0,165888.4,,,,97826.9,,4253550.0,,,,,,39.0,38.75,38.25,40.0
2020-11-18 00:00:00+00:00,110.0,110.0,0.0,163761.6,,,,69866.8,,4253550.0,,,,,,38.5,38.25,37.75,39.75
2020-11-19 00:00:00+00:00,110.0,110.0,0.0,163761.6,,,,33333.0,,4253550.0,,,,,,38.75,38.5,38.25,39.25
2020-11-20 00:00:00+00:00,112.9,112.86,0.0,168015.2,,,,40568.4,,4253550.0,,,,,,39.75,39.5,38.5,39.5
2020-11-23 00:00:00+00:00,114.3,114.29,0.0,170141.9,,,,59016.6,,4253550.0,,,,,,40.0,39.75,39.5,40.25
2020-11-24 00:00:00+00:00,111.4,111.43,0.0,165888.4,,,,49422.8,,4253550.0,,,,,,39.0,38.75,38.75,40.0
2020-11-25 00:00:00+00:00,111.4,111.43,0.0,165888.4,,,,39431.5,,4253550.0,,,,,,39.0,38.75,38.25,39.75
2020-11-26 00:00:00+00:00,118.6,118.57,0.0,176522.3,,,,83381.6,,4253550.0,,,,,,41.5,41.25,39.75,41.75
2020-11-27 00:00:00+00:00,118.6,118.57,0.0,178156.1,,,,69808.3,,4292920.0,,,,,,41.75,41.5,40.5,42.0
2020-11-30 00:00:00+00:00,120.7,120.71,0.0,181375.9,,,,61334.8,,4292920.0,,,,,,42.25,42.0,41.25,42.75
2020-12-01 00:00:00+00:00,124.3,124.29,0.0,186742.0,,,,35103.4,,4292920.0,,,,,,43.5,43.25,42.25,43.5
2020-12-02 00:00:00+00:00,123.6,123.57,0.0,185668.8,,,,36579.5,,4292920.0,,,,,,43.25,43.0,42.75,44.0
2020-12-03 00:00:00+00:00,126.4,126.43,0.0,189961.7,,,,19190.1,,4292920.0,,,,,,44.25,44.0,43.25,44.25
2020-12-04 00:00:00+00:00,122.9,122.86,0.0,184595.5,,,,42620.3,,4292920.0,,,,,,43.25,43.0,42.75,44.25
2020-12-07 00:00:00+00:00,122.9,122.86,0.0,184595.5,,,,,,4292920.0,,,,,,,,,
2020-12-08 00:00:00+00:00,122.9,122.86,0.0,184595.5,,,,47710.1,,4292920.0,,,,,,43.0,42.75,42.75,44.25
2020-12-09 00:00:00+00:00,121.4,121.43,0.0,182449.1,,,,55737.6,,4292920.0,,,,,,42.75,42.5,42.25,44.0
2020-12-10 00:00:00+00:00,121.4,121.43,0.0,182449.1,,,,,,4292920.0,,,,,,,,,
2020-12-11 00:00:00+00:00,121.4,121.43,0.0,182449.1,,,,,,4292920.0,,,,,,,,,
2020-12-14 00:00:00+00:00,125.7,125.71,0.0,188888.4,,,,45021.6,,4292920.0,,,,,,44.0,43.75,42.5,44.0
2020-12-15 00:00:00+00:00,125.7,125.71,0.0,188888.4,,,,39891.0,,4292920.0,,,,,,44.0,43.75,43.25,44.5
2020-12-16 00:00:00+00:00,124.3,124.29,0.0,186742.0,,,,25480.1,,4292920.0,,,,,,43.5,43.25,43.25,44.25
2020-12-17 00:00:00+00:00,120.7,120.71,0.0,181375.9,,,,52393.5,1.91,4292920.0,,,4.341,1.91,23.04,42.5,42.25,42.25,44.0
2020-12-18 00:00:00+00:00,121.4,121.43,0.0,182449.1,,,,36047.7,1.91,4292920.0,,,4.341,1.91,23.04,42.5,42.25,41.75,43.0
2020-12-21 00:00:00+00:00,115.7,115.71,0.0,173863.2,,,,40941.7,1.91,4292920.0,,,4.341,1.91,23.04,40.5,40.25,40.5,42.0
2020-12-22 00:00:00+00:00,120.0,120.0,0.0,180302.6,,,,37628.9,1.91,4292920.0,,,4.341,1.91,23.04,42.0,41.75,40.25,42.0
2020-12-23 00:00:00+00:00,120.0,120.0,0.0,180302.6,,,,33132.8,1.91,4292920.0,,,4.341,1.91,23.04,42.0,41.75,41.5,42.75
2020-12-24 00:00:00+00:00,121.4,121.43,0.0,182449.1,,,,21657.0,1.91,4292920.0,,,4.341,1.91,23.04,42.5,42.25,41.25,42.5
2020-12-25 00:00:00+00:00,122.1,122.14,0.0,183522.3,,,,31520.1,1.91,4292920.0,,,4.341,1.91,23.04,42.75,42.5,42.0,43.25
2020-12-28 00:00:00+00:00,117.9,117.86,0.0,177082.9,,,,33326.7,1.91,4292920.0,,,4.341,1.91,23.04,41.5,41.25,41.25,43.0
2020-12-29 00:00:00+00:00,118.6,118.57,0.0,178156.1,,,,18211.1,1.91,4292920.0,,,4.341,1.91,23.04,41.75,41.5,41.0,41.75
2020-12-30 00:00:00+00:00,118.6,118.57,0.0,178156.1,,,,19297.9,1.91,4292920.0,,,4.341,1.91,23.04,41.75,41.5,41.25,42.0
2020-12-31 00:00:00+00:00,118.6,118.57,0.0,178156.1,,,,,1.91,4292920.0,,,4.341,1.91,23.04,,,,
2021-01-01 00:00:00+00:00,118.6,118.57,0.0,178156.1,,,,,1.91,4292920.0,,,4.341,1.91,23.04,,,,
2021-01-04 00:00:00+00:00,120.0,120.0,0.0,180302.6,,,,17249.9,1.91,4292920.0,,,4.341,1.91,23.04,42.0,41.75,40.75,42.0
2021-01-05 00:00:00+00:00,122.1,122.14,0.0,183522.3,,,,37230.5,1.91,4292920.0,,,4.341,1.91,23.04,42.75,42.5,41.5,42.75
2021-01-06 00:00:00+00:00,120.7,120.71,0.0,181375.9,,,,36717.7,1.91,4292920.0,,,4.341,1.91,23.04,42.5,42.25,41.75,43.0
2021-01-07 00:00:00+00:00,124.3,124.29,0.0,186742.0,,,,85397.7,1.91,4292920.0,,,4.341,1.91,23.04,43.5,43.25,42.25,44.0
2021-01-08 00:00:00+00:00,125.0,125.0,0.0,187815.2,,,,105476.3,1.91,4292920.0,,,4.341,1.91,23.04,43.75,43.5,43.0,45.0
2021-01-11 00:00:00+00:00,125.0,125.0,0.0,187815.2,,,,21081.6,1.91,4292920.0,,,4.341,1.91,23.04,43.75,43.5,43.25,43.75
2021-01-12 00:00:00+00:00,125.7,125.71,0.0,188888.4,,,,21485.9,1.91,4292920.0,,,4.341,1.91,23.04,44.0,43.75,43.25,44.5
2021-01-13 00:00:00+00:00,126.4,126.43,0.0,189961.7,,,,45102.4,1.91,4292920.0,,,4.341,1.91,23.04,44.5,44.25,43.75,44.75
2021-01-14 00:00:00+00:00,130.7,130.71,0.0,196401.1,,,,70185.3,1.919,4292920.0,,,4.362,1.92,22.93,45.75,45.5,44.25,46.0
2021-01-15 00:00:00+00:00,131.4,131.43,0.0,197474.3,,,,56125.6,1.919,4292920.0,,,4.362,1.92,22.93,46.25,46.0,45.25,46.75
2021-01-18 00:00:00+00:00,132.9,132.86,0.0,199620.8,,,,19179.1,1.919,4292920.0,,,4.362,1.92,22.93,46.5,46.25,45.75,46.75
2021-01-19 00:00:00+00:00,133.6,133.57,0.0,200694.0,,,,32242.9,1.919,4292920.0,,,4.362,1.92,22.93,47.0,46.75,46.25,47.25
2021-01-20 00:00:00+00:00,137.1,137.14,0.0,206060.1,,,,34221.2,1.919,4292920.0,,,4.362,1.92,22.93,48.25,48.0,46.75,48.25
2021-01-21 00:00:00+00:00,132.1,132.14,0.0,198547.5,,,,57942.2,1.919,4292920.0,,,4.362,1.92,22.93,46.5,46.25,46.0,48.25
2021-01-22 00:00:00+00:00,132.9,132.86,0.0,199620.8,,,,25877.4,1.919,4292920.0,,,4.362,1.92,22.93,46.75,46.5,45.75,46.75
2021-01-25 00:00:00+00:00,140.0,140.0,0.0,210353.1,,,,45445.6,1.919,4292920.0,,,4.362,1.92,22.93,49.0,48.75,46.5,49.0
2021-01-26 00:00:00+00:00,133.6,133.57,0.96,200694.0,,,,91620.3,1.919,4292920.0,,,4.362,1.92,22.93,47.0,46.75,46.25,48.75
2021-01-27 00:00:00+00:00,134.3,134.29,0.96,201767.2,,,,39557.2,1.919,4292920.0,,,4.362,1.92,22.93,47.0,46.75,46.75,47.75
2021-01-28 00:00:00+00:00,132.1,132.14,0.97,198547.5,,,,16599.7,1.919,4292920.0,,,4.362,1.92,22.93,46.5,46.25,46.25,47.0
2021-01-29 00:00:00+00:00,132.1,132.14,0.97,198547.5,,,,18455.6,1.919,4292920.0,,,4.362,1.92,22.93,46.25,46.0,45.25,46.75
2021-02-01 00:00:00+00:00,134.3,134.29,0.96,201767.2,,,,12615.2,1.919,4292920.0,,,4.362,1.92,22.93,47.0,46.75,45.75,47.25
2021-02-02 00:00:00+00:00,134.3,134.29,0.96,201767.2,,,,9024.6,1.919,4292920.0,,,4.362,1.92,22.93,47.0,46.75,46.75,47.5
2021-02-03 00:00:00+00:00,133.6,133.57,0.96,200694.0,,,,5340.0,1.919,4292920.0,,,4.362,1.92,22.93,47.0,46.75,46.75,47.25
2021-02-04 00:00:00+00:00,133.6,133.57,0.96,200694.0,,,,10976.2,1.919,4292920.0,,,4.362,1.92,22.93,47.0,46.75,46.5,47.25
2021-02-05 00:00:00+00:00,132.9,132.86,0.97,199620.8,,,,6528.4,1.919,4292920.0,,,4.362,1.92,22.93,46.75,46.5,46.5,47.25
2021-02-08 00:00:00+00:00,137.1,137.14,0.94,206060.1,,,,17961.2,1.919,4292920.0,,,4.362,1.92,22.93,48.0,47.75,46.5,48.0
2021-02-09 00:00:00+00:00,140.0,140.0,0.92,210353.1,,,,45053.4,1.919,4292920.0,,,4.362,1.92,22.93,49.0,48.75,48.5,49.75
2021-02-10 00:00:00+00:00,137.1,137.14,0.94,206060.1,,,,21113.8,1.919,4292920.0,,,4.362,1.92,22.93,48.0,47.75,48.0,49.25
2021-02-11 00:00:00+00:00,137.9,137.86,0.93,207133.3,,,,11500.1,1.919,4292920.0,,,4.362,1.92,22.93,48.25,48.0,47.5,48.5
2021-02-12 00:00:00+00:00,137.9,137.86,0.93,207133.3,,,,,1.919,4292920.0,,,4.362,1.92,22.93,,,,
2021-02-15 00:00:00+00:00,144.3,144.29,0.89,216792.4,,,,53425.7,1.919,4292920.0,,,4.362,1.92,22.93,50.75,50.5,48.25,50.75
2021-02-16 00:00:00+00:00,145.7,145.71,0.88,218938.9,,,,23041.9,1.919,4292920.0,,,4.362,1.92,22.93,51.0,50.75,50.0,51.5
2021-02-17 00:00:00+00:00,146.4,146.43,0.88,220012.1,,,,12136.5,1.919,4292920.0,,,4.362,1.92,22.93,51.25,51.0,50.5,51.5
2021-02-18 00:00:00+00:00,144.3,144.29,0.89,216792.4,,,,10433.5,1.992,4292920.0,,,3.905,1.99,25.61,50.75,50.5,50.5,51.25
2021-02-19 00:00:00+00:00,142.1,142.14,0.9,213572.8,,,,18065.2,1.992,4292920.0,,,3.905,1.99,25.61,50.0,49.75,49.75,51.25
2021-02-22 00:00:00+00:00,140.7,140.71,0.91,211426.3,,,,16458.1,1.992,4292920.0,,,3.905,1.99,25.61,49.25,49.0,48.5,50.25
2021-02-23 00:00:00+00:00,138.6,138.57,0.93,208206.6,,,,16575.5,1.992,4292920.0,,,3.905,1.99,25.61,48.75,48.5,48.25,49.5
2021-02-24 00:00:00+00:00,134.3,134.29,0.96,201767.2,,,,49340.2,1.992,4292920.0,,,3.905,1.99,25.61,47.25,47.0,46.5,49.0
2021-02-25 00:00:00+00:00,134.3,134.29,0.96,201767.2,,,,13972.8,1.992,4292920.0,,,3.905,1.99,25.61,47.25,47.0,46.75,47.5
2021-02-26 00:00:00+00:00,134.3,134.29,0.96,201767.2,,,,,1.992,4292920.0,,,3.905,1.99,25.61,,,,
2021-03-01 00:00:00+00:00,135.0,135.0,0.95,202840.4,,,,9918.7,1.992,4292920.0,,,3.905,1.99,25.61,47.25,47.0,46.25,47.5
2021-03-02 00:00:00+00:00,135.7,135.71,0.95,203913.7,,,,8695.7,1.992,4292920.0,,,3.905,1.99,25.61,47.5,47.25,47.25,48.0
2021-03-03 00:00:00+00:00,137.1,137.14,0.94,206060.1,,,,23282.9,1.992,4292920.0,,,3.905,1.99,25.61,48.0,47.75,47.25,48.25
2021-03-04 00:00:00+00:00,133.6,133.57,0.96,200694.0,,,,27842.6,1.992,4292920.0,,,3.905,1.99,25.61,46.75,46.5,46.5,48.0
2021-03-05 00:00:00+00:00,132.1,132.14,0.97,198547.5,,,,17244.5,1.992,4292920.0,,,3.905,1.99,25.61,46.5,46.25,46.25,47.0
2021-03-08 00:00:00+00:00,127.9,127.86,1.01,192108.1,,,,43060.1,1.992,4292920.0,,,3.905,1.99,25.61,45.0,44.75,44.5,46.5
2021-03-09 00:00:00+00:00,122.9,122.86,1.05,184595.5,,,,91987.1,1.992,4292920.0,,,3.905,1.99,25.61,43.0,42.75,42.5,45.0
2021-03-10 00:00:00+00:00,127.9,127.86,1.01,192108.1,,,,59472.1,1.992,4292920.0,,,3.905,1.99,25.61,45.0,44.75,43.75,45.25
2021-03-11 00:00:00+00:00,127.9,127.86,1.01,192108.1,,,,33520.1,1.992,4292920.0,,,3.905,1.99,25.61,45.0,44.75,44.75,45.5
2021-03-12 00:00:00+00:00,127.9,127.86,1.01,192108.1,,,,20299.7,1.992,4292920.0,,,3.905,1.99,25.61,45.0,44.75,44.5,45.5
2021-03-15 00:00:00+00:00,128.6,128.57,1.0,193181.4,,,,9683.8,1.992,4292920.0,,,3.905,1.99,25.61,45.25,45.0,44.5,45.25
2021-03-16 00:00:00+00:00,129.3,129.29,0.99,194254.6,,,,17384.5,1.992,4292920.0,,,3.905,1.99,25.61,45.5,45.25,45.0,45.75
2021-03-17 00:00:00+00:00,130.7,130.71,0.98,196401.1,,,,18611.7,1.992,4292920.0,,,3.905,1.99,25.61,46.0,45.75,45.0,45.75
2021-03-18 00:00:00+00:00,131.4,131.43,0.98,197474.3,,,,13538.8,2.03,4292920.0,,,4.486,2.03,22.29,46.0,45.75,45.75,46.5
2021-03-19 00:00:00+00:00,130.0,130.0,0.99,195327.8,,,,24090.3,2.03,4292920.0,,,4.486,2.03,22.29,45.75,45.5,44.5,46.0
2021-03-22 00:00:00+00:00,130.0,130.0,0.99,195327.8,,,,6048.4,2.03,4292920.0,,,4.486,2.03,22.29,45.5,45.25,44.75,45.5
2021-03-23 00:00:00+00:00,135.7,135.71,0.95,203913.7,,,,45195.0,2.03,4292920.0,,,4.486,2.03,22.29,47.5,47.25,45.25,47.5
2021-03-24 00:00:00+00:00,137.1,137.14,0.94,206060.1,,,,40809.7,2.03,4292920.0,,,4.486,2.03,22.29,48.0,47.75,47.25,48.25
2021-03-25 00:00:00+00:00,135.0,135.0,0.95,202840.4,,,,16617.2,2.03,4292920.0,,,4.486,2.03,22.29,47.5,47.25,47.25,48.0
2021-03-26 00:00:00+00:00,135.0,135.0,0.95,202840.4,,,,9146.3,2.03,4292920.0,,,4.486,2.03,22.29,47.25,47.0,47.0,47.5
2021-03-29 00:00:00+00:00,133.6,133.57,0.96,200694.0,,,,15666.8,2.03,4292920.0,,,4.486,2.03,22.29,46.75,46.5,46.25,47.75
2021-03-30 00:00:00+00:00,134.3,134.29,0.96,201767.2,,,,10236.8,2.03,4292920.0,,,4.486,2.03,22.29,47.0,46.75,46.25,47.0
2021-03-31 00:00:00+00:00,133.6,133.57,0.96,200694.0,,,,5920.9,2.03,4292920.0,,,4.486,2.03,22.29,47.0,46.75,46.5,47.0
2021-04-01 00:00:00+00:00,133.6,133.57,0.96,200694.0,,,,9375.9,2.03,4292920.0,,,4.486,2.03,22.29,47.0,46.75,46.5,47.5
2021-04-02 00:00:00+00:00,135.0,135.0,0.95,202840.4,,,,15148.7,2.03,4292920.0,,,4.486,2.03,22.29,47.5,47.25,47.0,47.75
2021-04-05 00:00:00+00:00,135.7,135.71,0.95,203913.7,,,,17125.9,2.03,4292920.0,,,4.486,2.03,22.29,47.5,47.25,46.75,47.5
2021-04-06 00:00:00+00:00,135.7,135.71,0.95,203913.7,,,,,2.03,4292920.0,,,4.486,2.03,22.29,,,,
2021-04-07 00:00:00+00:00,134.3,135.57,0.96,201767.2,,,,18235.5,2.03,4292920.0,,,4.486,2.03,22.29,47.0,46.75,45.75,47.25
2021-04-08 00:00:00+00:00,134.3,135.57,0.96,201767.2,,,,8915.4,2.03,4292920.0,,,4.486,2.03,22.29,47.25,47.0,46.5,47.25
2021-04-09 00:00:00+00:00,135.0,136.29,0.95,202840.4,,,,10561.6,2.03,4292920.0,,,4.486,2.03,22.29,47.5,47.25,47.0,47.75
2021-04-12 00:00:00+00:00,132.9,134.13,0.97,199620.8,,,,5630.5,2.03,4292920.0,,,4.486,2.03,22.29,46.75,46.5,46.5,47.5
2021-04-13 00:00:00+00:00,132.9,134.13,0.97,199620.8,,,,,2.03,4292920.0,,,4.486,2.03,22.29,,,,
2021-04-14 00:00:00+00:00,132.9,134.13,0.97,199620.8,,,,,2.03,4292920.0,,,4.486,2.03,22.29,,,,
2021-04-15 00:00:00+00:00,132.9,134.13,0.97,199620.8,,,,,2.12,4292920.0,,,4.559,2.12,21.93,,,,
2021-04-16 00:00:00+00:00,139.3,140.62,0.92,209279.8,,,,31458.0,2.12,4292920.0,,,4.559,2.12,21.93,48.75,48.5,46.25,48.75
2021-04-19 00:00:00+00:00,140.7,142.06,0.91,211426.3,,,,30340.3,2.12,4292920.0,,,4.559,2.12,21.93,49.25,49.0,48.75,50.0
2021-04-20 00:00:00+00:00,142.9,144.22,0.9,214646.0,,,,40098.0,2.12,4292920.0,,,4.559,2.12,21.93,50.0,49.75,48.25,50.25
2021-04-21 00:00:00+00:00,142.1,143.5,0.9,213572.8,,,,11499.1,2.12,4292920.0,,,4.559,2.12,21.93,49.75,49.5,49.25,50.0
2021-04-22 00:00:00+00:00,141.4,142.78,0.91,212499.5,,,,7893.4,2.12,4292920.0,,,4.559,2.12,21.93,49.5,49.25,49.25,50.0
2021-04-23 00:00:00+00:00,140.7,142.06,0.91,211426.3,,,,22500.1,2.12,4292920.0,,,4.559,2.12,21.93,49.5,49.25,49.25,50.5
2021-04-26 00:00:00+00:00,141.4,142.78,0.91,212499.5,,,,4660.8,2.12,4292920.0,,,4.559,2.12,21.93,49.5,49.25,49.0,49.75
2021-04-27 00:00:00+00:00,149.3,150.72,0.86,224305.1,,,,54885.4,2.12,4292920.0,,,4.559,2.12,21.93,52.25,52.0,49.5,52.25
2021-04-28 00:00:00+00:00,151.4,152.88,0.85,227524.8,,,,43446.4,2.12,4292920.0,,,4.559,2.12,21.93,53.25,53.0,52.75,54.0
2021-04-29 00:00:00+00:00,155.7,157.21,0.83,233964.1,,,,24621.5,2.12,4292920.0,,,4.559,2.12,21.93,54.75,54.5,53.0,55.0
2021-04-30 00:00:00+00:00,159.3,160.81,0.81,239330.3,,,,28401.3,2.12,4292920.0,,,4.559,2.12,21.93,56.0,55.75,54.0,56.75
2021-05-03 00:00:00+00:00,159.3,160.81,0.81,239330.3,,,,,2.12,4292920.0,,,4.559,2.12,21.93,,,,
2021-05-04 00:00:00+00:00,159.3,160.81,0.81,239330.3,,,,,2.12,4292920.0,,,4.559,2.12,21.93,,,,
2021-05-05 00:00:00+00:00,154.3,155.76,0.83,231817.6,,,,36106.9,2.12,4292920.0,,,4.559,2.12,21.93,54.0,53.75,52.5,55.25
2021-05-06 00:00:00+00:00,157.9,159.37,0.81,237183.8,,,,25180.4,2.12,4292920.0,,,4.559,2.12,21.93,55.25,55.0,54.0,56.25
2021-05-07 00:00:00+00:00,159.3,160.81,0.81,239330.3,,,,10165.7,2.12,4292920.0,,,4.559,2.12,21.93,55.75,55.5,55.25,56.5
2021-05-10 00:00:00+00:00,162.9,164.42,0.79,244696.4,,,,25468.9,2.12,4292920.0,,,4.559,2.12,21.93,57.0,56.75,55.5,57.25
2021-05-11 00:00:00+00:00,160.7,162.25,0.8,241476.7,,,,17311.8,2.12,4292920.0,,,4.559,2.12,21.93,56.25,56.0,55.5,56.5
2021-05-12 00:00:00+00:00,155.7,157.21,0.83,233964.1,,,,41256.0,2.12,4292920.0,,,4.559,2.12,21.93,54.75,54.5,54.25,56.5
2021-05-13 00:00:00+00:00,155.0,156.48,0.83,232890.9,,,,40232.6,2.12,4292920.0,,,4.559,2.12,21.93,54.25,54.0,51.75,54.5
2021-05-14 00:00:00+00:00,156.4,157.93,0.82,235037.3,,,,26857.2,2.12,4292920.0,,,4.559,2.12,21.93,55.0,54.75,53.0,54.75
2021-05-17 00:00:00+00:00,164.3,165.86,0.78,246842.9,,,,39150.5,2.12,4292920.0,,,4.559,2.12,21.93,57.75,57.5,53.5,58.0
2021-05-18 00:00:00+00:00,162.1,163.7,0.79,243623.2,,,,23013.0,2.12,4292920.0,,,4.559,2.12,21.93,57.0,56.75,56.25,57.75
2021-05-19 00:00:00+00:00,163.6,165.14,0.79,245769.6,,,,19121.4,2.12,4292920.0,,,4.559,2.12,21.93,57.25,57.0,56.75,57.5
2021-05-20 00:00:00+00:00,162.1,163.7,0.79,243623.2,,,,13482.5,2.287,4292920.0,,,4.029,2.29,24.82,57.0,56.75,56.75,57.75
2021-05-21 00:00:00+00:00,164.3,165.86,0.78,246842.9,,,,24524.9,2.287,4292920.0,,,4.029,2.29,24.82,57.5,57.25,56.0,58.0
2021-05-24 00:00:00+00:00,165.7,167.3,0.78,248989.3,,,,32497.1,2.287,4292920.0,,,4.029,2.29,24.82,58.0,57.75,57.0,58.75
2021-05-25 00:00:00+00:00,162.1,163.7,0.79,243623.2,,,,38772.4,2.287,4292920.0,,,4.029,2.29,24.82,57.0,56.75,56.0,58.5
2021-05-26 00:00:00+00:00,162.1,163.7,0.79,243623.2,,,,,2.287,4292920.0,,,4.029,2.29,24.82,,,,
2021-05-27 00:00:00+00:00,158.6,160.09,0.81,238257.1,,,,149673.5,2.287,4292920.0,,,4.029,2.29,24.82,55.5,55.25,55.25,56.75
2021-05-28 00:00:00+00:00,158.6,160.09,0.81,238257.1,,,,27040.8,2.287,4292920.0,,,4.029,2.29,24.82,55.75,55.5,55.0,57.0
2021-05-31 00:00:00+00:00,157.9,159.37,0.81,237183.8,,,,13597.4,2.287,4292920.0,,,4.029,2.29,24.82,55.25,55.0,54.75,55.75
2021-06-01 00:00:00+00:00,158.6,160.09,0.81,238257.1,,,,11522.8,2.287,4292920.0,,,4.029,2.29,24.82,55.5,55.25,55.0,56.0
2021-06-02 00:00:00+00:00,159.3,160.81,0.81,239330.3,,,,21644.4,2.287,4292920.0,,,4.029,2.29,24.82,55.75,55.5,54.75,56.25
2021-06-03 00:00:00+00:00,159.3,160.81,0.81,239330.3,,,,,2.287,4292920.0,,,4.029,2.29,24.82,,,,
2021-06-04 00:00:00+00:00,160.0,161.53,0.8,240403.5,,,,15232.9,2.287,4292920.0,,,4.029,2.29,24.82,56.25,56.0,55.5,56.75
2021-06-07 00:00:00+00:00,161.4,162.97,0.8,242549.9,,,,8238.6,2.287,4292920.0,,,4.029,2.29,24.82,56.5,56.25,56.0,56.75
2021-06-08 00:00:00+00:00,162.1,163.7,0.79,243623.2,,,,10028.5,2.287,4292920.0,,,4.029,2.29,24.82,56.75,56.5,56.0,56.75
2021-06-09 00:00:00+00:00,161.4,162.97,0.8,242549.9,,,,10618.8,2.287,4292920.0,,,4.029,2.29,24.82,56.5,56.25,55.75,57.0
2021-06-10 00:00:00+00:00,160.0,161.53,0.8,240403.5,,,,6361.7,2.287,4292920.0,,,4.029,2.29,24.82,56.25,56.0,56.0,56.75
2021-06-11 00:00:00+00:00,159.3,160.81,0.81,239330.3,,,,19658.9,2.287,4292920.0,,,4.029,2.29,24.82,55.75,55.5,55.0,56.5
2021-06-14 00:00:00+00:00,160.0,161.53,0.8,240403.5,,,,8328.2,2.287,4292920.0,,,4.029,2.29,24.82,56.0,55.75,55.5,56.25
2021-06-15 00:00:00+00:00,160.0,161.53,0.8,240403.5,,,,14120.5,2.287,4292920.0,,,4.029,2.29,24.82,56.0,55.75,55.75,56.75
2021-06-16 00:00:00+00:00,165.7,167.3,0.78,248989.3,,,,39884.2,2.287,4292920.0,,,4.029,2.29,24.82,58.0,57.75,56.0,58.25
2021-06-17 00:00:00+00:00,166.4,168.02,0.77,250062.6,,,,36676.5,2.345,4292920.0,,,4.188,2.35,23.88,58.5,58.25,57.5,59.25
2021-06-18 00:00:00+00:00,161.4,162.97,0.8,242549.9,,,,91355.6,2.345,4292920.0,,,4.188,2.35,23.88,56.75,56.5,55.75,58.5
2021-06-21 00:00:00+00:00,162.1,163.7,0.79,243623.2,,,,10452.4,2.345,4292920.0,,,4.188,2.35,23.88,57.0,56.75,55.75,56.75
2021-06-22 00:00:00+00:00,162.1,163.7,0.79,243623.2,,,,10952.1,2.345,4292920.0,,,4.188,2.35,23.88,57.0,56.75,56.5,57.5
2021-06-23 00:00:00+00:00,163.6,165.14,0.79,245769.6,,,,12383.8,2.345,4292920.0,,,4.188,2.35,23.88,57.25,57.0,56.75,57.5
2021-06-24 00:00:00+00:00,162.9,164.42,0.79,244696.4,,,,12714.9,2.345,4292920.0,,,4.188,2.35,23.88,57.0,56.75,56.25,57.0
2021-06-25 00:00:00+00:00,164.3,165.86,0.78,246842.9,,,,9829.8,2.345,4292920.0,,,4.188,2.35,23.88,57.5,57.25,57.0,57.75
2021-06-28 00:00:00+00:00,168.6,170.19,0.76,253282.3,,,,22519.7,2.345,4292920.0,,,4.188,2.35,23.88,59.25,59.0,57.25,59.75
2021-06-29 00:00:00+00:00,170.7,172.35,0.75,256501.9,,,,27046.8,2.345,4292920.0,,,4.188,2.35,23.88,59.75,59.5,59.25,60.25
2021-06-30 00:00:00+00:00,177.1,178.84,0.73,266161.0,,,,44031.6,2.345,4292920.0,,,4.188,2.35,23.88,62.0,61.75,59.25,62.5
2021-07-01 00:00:00+00:00,175.0,176.68,0.73,262941.3,,,,19417.3,2.345,4292920.0,,,4.188,2.35,23.88,61.5,61.25,60.75,63.0
2021-07-02 00:00:00+00:00,176.4,178.12,0.73,265087.8,,,,11783.2,2.345,4292920.0,,,4.188,2.35,23.88,61.75,61.5,60.75,62.75
2021-07-05 00:00:00+00:00,182.1,183.89,0.71,273673.6,,,,13006.6,2.345,4292920.0,,,4.188,2.35,23.88,64.0,63.75,62.0,63.75
2021-07-06 00:00:00+00:00,180.7,182.44,0.71,271527.2,,,,12409.8,2.345,4292920.0,,,4.188,2.35,23.88,63.25,63.0,62.5,64.0
2021-07-07 00:00:00+00:00,180.7,182.44,0.71,271527.2,,,,10244.1,2.345,4292920.0,,,4.188,2.35,23.88,63.5,63.25,62.25,63.75
2021-07-08 00:00:00+00:00,179.3,181.0,0.72,269380.7,,,,13276.9,2.345,4292920.0,,,4.188,2.35,23.88,62.75,62.5,62.25,64.0
2021-07-09 00:00:00+00:00,176.4,178.12,0.73,265087.8,,,,16112.7,2.345,4292920.0,,,4.188,2.35,23.88,62.0,61.75,61.0,62.75
2021-07-12 00:00:00+00:00,176.4,178.12,0.73,265087.8,,,,9608.2,2.345,4292920.0,,,4.188,2.35,23.88,62.0,61.75,61.0,62.0
2021-07-13 00:00:00+00:00,180.7,182.44,0.71,271527.2,,,,8983.8,2.345,4292920.0,,,4.188,2.35,23.88,63.25,63.0,61.5,63.5
2021-07-14 00:00:00+00:00,183.6,185.33,0.7,275820.1,,,,7757.0,2.345,4292920.0,,,4.188,2.35,23.88,64.25,64.0,63.0,64.5
2021-07-15 00:00:00+00:00,180.7,182.44,0.71,271527.2,,,,11682.4,2.427,4292920.0,,,3.838,2.43,26.06,63.25,63.0,62.75,64.5
2021-07-16 00:00:00+00:00,181.4,183.17,0.71,272600.4,,,,5165.0,2.427,4292920.0,,,3.838,2.43,26.06,63.5,63.25,63.0,63.75
2021-07-19 00:00:00+00:00,183.6,185.33,0.7,275820.1,,,,6106.5,2.427,4292920.0,,,3.838,2.43,26.06,64.25,64.0,62.5,64.5
2021-07-20 00:00:00+00:00,182.9,184.61,0.7,274746.9,,,,5840.7,2.427,4292920.0,,,3.838,2.43,26.06,64.0,63.75,63.5,64.5
2021-07-21 00:00:00+00:00,182.1,183.89,0.71,273673.6,,,,5589.8,2.427,4292920.0,,,3.838,2.43,26.06,63.75,63.5,62.75,64.0
2021-07-22 00:00:00+00:00,182.1,183.89,0.71,273673.6,,,,4541.7,2.427,4292920.0,,,3.838,2.43,26.06,64.0,63.75,63.25,64.25
2021-07-23 00:00:00+00:00,182.1,183.89,0.71,273673.6,,,,4601.3,2.427,4292920.0,,,3.838,2.43,26.06,64.0,63.75,63.5,64.25
2021-07-26 00:00:00+00:00,182.1,183.89,0.71,273673.6,,,,,2.427,4292920.0,,,3.838,2.43,26.06,,,,
2021-07-27 00:00:00+00:00,185.0,186.77,0.73,277966.5,,,,18536.5,2.427,4292920.0,,,3.838,2.43,26.06,64.75,64.5,64.25,66.5
2021-07-28 00:00:00+00:00,185.0,186.77,0.73,277966.5,,,,,2.427,4292920.0,,,3.838,2.43,26.06,,,,
2021-07-29 00:00:00+00:00,196.4,198.31,0.69,295138.3,,,,29956.9,2.427,4292920.0,,,3.838,2.43,26.06,69.0,68.75,65.5,69.5
2021-07-30 00:00:00+00:00,197.9,199.75,0.69,297284.7,,,,23223.4,2.427,4292920.0,,,3.838,2.43,26.06,69.5,69.25,68.75,70.75
2021-08-02 00:00:00+00:00,197.1,199.03,0.69,296211.4,,,,6145.1,2.427,4292920.0,,,3.838,2.43,26.06,69.25,69.0,68.0,69.5
2021-08-03 00:00:00+00:00,194.3,196.15,0.7,291918.5,,,,9115.6,2.427,4292920.0,,,3.838,2.43,26.06,68.0,67.75,67.5,69.0
2021-08-04 00:00:00+00:00,193.6,195.42,0.7,290845.3,,,,7619.2,2.427,4292920.0,,,3.838,2.43,26.06,67.75,67.5,67.25,68.25
2021-08-05 00:00:00+00:00,192.9,194.7,0.7,289772.1,,,,5987.5,2.427,4292920.0,,,3.838,2.43,26.06,67.5,67.25,67.25,68.75
2021-08-06 00:00:00+00:00,187.9,189.66,0.72,282259.4,,,,16098.3,2.427,4292920.0,,,3.838,2.43,26.06,65.75,65.5,64.75,67.5
2021-08-09 00:00:00+00:00,191.4,193.98,0.71,287625.6,,,,11700.9,2.427,4292920.0,,,3.838,2.43,26.06,67.0,66.75,65.25,67.25
2021-08-10 00:00:00+00:00,190.7,193.26,0.71,286552.4,,,,14870.5,2.427,4292920.0,,,3.838,2.43,26.06,66.75,66.5,66.0,67.75
2021-08-11 00:00:00+00:00,190.7,193.26,0.71,286552.4,,,,13594.5,2.427,4292920.0,,,3.838,2.43,26.06,66.75,66.5,65.75,67.0
2021-08-12 00:00:00+00:00,190.7,193.26,0.71,286552.4,,,,,2.427,4292920.0,,,3.838,2.43,26.06,,,,
2021-08-13 00:00:00+00:00,195.0,197.6,0.7,292991.8,,,,18328.3,2.427,4292920.0,,,3.838,2.43,26.06,68.5,68.25,66.25,68.5
2021-08-16 00:00:00+00:00,202.1,204.84,0.67,303724.1,,,,14590.5,2.427,4292920.0,,,3.838,2.43,26.06,71.0,70.75,67.5,70.75
2021-08-17 00:00:00+00:00,200.0,202.67,0.68,300504.4,,,,18748.2,2.427,4292920.0,,,3.838,2.43,26.06,70.0,69.75,69.0,71.25
2021-08-18 00:00:00+00:00,200.0,202.67,0.68,300504.4,,,,7491.6,2.427,4292920.0,,,3.838,2.43,26.06,70.25,70.0,69.5,70.5
2021-08-19 00:00:00+00:00,201.4,204.12,0.67,302650.8,,,,9493.6,2.49,4292920.0,,,3.557,2.49,28.11,70.75,70.5,69.5,71.5
2021-08-20 00:00:00+00:00,203.6,206.29,0.67,305870.5,,,,8393.7,2.49,4292920.0,,,3.557,2.49,28.11,71.25,71.0,70.0,71.25
2021-08-23 00:00:00+00:00,200.0,202.67,0.68,300504.4,,,,14080.4,2.49,4292920.0,,,3.557,2.49,28.11,70.0,69.75,69.25,71.5
2021-08-24 00:00:00+00:00,196.4,199.05,0.69,295138.3,,,,12361.3,2.49,4292920.0,,,3.557,2.49,28.11,69.0,68.75,68.5,69.75
2021-08-25 00:00:00+00:00,197.1,199.77,0.69,296211.4,,,,8920.4,2.49,4292920.0,,,3.557,2.49,28.11,69.25,69.0,68.25,69.75
2021-08-26 00:00:00+00:00,195.7,198.33,0.69,294065.0,,,,10751.9,2.49,4292920.0,,,3.557,2.49,28.11,68.5,68.25,68.0,69.5
2021-08-27 00:00:00+00:00,195.7,198.33,0.69,294065.0,,,,9971.5,2.49,4292920.0,,,3.557,2.49,28.11,68.75,68.5,68.25,69.0
2021-08-30 00:00:00+00:00,195.7,198.33,0.69,294065.0,,,,10443.9,2.49,4292920.0,,,3.557,2.49,28.11,68.75,68.5,68.5,69.5
2021-08-31 00:00:00+00:00,200.0,202.67,0.68,300504.4,,,,20910.0,2.49,4292920.0,,,3.557,2.49,28.11,70.0,69.75,68.5,70.0
2021-09-01 00:00:00+00:00,197.9,200.5,0.69,297284.7,,,,28797.3,2.49,4292920.0,,,3.557,2.49,28.11,69.25,69.0,68.0,70.5
2021-09-02 00:00:00+00:00,197.9,200.5,0.69,297284.7,,,,18021.7,2.49,4292920.0,,,3.557,2.49,28.11,69.25,69.0,68.0,69.25
2021-09-03 00:00:00+00:00,195.7,198.33,0.69,294065.0,,,,12781.1,2.49,4292920.0,,,3.557,2.49,28.11,68.5,68.25,68.25,69.25
2021-09-06 00:00:00+00:00,191.4,193.98,0.71,287625.6,,,,27542.1,2.49,4292920.0,,,3.557,2.49,28.11,67.25,67.0,66.5,68.5
2021-09-07 00:00:00+00:00,185.0,187.47,0.73,277966.5,,,,39638.1,2.49,4292920.0,,,3.557,2.49,28.11,65.0,64.75,64.75,67.0
2021-09-08 00:00:00+00:00,192.1,194.71,0.71,288698.8,,,,24335.3,2.49,4292920.0,,,3.557,2.49,28.11,67.25,67.0,65.0,67.75
2021-09-09 00:00:00+00:00,190.7,193.26,0.71,286552.4,,,,9521.3,2.49,4292920.0,,,3.557,2.49,28.11,66.75,66.5,66.25,67.75
2021-09-10 00:00:00+00:00,188.6,191.09,0.72,283332.7,,,,17886.0,2.49,4292920.0,,,3.557,2.49,28.11,66.0,65.75,65.0,66.75
2021-09-13 00:00:00+00:00,190.7,193.26,0.71,286552.4,,,,12204.6,2.49,4292920.0,,,3.557,2.49,28.11,66.75,66.5,65.5,67.0
2021-09-14 00:00:00+00:00,189.3,191.81,0.72,284405.9,,,,15989.0,2.49,4292920.0,,,3.557,2.49,28.11,66.5,66.25,65.25,67.0
2021-09-15 00:00:00+00:00,189.3,191.81,0.72,284405.9,,,,17842.2,2.49,4292920.0,,,3.557,2.49,28.11,66.25,66.0,65.0,66.5
2021-09-16 00:00:00+00:00,184.3,186.74,0.74,276893.3,,,,43569.4,2.557,4292920.0,,,3.86,2.56,25.9,64.75,64.5,64.0,66.0
2021-09-17 00:00:00+00:00,185.0,187.47,0.73,277966.5,,,,26896.1,2.557,4292920.0,,,3.86,2.56,25.9,64.75,64.5,63.0,64.75
2021-09-20 00:00:00+00:00,177.9,180.23,0.76,267234.3,,,,37486.9,2.557,4292920.0,,,3.86,2.56,25.9,62.25,62.0,62.25,64.0
2021-09-21 00:00:00+00:00,180.7,183.13,0.75,271527.2,,,,26690.4,2.557,4292920.0,,,3.86,2.56,25.9,63.5,63.25,62.25,64.0
2021-09-22 00:00:00+00:00,180.7,183.13,0.75,271527.2,,,,10487.8,2.557,4292920.0,,,3.86,2.56,25.9,63.5,63.25,62.5,63.5
2021-09-23 00:00:00+00:00,182.9,185.3,0.74,274746.9,,,,16387.2,2.557,4292920.0,,,3.86,2.56,25.9,64.25,64.0,63.25,64.75
2021-09-24 00:00:00+00:00,182.9,185.3,0.74,274746.9,,,,,2.557,4292920.0,,,3.86,2.56,25.9,,,,
2021-09-27 00:00:00+00:00,177.9,180.23,0.76,267234.3,,,,24693.2,2.557,4292920.0,,,3.86,2.56,25.9,62.5,62.25,61.75,64.5
2021-09-28 00:00:00+00:00,175.0,177.33,0.78,262941.3,,,,20384.0,2.557,4292920.0,,,3.86,2.56,25.9,61.5,61.25,60.75,62.5
2021-09-29 00:00:00+00:00,175.7,178.06,0.77,264014.5,,,,14813.9,2.557,4292920.0,,,3.86,2.56,25.9,61.5,61.25,60.0,61.75
2021-09-30 00:00:00+00:00,172.9,175.16,0.79,259721.6,,,,9193.4,2.557,4292920.0,,,3.86,2.56,25.9,60.5,60.25,60.25,61.5
2021-10-01 00:00:00+00:00,172.1,174.44,0.79,258648.4,,,,23803.4,2.557,4292920.0,,,3.86,2.56,25.9,60.5,60.25,59.0,60.5
2021-10-04 00:00:00+00:00,175.7,178.06,0.77,264014.5,,,,13191.9,2.557,4292920.0,,,3.86,2.56,25.9,61.75,61.5,60.25,62.25
2021-10-05 00:00:00+00:00,180.0,182.4,0.75,270453.9,,,,15187.1,2.557,4292920.0,,,3.86,2.56,25.9,63.0,62.75,61.0,63.25
2021-10-06 00:00:00+00:00,175.7,178.06,0.77,264014.5,,,,22525.9,2.557,4292920.0,,,3.86,2.56,25.9,61.5,61.25,61.0,63.0
2021-10-07 00:00:00+00:00,175.0,177.33,0.78,262941.3,,,,15222.2,2.557,4292920.0,,,3.86,2.56,25.9,61.5,61.25,60.75,62.25
2021-10-08 00:00:00+00:00,175.7,178.06,0.77,264014.5,,,,8321.5,2.557,4292920.0,,,3.86,2.56,25.9,61.75,61.5,61.0,62.5
2021-10-11 00:00:00+00:00,175.0,177.33,0.78,262941.3,,,,4614.3,2.557,4292920.0,,,3.86,2.56,25.9,61.5,61.25,60.75,62.0
2021-10-12 00:00:00+00:00,172.1,174.44,0.79,258648.4,,,,27263.9,2.557,4292920.0,,,3.86,2.56,25.9,60.5,60.25,59.5,61.0
2021-10-13 00:00:00+00:00,172.1,174.44,0.79,258648.4,,,,,2.557,4292920.0,,,3.86,2.56,25.9,,,,
2021-10-14 00:00:00+00:00,172.9,175.16,0.79,259721.6,,,,9803.3,2.557,4292920.0,,,4.243,2.56,23.57,60.75,60.5,59.75,61.5
2021-10-15 00:00:00+00:00,173.6,175.89,0.78,260794.9,,,,14712.6,2.557,4292920.0,,,4.243,2.56,23.57,61.0,60.75,60.5,61.75
2021-10-18 00:00:00+00:00,175.0,177.33,0.78,262941.3,,,,4840.1,2.557,4292920.0,,,4.243,2.56,23.57,61.5,61.25,60.75,61.5
2021-10-19 00:00:00+00:00,176.4,178.78,0.77,265087.8,,,,14157.4,2.557,4292920.0,,,4.243,2.56,23.57,62.0,61.75,61.25,62.25
2021-10-20 00:00:00+00:00,180.7,183.13,0.75,271527.2,,,,28113.0,2.557,4292920.0,,,4.243,2.56,23.57,63.5,63.25,61.75,63.75
2021-10-21 00:00:00+00:00,180.7,183.13,0.75,271527.2,,,,17201.1,2.557,4292920.0,,,4.243,2.56,23.57,63.5,63.25,63.0,64.0
2021-10-22 00:00:00+00:00,180.7,183.13,0.75,271527.2,,,,,2.557,4292920.0,,,4.243,2.56,23.57,,,,
2021-10-25 00:00:00+00:00,180.0,182.4,0.75,270453.9,,,,5705.4,2.557,4292920.0,,,4.243,2.56,23.57,63.25,63.0,62.25,63.25
2021-10-26 00:00:00+00:00,182.9,185.3,0.74,274746.9,,,,28591.7,2.557,4292920.0,,,4.243,2.56,23.57,64.0,63.75,62.75,65.0
2021-10-27 00:00:00+00:00,185.0,187.47,0.73,277966.5,,,,38353.3,2.557,4292920.0,,,4.243,2.56,23.57,65.0,64.75,63.25,65.25
2021-10-28 00:00:00+00:00,182.9,185.3,0.74,274746.9,,,,20104.7,2.557,4292920.0,,,4.243,2.56,23.57,64.25,64.0,63.75,64.75
2021-10-29 00:00:00+00:00,183.6,186.02,0.74,275820.1,,,,9626.9,2.557,4292920.0,,,4.243,2.56,23.57,64.5,64.25,64.0,64.5
2021-11-01 00:00:00+00:00,180.0,182.4,0.75,270453.9,,,,20505.3,2.557,4292920.0,,,4.243,2.56,23.57,63.25,63.0,62.5,64.75
2021-11-02 00:00:00+00:00,179.3,181.68,0.76,269380.7,,,,13278.4,2.557,4292920.0,,,4.243,2.56,23.57,63.0,62.75,61.75,63.25
2021-11-03 00:00:00+00:00,180.0,182.4,0.75,270453.9,,,,12299.0,2.557,4292920.0,,,4.243,2.56,23.57,63.25,63.0,62.5,64.0
2021-11-04 00:00:00+00:00,180.7,183.13,0.75,271527.2,,,,13959.2,2.557,4292920.0,,,4.243,2.56,23.57,63.5,63.25,63.0,64.0
2021-11-05 00:00:00+00:00,180.7,183.13,0.75,271527.2,,,,3494.5,2.557,4292920.0,,,4.243,2.56,23.57,63.25,63.0,62.75,63.5
2021-11-08 00:00:00+00:00,181.4,183.85,0.75,272600.4,,,,7425.6,2.557,4292920.0,,,4.243,2.56,23.57,63.75,63.5,62.5,63.75
2021-11-09 00:00:00+00:00,181.4,183.85,0.75,272600.4,,,,11052.6,2.557,4292920.0,,,4.243,2.56,23.57,63.75,63.5,63.5,64.5
2021-11-10 00:00:00+00:00,180.7,183.13,0.75,271527.2,,,,7355.9,2.557,4292920.0,,,4.243,2.56,23.57,63.5,63.25,63.0,63.5
2021-11-11 00:00:00+00:00,181.4,183.85,0.75,272600.4,,,,4104.5,2.557,4292920.0,,,4.243,2.56,23.57,63.75,63.5,63.25,64.0
2021-11-12 00:00:00+00:00,183.6,186.02,0.74,275820.1,,,,19222.3,2.557,4292920.0,,,4.243,2.56,23.57,64.25,64.0,63.5,65.0
2021-11-15 00:00:00+00:00,182.9,185.3,0.74,274746.9,,,,13719.9,2.557,4292920.0,,,4.243,2.56,23.57,64.0,63.75,63.0,64.25
2021-11-16 00:00:00+00:00,182.9,185.3,0.74,274746.9,,,,6503.7,2.557,4292920.0,,,4.243,2.56,23.57,64.25,64.0,63.5,64.5
2021-11-17 00:00:00+00:00,182.1,184.57,0.75,273673.6,,,,32618.3,2.557,4292920.0,,,4.243,2.56,23.57,64.0,63.75,63.5,65.5
2021-11-18 00:00:00+00:00,184.3,186.74,0.74,276893.3,,,,15666.9,2.564,4292920.0,,,4.007,2.56,24.96,64.75,64.5,63.5,65.25
2021-11-19 00:00:00+00:00,182.9,185.3,0.74,274746.9,,,,13414.4,2.564,4292920.0,,,4.007,2.56,24.96,64.25,64.0,63.75,65.25
2021-11-22 00:00:00+00:00,183.6,186.02,0.74,275820.1,,,,4996.7,2.564,4292920.0,,,4.007,2.56,24.96,64.5,64.25,64.0,64.5
2021-11-23 00:00:00+00:00,183.6,186.02,0.74,275820.1,,,,15508.6,2.564,4292920.0,,,4.007,2.56,24.96,64.5,64.25,64.25,65.25
2021-11-24 00:00:00+00:00,184.3,186.74,0.74,276893.3,,,,6358.3,2.564,4292920.0,,,4.007,2.56,24.96,64.5,64.25,64.25,64.75
2021-11-25 00:00:00+00:00,183.6,186.02,0.74,275820.1,,,,10785.5,2.564,4292920.0,,,4.007,2.56,24.96,64.25,64.0,63.5,65.0
2021-11-26 00:00:00+00:00,180.7,183.13,0.75,271527.2,,,,11580.3,2.564,4292920.0,,,4.007,2.56,24.96,63.5,63.25,63.0,64.25
2021-11-29 00:00:00+00:00,177.9,180.23,0.76,267234.3,,,,19945.2,2.564,4292920.0,,,4.007,2.56,24.96,62.25,62.0,61.0,63.0
2021-11-30 00:00:00+00:00,177.1,179.51,0.77,266161.0,,,,21629.9,2.564,4292920.0,,,4.007,2.56,24.96,62.0,61.75,61.25,63.5
2021-12-01 00:00:00+00:00,178.6,180.95,0.76,268307.4,,,,15974.5,2.564,4292920.0,,,4.007,2.56,24.96,62.5,62.25,60.75,62.75
2021-12-02 00:00:00+00:00,180.0,182.4,0.75,270453.9,,,,10840.8,2.564,4292920.0,,,4.007,2.56,24.96,63.25,63.0,62.0,63.25
2021-12-03 00:00:00+00:00,180.0,182.4,0.75,270453.9,,,,5141.6,2.564,4292920.0,,,4.007,2.56,24.96,63.0,62.75,62.5,63.5
2021-12-06 00:00:00+00:00,180.0,182.4,0.75,270453.9,,,,,2.564,4292920.0,,,4.007,2.56,24.96,,,,
2021-12-07 00:00:00+00:00,180.0,182.4,0.75,270453.9,,,,5476.8,2.564,4292920.0,,,4.007,2.56,24.96,63.25,63.0,63.0,63.5
2021-12-08 00:00:00+00:00,180.7,183.13,0.75,271527.2,,,,3659.1,2.564,4292920.0,,,4.007,2.56,24.96,63.25,63.0,62.75,63.5
2021-12-09 00:00:00+00:00,180.0,182.4,0.75,270453.9,,,,3706.5,2.564,4292920.0,,,4.007,2.56,24.96,63.25,63.0,62.75,63.25
2021-12-10 00:00:00+00:00,180.0,182.4,0.75,270453.9,,,,,2.564,4292920.0,,,4.007,2.56,24.96,,,,
2021-12-13 00:00:00+00:00,183.6,186.02,0.74,275820.1,,,,15882.8,2.564,4292920.0,,,4.007,2.56,24.96,64.25,64.0,63.25,64.75
2021-12-14 00:00:00+00:00,184.3,186.74,0.74,276893.3,,,,7852.4,2.564,4292920.0,,,4.007,2.56,24.96,64.5,64.25,63.75,64.75
2021-12-15 00:00:00+00:00,182.9,185.3,0.74,274746.9,,,,7911.2,2.564,4292920.0,,,4.007,2.56,24.96,64.25,64.0,63.75,65.0
2021-12-16 00:00:00+00:00,184.3,186.74,0.74,276893.3,,,,5081.9,2.56,4292920.0,,,3.969,2.56,25.2,64.5,64.25,63.75,64.5
2021-12-17 00:00:00+00:00,193.6,196.15,0.7,290845.3,,,,68713.8,2.56,4292920.0,,,3.969,2.56,25.2,68.0,67.75,64.25,68.5
2021-12-20 00:00:00+00:00,195.0,197.6,0.7,292991.8,,,,18097.5,2.56,4292920.0,,,3.969,2.56,25.2,68.25,68.0,67.25,69.0
2021-12-21 00:00:00+00:00,195.7,198.33,0.69,294065.0,,,,12060.2,2.56,4292920.0,,,3.969,2.56,25.2,68.5,68.25,68.0,69.5
2021-12-22 00:00:00+00:00,195.7,198.33,0.69,294065.0,,,,6077.6,2.56,4292920.0,,,3.969,2.56,25.2,68.5,68.25,67.75,68.75
2021-12-23 00:00:00+00:00,196.4,199.05,0.69,295138.3,,,,16544.5,2.56,4292920.0,,,3.969,2.56,25.2,69.0,68.75,68.25,70.0
2021-12-24 00:00:00+00:00,197.1,199.77,0.69,296211.4,,,,6463.1,2.56,4292920.0,,,3.969,2.56,25.2,69.25,69.0,68.25,69.25
2021-12-27 00:00:00+00:00,197.9,200.5,0.69,297284.7,,,,6477.1,2.56,4292920.0,,,3.969,2.56,25.2,69.25,69.0,68.5,69.75
2021-12-28 00:00:00+00:00,195.7,198.33,0.69,294065.0,,,,4117.5,2.56,4292920.0,,,3.969,2.56,25.2,68.75,68.5,68.5,69.25
2021-12-29 00:00:00+00:00,199.3,201.94,0.68,299431.1,,,,17947.3,2.56,4292920.0,,,3.969,2.56,25.2,69.75,69.5,68.25,69.75
2021-12-30 00:00:00+00:00,197.9,200.5,0.69,297284.7,,,,6922.8,2.56,4292920.0,,,3.969,2.56,25.2,69.5,69.25,68.75,70.0
2021-12-31 00:00:00+00:00,197.9,200.5,0.69,297284.7,,,,,2.56,4292920.0,,,3.969,2.56,25.2,,,,
2022-01-03 00:00:00+00:00,197.9,200.5,0.69,297284.7,,,,,2.56,4292920.0,,,3.969,2.56,25.2,,,,
2022-01-04 00:00:00+00:00,196.4,199.05,0.69,295138.3,,,,6430.0,2.56,4292920.0,,,3.969,2.56,25.2,69.0,68.75,68.25,69.5
2022-01-05 00:00:00+00:00,193.6,196.15,0.7,290845.3,,,,6139.7,2.56,4292920.0,,,3.969,2.56,25.2,67.75,67.5,67.25,68.75
2022-01-06 00:00:00+00:00,187.1,189.64,0.73,281186.3,,,,22514.5,2.56,4292920.0,,,3.969,2.56,25.2,65.75,65.5,64.75,67.25
2022-01-07 00:00:00+00:00,185.7,188.19,0.73,279039.8,,,,13939.2,2.56,4292920.0,,,3.969,2.56,25.2,65.25,65.0,64.75,66.25
2022-01-10 00:00:00+00:00,186.4,188.92,0.73,280113.0,,,,8334.4,2.56,4292920.0,,,3.969,2.56,25.2,65.5,65.25,64.75,66.0
2022-01-11 00:00:00+00:00,189.3,191.81,0.72,284405.9,,,,15080.2,2.56,4292920.0,,,3.969,2.56,25.2,66.25,66.0,65.5,66.75
2022-01-12 00:00:00+00:00,188.6,191.09,0.72,283332.7,,,,6459.6,2.56,4292920.0,,,3.969,2.56,25.2,66.0,65.75,65.75,66.5
2022-01-13 00:00:00+00:00,186.4,188.92,0.73,280113.0,,,,14990.2,2.56,4292920.0,,,3.969,2.56,25.2,65.25,65.0,64.5,66.0
2022-01-14 00:00:00+00:00,180.7,183.13,0.75,271527.2,,,,39254.1,2.56,4292920.0,,,3.969,2.56,25.2,63.25,63.0,62.75,64.75
2022-01-17 00:00:00+00:00,180.0,182.4,0.75,270453.9,,,,6610.0,2.56,4292920.0,,,3.969,2.56,25.2,63.25,63.0,62.75,63.25
2022-01-18 00:00:00+00:00,177.9,180.23,0.76,267234.3,,,,19682.5,2.56,4292920.0,,,3.969,2.56,25.2,62.5,62.25,61.75,63.75
2022-01-19 00:00:00+00:00,175.0,177.33,0.78,262941.3,,,,17605.2,2.56,4292920.0,,,3.969,2.56,25.2,61.5,61.25,60.5,62.0
2022-01-20 00:00:00+00:00,175.0,177.33,0.78,262941.3,,,,9944.3,2.547,4292920.0,,,4.091,2.55,24.44,61.5,61.25,61.0,62.25
2022-01-21 00:00:00+00:00,175.7,178.06,0.77,264014.5,,,,6234.3,2.547,4292920.0,,,4.091,2.55,24.44,61.75,61.5,60.5,61.5
2022-01-24 00:00:00+00:00,176.4,178.78,0.77,265087.8,,,,9944.4,2.547,4292920.0,,,4.091,2.55,24.44,61.75,61.5,60.75,61.75
2022-01-25 00:00:00+00:00,177.1,179.51,1.05,266161.0,,,,22967.3,2.547,4292920.0,,,4.091,2.55,24.44,62.25,62.0,60.75,62.5
2022-01-26 00:00:00+00:00,178.6,180.95,1.04,268307.4,,,,13600.6,2.547,4292920.0,,,4.091,2.55,24.44,62.75,62.5,62.25,63.0
2022-01-27 00:00:00+00:00,180.0,182.4,1.03,270453.9,,,,11605.8,2.547,4292920.0,,,4.091,2.55,24.44,63.0,62.75,61.75,63.0
2022-01-28 00:00:00+00:00,180.0,182.4,1.03,270453.9,,,,11422.4,2.547,4292920.0,,,4.091,2.55,24.44,63.0,62.75,62.5,63.5
2022-01-31 00:00:00+00:00,177.9,180.23,1.04,267234.3,,,,7146.5,2.547,4292920.0,,,4.091,2.55,24.44,62.5,62.25,62.25,63.0
2022-02-01 00:00:00+00:00,178.6,180.95,1.04,268307.4,,,,4956.5,2.547,4292920.0,,,4.091,2.55,24.44,62.5,62.25,62.25,63.25
2022-02-02 00:00:00+00:00,177.1,179.51,1.05,266161.0,,,,5649.3,2.547,4292920.0,,,4.091,2.55,24.44,62.25,62.0,61.75,62.5
2022-02-03 00:00:00+00:00,177.1,179.51,1.05,266161.0,,,,3703.3,2.547,4292920.0,,,4.091,2.55,24.44,62.0,61.75,61.5,62.0
2022-02-04 00:00:00+00:00,176.4,178.78,1.05,265087.8,,,,5068.5,2.547,4292920.0,,,4.091,2.55,24.44,62.0,61.75,61.5,62.25
2022-02-07 00:00:00+00:00,175.0,177.33,1.06,262941.3,,,,12341.2,2.547,4292920.0,,,4.091,2.55,24.44,61.25,61.0,60.5,61.5
2022-02-08 00:00:00+00:00,175.7,178.06,1.06,264014.5,,,,7987.4,2.547,4292920.0,,,4.091,2.55,24.44,61.5,61.25,60.75,62.0
2022-02-09 00:00:00+00:00,180.7,183.13,1.03,271527.2,,,,26296.4,2.547,4292920.0,,,4.091,2.55,24.44,63.5,63.25,62.0,64.0
2022-02-10 00:00:00+00:00,179.3,181.68,1.04,269380.7,,,,11365.2,2.547,4292920.0,,,4.091,2.55,24.44,63.0,62.75,62.5,64.0
2022-02-11 00:00:00+00:00,179.3,181.68,1.04,269380.7,,,,6263.6,2.547,4292920.0,,,4.091,2.55,24.44,63.0,62.75,62.25,63.25
2022-02-14 00:00:00+00:00,177.1,179.51,1.05,266161.0,,,,8525.8,2.547,4292920.0,,,4.091,2.55,24.44,62.25,62.0,61.5,62.75
2022-02-15 00:00:00+00:00,179.3,181.68,1.04,269380.7,,,,4588.2,2.547,4292920.0,,,4.091,2.55,24.44,63.0,62.75,61.75,63.0
2022-02-16 00:00:00+00:00,179.3,181.68,1.04,269380.7,,,,,2.547,4292920.0,,,4.091,2.55,24.44,,,,
2022-02-17 00:00:00+00:00,179.3,181.68,1.04,269380.7,,,,5691.2,2.54,4292920.0,,,4.048,2.54,24.7,62.75,62.5,62.5,63.25
2022-02-18 00:00:00+00:00,180.0,182.4,1.03,270453.9,,,,6811.1,2.54,4292920.0,,,4.048,2.54,24.7,63.0,62.75,62.25,63.25
2022-02-21 00:00:00+00:00,180.0,182.4,1.03,270453.9,,,,3908.5,2.54,4292920.0,,,4.048,2.54,24.7,63.25,63.0,63.0,63.75
2022-02-22 00:00:00+00:00,179.3,181.68,1.04,269380.7,,,,8106.8,2.54,4292920.0,,,4.048,2.54,24.7,62.75,62.5,61.25,62.75
2022-02-23 00:00:00+00:00,181.4,183.85,1.02,272600.4,,,,4990.4,2.54,4292920.0,,,4.048,2.54,24.7,63.5,63.25,62.75,63.75
2022-02-24 00:00:00+00:00,177.1,179.51,1.05,266161.0,,,,10553.2,2.54,4292920.0,,,4.048,2.54,24.7,62.25,62.0,61.5,63.25
2022-02-25 00:00:00+00:00,175.0,177.33,1.06,262941.3,,,,11421.8,2.54,4292920.0,,,4.048,2.54,24.7,61.5,61.25,61.0,62.5
2022-02-28 00:00:00+00:00,175.0,177.33,1.06,262941.3,,,,8952.3,2.54,4292920.0,,,4.048,2.54,24.7,61.25,61.0,60.0,61.5
2022-03-01 00:00:00+00:00,176.4,178.78,1.05,265087.8,,,,7154.3,2.54,4292920.0,,,4.048,2.54,24.7,62.0,61.75,61.5,62.5
2022-03-02 00:00:00+00:00,166.4,168.65,1.12,250062.6,,,,48827.9,2.54,4292920.0,,,4.048,2.54,24.7,58.25,58.0,57.25,61.25
2022-03-03 00:00:00+00:00,162.1,164.31,1.15,243623.2,,,,37452.7,2.54,4292920.0,,,4.048,2.54,24.7,56.75,56.5,54.5,57.5
2022-03-04 00:00:00+00:00,159.3,161.41,1.17,239330.3,,,,19006.7,2.54,4292920.0,,,4.048,2.54,24.7,56.0,55.75,55.25,56.5
2022-03-07 00:00:00+00:00,156.4,158.52,1.19,235037.3,,,,18787.1,2.54,4292920.0,,,4.048,2.54,24.7,54.75,54.5,54.25,55.5
2022-03-08 00:00:00+00:00,155.0,157.07,1.2,232890.9,,,,37186.7,2.54,4292920.0,,,4.048,2.54,24.7,54.25,54.0,52.75,55.25
2022-03-09 00:00:00+00:00,156.4,158.52,1.19,235037.3,,,,35893.4,2.54,4292920.0,,,4.048,2.54,24.7,54.75,54.5,52.5,54.75
2022-03-10 00:00:00+00:00,158.6,160.69,1.17,238257.1,,,,27113.6,2.54,4292920.0,,,4.048,2.54,24.7,55.75,55.5,55.25,57.0
2022-03-11 00:00:00+00:00,162.9,165.03,1.14,244696.4,,,,28781.4,2.54,4292920.0,,,4.048,2.54,24.7,57.25,57.0,56.0,58.5
2022-03-14 00:00:00+00:00,165.0,167.2,1.13,247916.1,,,,8908.4,2.54,4292920.0,,,4.048,2.54,24.7,57.75,57.5,57.25,58.25
2022-03-15 00:00:00+00:00,165.0,167.2,1.13,247916.1,,,,14998.8,2.54,4292920.0,,,4.048,2.54,24.7,58.0,57.75,57.75,59.25
2022-03-16 00:00:00+00:00,167.9,170.1,1.11,252209.0,,,,10322.6,2.54,4292920.0,,,4.048,2.54,24.7,58.75,58.5,58.25,59.25
2022-03-17 00:00:00+00:00,168.6,170.82,1.1,253282.3,,,,10360.2,2.53,4292920.0,,,4.381,2.53,22.83,59.25,59.0,58.5,59.75
2022-03-18 00:00:00+00:00,167.1,169.37,1.11,251135.8,,,,11439.1,2.53,4292920.0,,,4.381,2.53,22.83,58.75,58.5,58.5,59.5
2022-03-21 00:00:00+00:00,163.6,165.75,1.14,245769.6,,,,10078.4,2.53,4292920.0,,,4.381,2.53,22.83,57.5,57.25,56.75,59.25
2022-03-22 00:00:00+00:00,160.0,162.13,1.16,240403.5,,,,13825.7,2.53,4292920.0,,,4.381,2.53,22.83,56.25,56.0,55.75,57.5
2022-03-23 00:00:00+00:00,162.9,165.03,1.14,244696.4,,,,6017.5,2.53,4292920.0,,,4.381,2.53,22.83,57.25,57.0,56.5,57.5
2022-03-24 00:00:00+00:00,162.9,165.03,1.14,244696.4,,,,5550.3,2.53,4292920.0,,,4.381,2.53,22.83,57.25,57.0,56.5,57.75
2022-03-25 00:00:00+00:00,161.4,163.58,1.15,242549.9,,,,9410.9,2.53,4292920.0,,,4.381,2.53,22.83,56.5,56.25,56.0,57.5
2022-03-28 00:00:00+00:00,162.1,164.31,1.15,243623.2,,,,9084.5,2.53,4292920.0,,,4.381,2.53,22.83,56.75,56.5,56.0,57.0
2022-03-29 00:00:00+00:00,169.3,171.54,1.1,254355.4,,,,25045.7,2.53,4292920.0,,,4.381,2.53,22.83,59.5,59.25,57.25,60.0
2022-03-30 00:00:00+00:00,174.3,176.61,1.07,261868.1,,,,16835.0,2.53,4292920.0,,,4.381,2.53,22.83,61.0,60.75,59.75,61.0
2022-03-31 00:00:00+00:00,172.9,175.16,1.07,259721.6,,,,5641.1,2.53,4292920.0,,,4.381,2.53,22.83,60.5,60.25,60.0,61.0
2022-04-01 00:00:00+00:00,172.1,174.44,1.08,258648.4,,,,5831.1,2.53,4292920.0,,,4.381,2.53,22.83,60.25,60.0,59.75,60.25
2022-04-04 00:00:00+00:00,171.4,173.72,1.08,257575.2,,,,4527.4,2.53,4292920.0,,,4.381,2.53,22.83,60.0,59.75,59.5,60.5
2022-04-05 00:00:00+00:00,170.0,173.43,1.09,255428.7,,,,3269.1,2.53,4292920.0,,,4.381,2.53,22.83,59.5,59.25,59.0,59.5
2022-04-06 00:00:00+00:00,170.0,173.43,1.09,255428.7,,,,,2.53,4292920.0,,,4.381,2.53,22.83,,,,
2022-04-07 00:00:00+00:00,165.7,169.05,1.12,248989.3,,,,9571.5,2.53,4292920.0,,,4.381,2.53,22.83,58.0,57.75,57.25,59.0
2022-04-08 00:00:00+00:00,165.7,169.05,1.12,248989.3,,,,5172.0,2.53,4292920.0,,,4.381,2.53,22.83,58.25,58.0,57.25,59.0
2022-04-11 00:00:00+00:00,162.1,165.41,1.15,243623.2,,,,9636.2,2.53,4292920.0,,,4.381,2.53,22.83,56.75,56.5,56.25,57.75
2022-04-12 00:00:00+00:00,161.4,164.68,1.15,242549.9,,,,4737.8,2.53,4292920.0,,,4.381,2.53,22.83,56.5,56.25,56.0,56.75
2022-04-13 00:00:00+00:00,161.4,164.68,1.15,242549.9,,,,,2.53,4292920.0,,,4.381,2.53,22.83,,,,
2022-04-14 00:00:00+00:00,161.4,164.68,1.15,242549.9,,,,,2.38,4292920.0,,,4.212,2.38,23.74,,,,
2022-04-15 00:00:00+00:00,161.4,164.68,1.15,242549.9,,,,,2.38,4292920.0,,,4.212,2.38,23.74,,,,
2022-04-18 00:00:00+00:00,161.4,164.68,1.15,242549.9,,,,4062.6,2.38,4292920.0,,,4.212,2.38,23.74,56.75,56.5,55.75,56.75
2022-04-19 00:00:00+00:00,162.1,165.41,1.15,243623.2,,,,4875.5,2.38,4292920.0,,,4.212,2.38,23.74,56.75,56.5,56.0,57.0
2022-04-20 00:00:00+00:00,162.1,165.41,1.15,243623.2,,,,6747.7,2.38,4292920.0,,,4.212,2.38,23.74,57.0,56.75,56.75,57.5
2022-04-21 00:00:00+00:00,162.9,166.14,1.14,244696.4,,,,3618.6,2.38,4292920.0,,,4.212,2.38,23.74,57.25,57.0,56.5,57.5
2022-04-22 00:00:00+00:00,163.6,166.87,1.14,245769.6,,,,3591.6,2.38,4292920.0,,,4.212,2.38,23.74,57.25,57.0,56.5,57.25
2022-04-25 00:00:00+00:00,161.4,164.68,1.15,242549.9,,,,4870.9,2.38,4292920.0,,,4.212,2.38,23.74,56.75,56.5,56.0,57.25
2022-04-26 00:00:00+00:00,160.0,163.22,1.16,240403.5,,,,9339.5,2.38,4292920.0,,,4.212,2.38,23.74,56.25,56.0,56.0,57.5
2022-04-27 00:00:00+00:00,158.6,161.77,1.17,238257.1,,,,14060.6,2.38,4292920.0,,,4.212,2.38,23.74,55.5,55.25,54.5,55.75
2022-04-28 00:00:00+00:00,159.3,162.5,1.17,239330.3,,,,5756.8,2.38,4292920.0,,,4.212,2.38,23.74,55.75,55.5,54.75,56.0
2022-04-29 00:00:00+00:00,157.9,161.04,1.18,237183.8,,,,3214.5,2.38,4292920.0,,,4.212,2.38,23.74,55.5,55.25,55.25,56.0
2022-05-02 00:00:00+00:00,157.9,161.04,1.18,237183.8,,,,,2.38,4292920.0,,,4.212,2.38,23.74,,,,
2022-05-03 00:00:00+00:00,157.1,160.31,1.18,236110.6,,,,2738.1,2.38,4292920.0,,,4.212,2.38,23.74,55.0,54.75,54.75,55.5
2022-05-04 00:00:00+00:00,157.1,160.31,1.18,236110.6,,,,,2.38,4292920.0,,,4.212,2.38,23.74,,,,
2022-05-05 00:00:00+00:00,155.7,158.85,1.19,233964.1,,,,2632.8,2.38,4292920.0,,,4.212,2.38,23.74,54.75,54.5,54.5,55.75
2022-05-06 00:00:00+00:00,148.6,151.57,1.25,223231.8,,,,16929.7,2.38,4292920.0,,,4.212,2.38,23.74,52.25,52.0,51.5,54.0
2022-05-09 00:00:00+00:00,148.6,151.57,1.25,223231.8,,,,10536.3,2.38,4292920.0,,,4.212,2.38,23.74,52.25,52.0,50.75,52.5
2022-05-10 00:00:00+00:00,152.1,155.21,1.22,228598.0,,,,14019.1,2.38,4292920.0,,,4.212,2.38,23.74,53.5,53.25,51.5,53.5
2022-05-11 00:00:00+00:00,152.1,155.21,1.22,228598.0,,,,8212.0,2.38,4292920.0,,,4.212,2.38,23.74,53.5,53.25,52.5,54.5
2022-05-12 00:00:00+00:00,151.4,154.48,1.23,227524.8,,,,9559.1,2.38,4292920.0,,,4.212,2.38,23.74,53.25,53.0,52.25,53.25
2022-05-13 00:00:00+00:00,148.6,151.57,1.25,223231.8,,,,6384.2,2.38,4292920.0,,,4.212,2.38,23.74,52.25,52.0,51.75,53.5
2022-05-16 00:00:00+00:00,148.6,151.57,1.25,223231.8,,,,,2.38,4292920.0,,,4.212,2.38,23.74,,,,
2022-05-17 00:00:00+00:00,154.3,157.4,1.2,231817.6,,,,10021.2,2.38,4292920.0,,,4.212,2.38,23.74,54.0,53.75,52.0,54.25
2022-05-18 00:00:00+00:00,155.7,158.85,1.19,233964.1,,,,4834.6,2.38,4292920.0,,,4.212,2.38,23.74,54.5,54.25,53.25,54.5
2022-05-19 00:00:00+00:00,153.6,156.67,1.21,230744.4,,,,3630.3,2.358,4292920.0,,,4.366,2.36,22.91,53.75,53.5,53.25,54.0
2022-05-20 00:00:00+00:00,157.1,160.31,1.18,236110.6,,,,5825.3,2.358,4292920.0,,,4.366,2.36,22.91,55.0,54.75,54.25,55.25
2022-05-23 00:00:00+00:00,157.9,161.04,1.18,237183.8,,,,2124.5,2.358,4292920.0,,,4.366,2.36,22.91,55.25,55.0,54.5,55.25
2022-05-24 00:00:00+00:00,157.9,161.04,1.18,237183.8,,,,6645.2,2.358,4292920.0,,,4.366,2.36,22.91,55.25,55.0,54.5,55.5
2022-05-25 00:00:00+00:00,157.9,161.04,1.18,237183.8,,,,5267.7,2.358,4292920.0,,,4.366,2.36,22.91,55.5,55.25,55.25,56.25
2022-05-26 00:00:00+00:00,157.9,161.04,1.18,237183.8,,,,1628.4,2.358,4292920.0,,,4.366,2.36,22.91,55.5,55.25,55.0,55.5
2022-05-27 00:00:00+00:00,157.9,161.04,1.18,237183.8,,,,5839.1,2.358,4292920.0,,,4.366,2.36,22.91,55.5,55.25,54.75,56.0
2022-05-30 00:00:00+00:00,162.1,165.41,1.15,243623.2,,,,12664.6,2.358,4292920.0,,,4.366,2.36,22.91,57.0,56.75,55.5,57.25
2022-05-31 00:00:00+00:00,162.1,165.41,1.15,243623.2,,,,12263.1,2.358,4292920.0,,,4.366,2.36,22.91,57.0,56.75,56.5,57.25
2022-06-01 00:00:00+00:00,162.9,166.14,1.14,244696.4,,,,8374.4,2.358,4292920.0,,,4.366,2.36,22.91,57.25,57.0,56.25,57.5
2022-06-02 00:00:00+00:00,163.6,166.87,1.14,245769.6,,,,13421.0,2.358,4292920.0,,,4.366,2.36,22.91,57.25,57.0,56.75,58.75
2022-06-03 00:00:00+00:00,163.6,166.87,1.14,245769.6,,,,,2.358,4292920.0,,,4.366,2.36,22.91,,,,
2022-06-06 00:00:00+00:00,164.3,167.6,1.13,246842.9,,,,5021.4,2.358,4292920.0,,,4.366,2.36,22.91,57.5,57.25,56.75,57.75
2022-06-07 00:00:00+00:00,164.3,167.6,1.13,246842.9,,,,4247.9,2.358,4292920.0,,,4.366,2.36,22.91,57.5,57.25,57.0,57.75
2022-06-08 00:00:00+00:00,165.0,168.33,1.13,247916.1,,,,7125.3,2.358,4292920.0,,,4.366,2.36,22.91,58.0,57.75,57.5,58.5
2022-06-09 00:00:00+00:00,162.1,165.41,1.15,243623.2,,,,4352.4,2.358,4292920.0,,,4.366,2.36,22.91,57.0,56.75,56.75,57.75
2022-06-10 00:00:00+00:00,162.1,165.41,1.15,243623.2,,,,3099.3,2.358,4292920.0,,,4.366,2.36,22.91,56.75,56.5,56.25,57.0
2022-06-13 00:00:00+00:00,158.6,161.77,1.17,238257.1,,,,10172.2,2.358,4292920.0,,,4.366,2.36,22.91,55.75,55.5,54.75,57.0
2022-06-14 00:00:00+00:00,156.4,159.58,1.19,235037.3,,,,8206.4,2.358,4292920.0,,,4.366,2.36,22.91,54.75,54.5,54.0,55.75
2022-06-15 00:00:00+00:00,155.7,158.85,1.19,233964.1,,,,7253.0,2.358,4292920.0,,,4.366,2.36,22.91,54.75,54.5,53.75,55.0
2022-06-16 00:00:00+00:00,151.4,154.48,1.23,227524.8,,,,8902.1,2.37,4292920.0,,,4.329,2.37,23.1,53.25,53.0,52.75,55.0
2022-06-17 00:00:00+00:00,147.9,150.84,1.26,222158.6,,,,25424.4,2.37,4292920.0,,,4.329,2.37,23.1,52.0,51.75,50.75,53.5
2022-06-20 00:00:00+00:00,149.3,152.29,1.24,224305.1,,,,13122.0,2.37,4292920.0,,,4.329,2.37,23.1,52.25,52.0,51.75,52.75
2022-06-21 00:00:00+00:00,149.3,152.29,1.24,224305.1,,,,12295.7,2.37,4292920.0,,,4.329,2.37,23.1,52.5,52.25,51.75,53.5
2022-06-22 00:00:00+00:00,151.4,154.48,1.23,227524.8,,,,19283.1,2.37,4292920.0,,,4.329,2.37,23.1,53.25,53.0,52.5,53.5
2022-06-23 00:00:00+00:00,153.6,156.67,1.21,230744.4,,,,7751.9,2.37,4292920.0,,,4.329,2.37,23.1,54.0,53.75,53.5,54.25
2022-06-24 00:00:00+00:00,157.1,160.31,1.18,236110.6,,,,16223.8,2.37,4292920.0,,,4.329,2.37,23.1,55.25,55.0,53.5,55.5
2022-06-27 00:00:00+00:00,160.7,163.95,1.16,241476.7,,,,17460.0,2.37,4292920.0,,,4.329,2.37,23.1,56.5,56.25,55.5,57.25
2022-06-28 00:00:00+00:00,160.7,163.95,1.16,241476.7,,,,6337.1,2.37,4292920.0,,,4.329,2.37,23.1,56.25,56.0,55.25,56.75
2022-06-29 00:00:00+00:00,157.9,161.04,1.18,237183.8,,,,5735.2,2.37,4292920.0,,,4.329,2.37,23.1,55.5,55.25,54.75,55.5
2022-06-30 00:00:00+00:00,158.6,161.77,1.17,238257.1,,,,6583.1,2.37,4292920.0,,,4.329,2.37,23.1,55.5,55.25,54.75,55.75
2022-07-01 00:00:00+00:00,159.3,162.5,1.17,239330.3,,,,6576.2,2.37,4292920.0,,,4.329,2.37,23.1,55.75,55.5,54.75,56.5
2022-07-04 00:00:00+00:00,157.9,161.04,1.18,237183.8,,,,2906.2,2.37,4292920.0,,,4.329,2.37,23.1,55.5,55.25,54.75,55.5
2022-07-05 00:00:00+00:00,156.4,159.58,1.19,235037.3,,,,5307.5,2.37,4292920.0,,,4.329,2.37,23.1,54.75,54.5,54.25,56.0
2022-07-06 00:00:00+00:00,155.7,158.85,1.19,233964.1,,,,7442.6,2.37,4292920.0,,,4.329,2.37,23.1,54.5,54.25,53.75,55.25
2022-07-07 00:00:00+00:00,152.9,155.94,1.21,229671.2,,,,12593.7,2.37,4292920.0,,,4.329,2.37,23.1,53.75,53.5,52.0,54.75
2022-07-08 00:00:00+00:00,153.6,156.67,1.21,230744.4,,,,5098.0,2.37,4292920.0,,,4.329,2.37,23.1,54.0,53.75,53.5,54.25
2022-07-11 00:00:00+00:00,154.3,157.4,1.2,231817.6,,,,5674.8,2.37,4292920.0,,,4.329,2.37,23.1,54.0,53.75,53.5,54.5
2022-07-12 00:00:00+00:00,154.3,157.4,1.2,231817.6,,,,7864.4,2.37,4292920.0,,,4.329,2.37,23.1,54.0,53.75,53.75,54.25
2022-07-13 00:00:00+00:00,154.3,157.4,1.2,231817.6,,,,,2.37,4292920.0,,,4.329,2.37,23.1,,,,
2022-07-14 00:00:00+00:00,155.0,158.12,1.2,232890.9,,,,5557.1,2.395,4292920.0,,,4.435,2.4,22.55,54.25,54.0,53.5,54.25
2022-07-15 00:00:00+00:00,153.6,156.67,1.21,230744.4,,,,7412.1,2.395,4292920.0,,,4.435,2.4,22.55,54.0,53.75,53.0,54.25
2022-07-18 00:00:00+00:00,154.3,157.4,1.2,231817.6,,,,5407.9,2.395,4292920.0,,,4.435,2.4,22.55,54.0,53.75,53.5,54.0
2022-07-19 00:00:00+00:00,151.4,154.48,1.23,227524.8,,,,6778.5,2.395,4292920.0,,,4.435,2.4,22.55,53.25,53.0,52.25,53.5
2022-07-20 00:00:00+00:00,151.4,154.48,1.23,227524.8,,,,6028.0,2.395,4292920.0,,,4.435,2.4,22.55,53.0,52.75,52.75,53.75
2022-07-21 00:00:00+00:00,151.4,154.48,1.23,227524.8,,,,6111.9,2.395,4292920.0,,,4.435,2.4,22.55,53.25,53.0,52.5,53.25
2022-07-22 00:00:00+00:00,152.1,155.21,1.22,228598.0,,,,9285.3,2.395,4292920.0,,,4.435,2.4,22.55,53.5,53.25,52.5,54.0
2022-07-25 00:00:00+00:00,152.9,155.94,1.21,229671.2,,,,4994.6,2.395,4292920.0,,,4.435,2.4,22.55,53.5,53.25,53.0,53.5
2022-07-26 00:00:00+00:00,147.9,150.84,1.26,222158.6,,,,22216.8,2.395,4292920.0,,,4.435,2.4,22.55,52.0,51.75,51.25,53.75
2022-07-27 00:00:00+00:00,145.7,148.65,1.27,218938.9,,,,21517.6,2.395,4292920.0,,,4.435,2.4,22.55,51.0,50.75,50.25,51.25
2022-07-28 00:00:00+00:00,145.7,148.65,1.27,218938.9,,,,,2.395,4292920.0,,,4.435,2.4,22.55,,,,
2022-07-29 00:00:00+00:00,145.7,148.65,1.27,218938.9,,,,,2.395,4292920.0,,,4.435,2.4,22.55,,,,
2022-08-01 00:00:00+00:00,147.1,150.11,1.26,221085.3,,,,11858.4,2.395,4292920.0,,,4.435,2.4,22.55,51.5,51.25,50.5,51.75
2022-08-02 00:00:00+00:00,149.3,152.29,1.24,224305.1,,,,11090.5,2.395,4292920.0,,,4.435,2.4,22.55,52.25,52.0,51.25,52.25
2022-08-03 00:00:00+00:00,147.9,150.84,1.26,222158.6,,,,5695.4,2.395,4292920.0,,,4.435,2.4,22.55,52.0,51.75,51.25,52.25
2022-08-04 00:00:00+00:00,156.4,159.58,1.19,235037.3,,,,26601.2,2.395,4292920.0,,,4.435,2.4,22.55,54.75,54.5,52.25,54.75
2022-08-05 00:00:00+00:00,158.6,161.77,1.17,238257.1,,,,13284.4,2.395,4292920.0,,,4.435,2.4,22.55,55.75,55.5,55.0,56.0
2022-08-08 00:00:00+00:00,159.3,163.22,1.17,239330.3,,,,7110.0,2.395,4292920.0,,,4.435,2.4,22.55,56.0,55.75,54.75,55.75
2022-08-09 00:00:00+00:00,160.0,163.96,1.16,240403.5,,,,7344.9,2.395,4292920.0,,,4.435,2.4,22.55,56.0,55.75,55.25,56.25
2022-08-10 00:00:00+00:00,161.4,165.42,1.15,242549.9,,,,13477.7,2.395,4292920.0,,,4.435,2.4,22.55,56.5,56.25,55.0,57.25
2022-08-11 00:00:00+00:00,165.7,169.81,1.12,248989.3,,,,15857.0,2.395,4292920.0,,,4.435,2.4,22.55,58.0,57.75,56.5,58.0
2022-08-12 00:00:00+00:00,165.7,169.81,1.12,248989.3,,,,,2.395,4292920.0,,,4.435,2.4,22.55,,,,
2022-08-15 00:00:00+00:00,166.4,170.54,1.12,250062.6,,,,6031.2,2.395,4292920.0,,,4.435,2.4,22.55,58.25,58.0,57.5,58.5
2022-08-16 00:00:00+00:00,165.7,169.81,1.12,248989.3,,,,11412.6,2.395,4292920.0,,,4.435,2.4,22.55,58.25,58.0,57.0,58.5
2022-08-17 00:00:00+00:00,166.4,170.54,1.12,250062.6,,,,4052.4,2.395,4292920.0,,,4.435,2.4,22.55,58.5,58.25,57.75,58.5
2022-08-18 00:00:00+00:00,167.1,171.28,1.11,251135.8,,,,5045.0,2.3,4292920.0,,,3.966,2.3,25.22,58.75,58.5,57.75,59.0
2022-08-19 00:00:00+00:00,165.7,169.81,1.12,248989.3,,,,5523.7,2.3,4292920.0,,,3.966,2.3,25.22,58.25,58.0,58.0,58.75
2022-08-22 00:00:00+00:00,160.7,164.69,1.16,241476.7,,,,13336.1,2.3,4292920.0,,,3.966,2.3,25.22,56.5,56.25,56.0,57.25
2022-08-23 00:00:00+00:00,162.9,166.88,1.14,244696.4,,,,8570.5,2.3,4292920.0,,,3.966,2.3,25.22,57.0,56.75,55.5,57.5
2022-08-24 00:00:00+00:00,161.4,165.42,1.15,242549.9,,,,6450.5,2.3,4292920.0,,,3.966,2.3,25.22,56.75,56.5,56.25,57.25
2022-08-25 00:00:00+00:00,162.9,166.88,1.14,244696.4,,,,4014.1,2.3,4292920.0,,,3.966,2.3,25.22,57.25,57.0,57.0,57.75
2022-08-26 00:00:00+00:00,162.1,166.15,1.15,243623.2,,,,5568.0,2.3,4292920.0,,,3.966,2.3,25.22,56.75,56.5,56.25,57.25
2022-08-29 00:00:00+00:00,160.0,163.96,1.16,240403.5,,,,3944.1,2.3,4292920.0,,,3.966,2.3,25.22,56.25,56.0,55.75,56.5
2022-08-30 00:00:00+00:00,160.0,163.96,1.16,240403.5,,,,4015.7,2.3,4292920.0,,,3.966,2.3,25.22,56.0,55.75,55.25,56.25
2022-08-31 00:00:00+00:00,162.1,166.15,1.15,243623.2,,,,7297.8,2.3,4292920.0,,,3.966,2.3,25.22,56.75,56.5,55.5,56.75
2022-09-01 00:00:00+00:00,159.3,163.22,1.17,239330.3,,,,7955.4,2.3,4292920.0,,,3.966,2.3,25.22,56.0,55.75,55.25,57.0
2022-09-02 00:00:00+00:00,156.4,160.3,1.19,235037.3,,,,7558.5,2.3,4292920.0,,,3.966,2.3,25.22,55.0,54.75,54.5,56.0
2022-09-05 00:00:00+00:00,155.7,159.56,1.19,233964.1,,,,4765.9,2.3,4292920.0,,,3.966,2.3,25.22,54.75,54.5,54.0,55.0
2022-09-06 00:00:00+00:00,154.3,158.1,1.2,231817.6,,,,5926.5,2.3,4292920.0,,,3.966,2.3,25.22,54.25,54.0,53.75,54.75
2022-09-07 00:00:00+00:00,153.6,157.37,1.21,230744.4,,,,8257.0,2.3,4292920.0,,,3.966,2.3,25.22,54.0,53.75,53.25,54.5
2022-09-08 00:00:00+00:00,157.1,161.03,1.18,236110.6,,,,10145.4,2.3,4292920.0,,,3.966,2.3,25.22,55.25,55.0,54.75,56.0
2022-09-09 00:00:00+00:00,157.9,161.76,1.18,237183.8,,,,5297.8,2.3,4292920.0,,,3.966,2.3,25.22,55.5,55.25,55.0,55.75
2022-09-12 00:00:00+00:00,159.3,163.22,1.17,239330.3,,,,5315.4,2.3,4292920.0,,,3.966,2.3,25.22,56.0,55.75,55.5,56.0
2022-09-13 00:00:00+00:00,158.6,162.49,1.17,238257.1,,,,4693.1,2.3,4292920.0,,,3.966,2.3,25.22,55.75,55.5,55.0,56.0
2022-09-14 00:00:00+00:00,160.7,164.69,1.16,241476.7,,,,7410.3,2.3,4292920.0,,,3.966,2.3,25.22,56.5,56.25,54.75,56.5
2022-09-15 00:00:00+00:00,160.7,164.69,1.16,241476.7,,,,10265.8,2.303,4292920.0,,,4.149,2.3,24.1,56.5,56.25,55.5,56.75
2022-09-16 00:00:00+00:00,159.3,163.22,1.17,239330.3,,,,7907.2,2.303,4292920.0,,,4.149,2.3,24.1,55.75,55.5,55.5,56.25
2022-09-19 00:00:00+00:00,157.1,161.03,1.18,236110.6,,,,5213.3,2.303,4292920.0,,,4.149,2.3,24.1,55.0,54.75,54.5,55.75
2022-09-20 00:00:00+00:00,157.9,161.76,1.18,237183.8,,,,8805.3,2.303,4292920.0,,,4.149,2.3,24.1,55.5,55.25,54.75,56.0
2022-09-21 00:00:00+00:00,156.4,160.3,1.19,235037.3,,,,5598.1,2.303,4292920.0,,,4.149,2.3,24.1,55.0,54.75,54.5,56.0
2022-09-22 00:00:00+00:00,156.4,160.3,1.19,235037.3,,,,5332.1,2.303,4292920.0,,,4.149,2.3,24.1,55.0,54.75,54.25,55.25
2022-09-23 00:00:00+00:00,155.0,158.83,1.2,232890.9,,,,5208.1,2.303,4292920.0,,,4.149,2.3,24.1,54.25,54.0,53.75,55.0
2022-09-26 00:00:00+00:00,152.9,156.64,1.21,229671.2,,,,4870.5,2.303,4292920.0,,,4.149,2.3,24.1,53.75,53.5,53.5,54.5
2022-09-27 00:00:00+00:00,153.6,157.37,1.21,230744.4,,,,4674.3,2.303,4292920.0,,,4.149,2.3,24.1,53.75,53.5,53.0,54.0
2022-09-28 00:00:00+00:00,149.3,152.98,1.24,224305.1,,,,7352.8,2.303,4292920.0,,,4.149,2.3,24.1,52.5,52.25,52.25,53.5
2022-09-29 00:00:00+00:00,148.6,152.25,1.25,223231.8,,,,11037.2,2.303,4292920.0,,,4.149,2.3,24.1,52.25,52.0,51.25,53.0
2022-09-30 00:00:00+00:00,148.6,152.25,1.25,223231.8,,,,5204.2,2.303,4292920.0,,,4.149,2.3,24.1,52.25,52.0,51.5,52.25
2022-10-03 00:00:00+00:00,145.7,149.32,1.27,218938.9,,,,7284.6,2.303,4292920.0,,,4.149,2.3,24.1,51.25,51.0,50.5,52.25
2022-10-04 00:00:00+00:00,146.4,150.05,1.27,220012.1,,,,14263.3,2.303,4292920.0,,,4.149,2.3,24.1,51.5,51.25,49.75,51.75
2022-10-05 00:00:00+00:00,147.1,150.78,1.26,221085.3,,,,8701.9,2.303,4292920.0,,,4.149,2.3,24.1,51.75,51.5,51.0,52.0
2022-10-06 00:00:00+00:00,155.0,158.83,1.2,232890.9,,,,25764.8,2.303,4292920.0,,,4.149,2.3,24.1,54.5,54.25,52.0,55.0
2022-10-07 00:00:00+00:00,150.0,153.71,1.24,225378.3,,,,17484.4,2.303,4292920.0,,,4.149,2.3,24.1,52.5,52.25,51.75,54.25
2022-10-10 00:00:00+00:00,146.4,150.05,1.27,220012.1,,,,9122.0,2.303,4292920.0,,,4.149,2.3,24.1,51.5,51.25,50.5,52.25
2022-10-11 00:00:00+00:00,148.6,152.25,1.25,223231.8,,,,11383.2,2.303,4292920.0,,,4.149,2.3,24.1,52.25,52.0,51.0,52.75
2022-10-12 00:00:00+00:00,147.1,150.78,1.26,221085.3,,,,5061.8,2.303,4292920.0,,,4.149,2.3,24.1,51.75,51.5,51.25,52.0
2022-10-13 00:00:00+00:00,147.1,150.78,1.26,221085.3,,,,,2.303,4292920.0,,,4.149,2.3,24.1,,,,
2022-10-14 00:00:00+00:00,147.1,150.78,1.26,221085.3,,,,,2.303,4292920.0,,,4.149,2.3,24.1,,,,
2022-10-17 00:00:00+00:00,147.9,151.51,1.26,222158.6,,,,6809.8,2.303,4292920.0,,,4.149,2.3,24.1,51.75,51.5,50.5,51.75
2022-10-18 00:00:00+00:00,148.6,152.25,1.25,223231.8,,,,5285.1,2.303,4292920.0,,,4.149,2.3,24.1,52.0,51.75,51.25,52.0
2022-10-19 00:00:00+00:00,148.6,152.25,1.25,223231.8,,,,13966.0,2.303,4292920.0,,,4.149,2.3,24.1,52.25,52.0,51.5,53.5
2022-10-20 00:00:00+00:00,149.3,152.98,1.24,224305.1,,,,6174.1,2.153,4292920.0,,,4.141,2.15,24.15,52.5,52.25,51.5,52.75
2022-10-21 00:00:00+00:00,150.7,154.44,1.23,226451.5,,,,6637.6,2.153,4292920.0,,,4.141,2.15,24.15,53.0,52.75,52.0,53.25
2022-10-24 00:00:00+00:00,150.7,154.44,1.23,226451.5,,,,,2.153,4292920.0,,,4.141,2.15,24.15,,,,
2022-10-25 00:00:00+00:00,153.6,157.37,1.21,230744.4,,,,15454.0,2.153,4292920.0,,,4.141,2.15,24.15,53.75,53.5,52.5,53.75
2022-10-26 00:00:00+00:00,149.3,152.98,1.24,224305.1,,,,14730.0,2.153,4292920.0,,,4.141,2.15,24.15,52.25,52.0,51.5,53.75
2022-10-27 00:00:00+00:00,150.7,154.44,1.23,226451.5,,,,10530.7,2.153,4292920.0,,,4.141,2.15,24.15,52.75,52.5,51.5,53.25
2022-10-28 00:00:00+00:00,149.3,152.98,1.24,224305.1,,,,10631.9,2.153,4292920.0,,,4.141,2.15,24.15,52.25,52.0,51.5,52.5
2022-10-31 00:00:00+00:00,148.6,152.25,1.25,223231.8,,,,3268.9,2.153,4292920.0,,,4.141,2.15,24.15,52.0,51.75,51.75,52.5
2022-11-01 00:00:00+00:00,152.9,156.64,1.21,229671.2,,,,19666.5,2.153,4292920.0,,,4.141,2.15,24.15,53.75,53.5,52.25,54.0
2022-11-02 00:00:00+00:00,157.9,161.76,1.18,237183.8,,,,18122.3,2.153,4292920.0,,,4.141,2.15,24.15,55.5,55.25,54.25,55.75
2022-11-03 00:00:00+00:00,157.9,161.76,1.18,237183.8,,,,7988.5,2.153,4292920.0,,,4.141,2.15,24.15,55.25,55.0,54.75,55.75
2022-11-04 00:00:00+00:00,157.9,161.76,1.18,237183.8,,,,6039.4,2.153,4292920.0,,,4.141,2.15,24.15,55.5,55.25,54.75,55.5
2022-11-07 00:00:00+00:00,157.9,161.76,1.18,237183.8,,,,11448.3,2.153,4292920.0,,,4.141,2.15,24.15,55.5,55.25,55.0,56.0
2022-11-08 00:00:00+00:00,158.6,162.49,1.17,238257.1,,,,9323.8,2.153,4292920.0,,,4.141,2.15,24.15,55.75,55.5,55.25,56.5
2022-11-09 00:00:00+00:00,157.9,161.76,1.18,237183.8,,,,4579.6,2.153,4292920.0,,,4.141,2.15,24.15,55.5,55.25,55.0,56.0
2022-11-10 00:00:00+00:00,158.6,162.49,1.17,238257.1,,,,2438.8,2.153,4292920.0,,,4.141,2.15,24.15,55.5,55.25,54.75,55.5
2022-11-11 00:00:00+00:00,162.9,166.88,1.14,244696.4,,,,9781.6,2.153,4292920.0,,,4.141,2.15,24.15,57.0,56.75,55.75,57.0
2022-11-14 00:00:00+00:00,163.6,167.62,1.14,245769.6,,,,9320.2,2.153,4292920.0,,,4.141,2.15,24.15,57.5,57.25,56.25,57.75
2022-11-15 00:00:00+00:00,162.9,166.88,1.14,244696.4,,,,6558.4,2.153,4292920.0,,,4.141,2.15,24.15,57.0,56.75,56.75,57.75
2022-11-16 00:00:00+00:00,162.9,166.88,1.14,244696.4,,,,6278.4,2.153,4292920.0,,,4.141,2.15,24.15,57.0,56.75,56.25,57.0
2022-11-17 00:00:00+00:00,160.7,164.69,1.16,241476.7,,,,4736.4,2.063,4292920.0,,,3.618,2.06,27.64,56.5,56.25,56.0,57.0
2022-11-18 00:00:00+00:00,160.7,164.69,1.16,241476.7,,,,4007.5,2.063,4292920.0,,,3.618,2.06,27.64,56.5,56.25,56.0,56.75
2022-11-21 00:00:00+00:00,162.1,166.15,1.15,243623.2,,,,2719.1,2.063,4292920.0,,,3.618,2.06,27.64,56.75,56.5,55.5,56.75
2022-11-22 00:00:00+00:00,158.6,162.49,1.17,238257.1,,,,7469.5,2.063,4292920.0,,,3.618,2.06,27.64,55.5,55.25,55.25,57.25
2022-11-23 00:00:00+00:00,159.3,163.22,1.17,239330.3,,,,3292.4,2.063,4292920.0,,,3.618,2.06,27.64,56.0,55.75,55.25,56.0
2022-11-24 00:00:00+00:00,160.0,163.96,1.16,240403.5,,,,2684.3,2.063,4292920.0,,,3.618,2.06,27.64,56.25,56.0,55.75,56.25
2022-11-25 00:00:00+00:00,157.1,161.03,1.18,236110.6,,,,5230.0,2.063,4292920.0,,,3.618,2.06,27.64,55.0,54.75,54.75,56.25
2022-11-28 00:00:00+00:00,157.1,161.03,1.18,236110.6,,,,2493.0,2.063,4292920.0,,,3.618,2.06,27.64,55.25,55.0,54.75,55.5
2022-11-29 00:00:00+00:00,159.3,163.22,1.17,239330.3,,,,4461.5,2.063,4292920.0,,,3.618,2.06,27.64,55.75,55.5,54.5,55.75
2022-11-30 00:00:00+00:00,157.9,161.76,1.18,237183.8,,,,8176.9,2.063,4292920.0,,,3.618,2.06,27.64,55.5,55.25,55.25,56.0
2022-12-01 00:00:00+00:00,160.7,164.69,1.16,241476.7,,,,6884.7,2.063,4292920.0,,,3.618,2.06,27.64,56.5,56.25,55.75,56.75
2022-12-02 00:00:00+00:00,161.4,165.42,1.15,242549.9,,,,4532.3,2.063,4292920.0,,,3.618,2.06,27.64,56.5,56.25,56.0,56.75
2022-12-05 00:00:00+00:00,161.4,165.42,1.15,242549.9,,,,,2.063,4292920.0,,,3.618,2.06,27.64,,,,
2022-12-06 00:00:00+00:00,161.4,165.42,1.15,242549.9,,,,5392.8,2.063,4292920.0,,,3.618,2.06,27.64,56.5,56.25,56.0,56.75
2022-12-07 00:00:00+00:00,160.7,164.69,1.16,241476.7,,,,3891.5,2.063,4292920.0,,,3.618,2.06,27.64,56.25,56.0,55.75,56.75
2022-12-08 00:00:00+00:00,160.7,164.69,1.16,241476.7,,,,2676.9,2.063,4292920.0,,,3.618,2.06,27.64,56.25,56.0,55.5,56.5
2022-12-09 00:00:00+00:00,165.0,169.08,1.13,247916.1,,,,11234.1,2.063,4292920.0,,,3.618,2.06,27.64,57.75,57.5,56.0,58.0
2022-12-12 00:00:00+00:00,165.0,169.08,1.13,247916.1,,,,,2.063,4292920.0,,,3.618,2.06,27.64,,,,
2022-12-13 00:00:00+00:00,164.3,168.35,1.13,246842.9,,,,4512.1,2.063,4292920.0,,,3.618,2.06,27.64,57.75,57.5,57.25,58.0
2022-12-14 00:00:00+00:00,165.7,169.81,1.12,248989.3,,,,5647.3,2.063,4292920.0,,,3.618,2.06,27.64,58.0,57.75,57.5,58.25
2022-12-15 00:00:00+00:00,163.6,167.62,1.14,245769.6,,,,9189.4,2.12,4292920.0,,,3.687,2.12,27.12,57.25,57.0,56.75,58.0
2022-12-16 00:00:00+00:00,161.4,165.42,1.15,242549.9,,,,10989.2,2.12,4292920.0,,,3.687,2.12,27.12,56.75,56.5,56.0,57.0
2022-12-19 00:00:00+00:00,160.0,163.96,1.16,240403.5,,,,3674.0,2.12,4292920.0,,,3.687,2.12,27.12,56.25,56.0,56.0,56.75
2022-12-20 00:00:00+00:00,157.1,161.03,1.18,236110.6,,,,10288.3,2.12,4292920.0,,,3.687,2.12,27.12,55.0,54.75,54.5,56.0
2022-12-21 00:00:00+00:00,159.3,163.22,1.17,239330.3,,,,5143.8,2.12,4292920.0,,,3.687,2.12,27.12,55.75,55.5,54.5,55.75
2022-12-22 00:00:00+00:00,160.0,163.96,1.16,240403.5,,,,6401.5,2.12,4292920.0,,,3.687,2.12,27.12,56.25,56.0,55.5,56.25
2022-12-23 00:00:00+00:00,158.6,162.49,1.17,238257.1,,,,7878.9,2.12,4292920.0,,,3.687,2.12,27.12,55.75,55.5,55.25,56.25
2022-12-26 00:00:00+00:00,158.6,162.49,1.17,238257.1,,,,4060.5,2.12,4292920.0,,,3.687,2.12,27.12,55.75,55.5,55.5,56.0
2022-12-27 00:00:00+00:00,161.4,165.42,1.15,242549.9,,,,7690.4,2.12,4292920.0,,,3.687,2.12,27.12,56.75,56.5,55.75,56.75
2022-12-28 00:00:00+00:00,162.1,166.15,1.15,243623.2,,,,5141.0,2.12,4292920.0,,,3.687,2.12,27.12,57.0,56.75,56.25,56.75
2022-12-29 00:00:00+00:00,164.3,168.35,1.13,246842.9,,,,7351.6,2.12,4292920.0,,,3.687,2.12,27.12,57.75,57.5,56.5,58.0
2022-12-30 00:00:00+00:00,162.9,166.88,1.14,244696.4,,,,6263.3,2.12,4292920.0,,,3.687,2.12,27.12,57.25,57.0,57.0,57.75
2023-01-02 00:00:00+00:00,162.9,166.88,1.14,244696.4,,,,,2.12,4292920.0,,,3.687,2.12,27.12,,,,
2023-01-03 00:00:00+00:00,163.6,167.62,1.14,245769.6,,,,8847.7,2.12,4292920.0,,,3.687,2.12,27.12,57.5,57.25,56.5,57.75
2023-01-04 00:00:00+00:00,165.0,169.08,1.13,247916.1,,,,5403.4,2.12,4292920.0,,,3.687,2.12,27.12,57.75,57.5,57.0,58.0
2023-01-05 00:00:00+00:00,171.4,175.67,1.08,257575.2,,,,20918.2,2.12,4292920.0,,,3.687,2.12,27.12,60.0,59.75,58.25,60.5
2023-01-06 00:00:00+00:00,169.3,173.47,1.1,254355.4,,,,14121.9,2.12,4292920.0,,,3.687,2.12,27.12,59.25,59.0,58.75,59.75
2023-01-09 00:00:00+00:00,168.6,172.74,1.1,253282.3,,,,9968.9,2.12,4292920.0,,,3.687,2.12,27.12,59.25,59.0,58.75,60.0
2023-01-10 00:00:00+00:00,165.7,169.81,1.12,248989.3,,,,19332.6,2.12,4292920.0,,,3.687,2.12,27.12,58.25,58.0,57.75,59.25
2023-01-11 00:00:00+00:00,161.4,165.42,1.15,242549.9,,,,21552.1,2.12,4292920.0,,,3.687,2.12,27.12,56.75,56.5,56.25,57.75
2023-01-12 00:00:00+00:00,162.1,166.15,1.15,243623.2,,,,8081.3,2.12,4292920.0,,,3.687,2.12,27.12,56.75,56.5,56.0,56.75
2023-01-13 00:00:00+00:00,158.6,162.49,1.17,238257.1,,,,20348.9,2.12,4292920.0,,,3.687,2.12,27.12,55.5,55.25,55.25,56.75
2023-01-16 00:00:00+00:00,158.6,162.49,1.17,238257.1,,,,6197.6,2.12,4292920.0,,,3.687,2.12,27.12,55.75,55.5,55.25,56.0
2023-01-17 00:00:00+00:00,157.9,161.76,1.18,237183.8,,,,7953.3,2.12,4292920.0,,,3.687,2.12,27.12,55.25,55.0,55.25,56.0
2023-01-18 00:00:00+00:00,157.1,161.03,1.18,236110.6,,,,7308.9,2.12,4292920.0,,,3.687,2.12,27.12,55.25,55.0,54.75,55.5
2023-01-19 00:00:00+00:00,157.9,161.76,1.18,237183.8,,,,7441.5,2.071,4292920.0,,,3.748,2.07,26.68,55.25,55.0,54.75,55.75
2023-01-20 00:00:00+00:00,157.1,161.03,1.18,236110.6,,,,6018.0,2.071,4292920.0,,,3.748,2.07,26.68,55.0,54.75,54.5,55.5
2023-01-23 00:00:00+00:00,157.9,161.76,1.18,237183.8,,,,8174.3,2.071,4292920.0,,,3.748,2.07,26.68,55.5,55.25,54.5,55.5
2023-01-24 00:00:00+00:00,152.9,156.64,1.12,229671.2,,,,31557.3,2.071,4292920.0,,,3.748,2.07,26.68,53.5,53.25,52.5,56.0
2023-01-25 00:00:00+00:00,148.6,152.25,1.15,223231.8,,,,25630.4,2.071,4292920.0,,,3.748,2.07,26.68,52.25,52.0,51.75,53.25
2023-01-26 00:00:00+00:00,149.3,152.98,1.15,224305.1,,,,9054.3,2.071,4292920.0,,,3.748,2.07,26.68,52.5,52.25,51.5,52.5
2023-01-27 00:00:00+00:00,150.7,154.44,1.14,226451.5,,,,6000.3,2.071,4292920.0,,,3.748,2.07,26.68,53.0,52.75,52.5,53.0
2023-01-30 00:00:00+00:00,150.7,154.44,1.14,226451.5,,,,8126.5,2.071,4292920.0,,,3.748,2.07,26.68,52.75,52.5,52.25,53.25
2023-01-31 00:00:00+00:00,149.3,152.98,1.15,224305.1,,,,18362.5,2.071,4292920.0,,,3.748,2.07,26.68,52.5,52.25,52.25,53.75
2023-02-01 00:00:00+00:00,152.9,156.64,1.12,229671.2,,,,8866.8,2.071,4292920.0,,,3.748,2.07,26.68,53.5,53.25,52.5,53.5
2023-02-02 00:00:00+00:00,152.1,155.91,1.13,228598.0,,,,7272.7,2.071,4292920.0,,,3.748,2.07,26.68,53.5,53.25,53.0,54.0
2023-02-03 00:00:00+00:00,152.9,156.64,1.12,229671.2,,,,5460.0,2.071,4292920.0,,,3.748,2.07,26.68,53.75,53.5,53.0,53.75
2023-02-06 00:00:00+00:00,152.9,156.64,1.12,229671.2,,,,9457.2,2.071,4292920.0,,,3.748,2.07,26.68,53.75,53.5,53.0,54.0
2023-02-07 00:00:00+00:00,152.9,156.64,1.12,229671.2,,,,5780.1,2.071,4292920.0,,,3.748,2.07,26.68,53.5,53.25,53.0,53.75
2023-02-08 00:00:00+00:00,150.7,154.44,1.14,226451.5,,,,9796.9,2.071,4292920.0,,,3.748,2.07,26.68,52.75,52.5,52.25,53.5
2023-02-09 00:00:00+00:00,150.0,153.71,1.14,225378.3,,,,9120.8,2.071,4292920.0,,,3.748,2.07,26.68,52.75,52.5,51.5,52.75
2023-02-10 00:00:00+00:00,149.3,152.98,1.15,224305.1,,,,7363.2,2.071,4292920.0,,,3.748,2.07,26.68,52.5,52.25,51.75,52.75
2023-02-13 00:00:00+00:00,147.1,150.78,1.17,221085.3,,,,15590.6,2.071,4292920.0,,,3.748,2.07,26.68,51.5,51.25,50.75,52.0
2023-02-14 00:00:00+00:00,147.9,151.51,1.16,222158.6,,,,5829.5,2.071,4292920.0,,,3.748,2.07,26.68,52.0,51.75,51.25,52.25
2023-02-15 00:00:00+00:00,148.6,152.25,1.15,223231.8,,,,8163.8,2.071,4292920.0,,,3.748,2.07,26.68,52.0,51.75,51.5,52.5
2023-02-16 00:00:00+00:00,148.6,152.25,1.15,223231.8,,,,6203.2,1.998,4292920.0,,,3.862,2.0,25.9,52.25,52.0,51.5,52.25
2023-02-17 00:00:00+00:00,148.6,152.25,1.15,223231.8,,,,4385.8,1.998,4292920.0,,,3.862,2.0,25.9,52.0,51.75,51.25,52.0
2023-02-20 00:00:00+00:00,149.3,152.98,1.15,224305.1,,,,3963.6,1.998,4292920.0,,,3.862,2.0,25.9,52.5,52.25,51.75,52.5
2023-02-21 00:00:00+00:00,151.4,155.17,1.13,227524.8,,,,7590.7,1.998,4292920.0,,,3.862,2.0,25.9,53.0,52.75,51.75,53.0
2023-02-22 00:00:00+00:00,150.7,154.44,1.14,226451.5,,,,3505.1,1.998,4292920.0,,,3.862,2.0,25.9,53.0,52.75,52.5,53.0
2023-02-23 00:00:00+00:00,150.0,153.71,1.14,225378.3,,,,3513.5,1.998,4292920.0,,,3.862,2.0,25.9,52.5,52.25,52.0,53.0
2023-02-24 00:00:00+00:00,149.3,152.98,1.15,224305.1,,,,6019.8,1.998,4292920.0,,,3.862,2.0,25.9,52.25,52.0,51.5,52.75
2023-02-27 00:00:00+00:00,149.3,152.98,1.15,224305.1,,,,4142.6,1.998,4292920.0,,,3.862,2.0,25.9,52.5,52.25,51.75,52.5
2023-02-28 00:00:00+00:00,148.6,152.25,1.15,223231.8,,,,5135.0,1.998,4292920.0,,,3.862,2.0,25.9,52.25,52.0,51.75,52.75
2023-03-01 00:00:00+00:00,147.9,151.51,1.16,222158.6,,,,8311.5,1.998,4292920.0,,,3.862,2.0,25.9,52.0,51.75,51.25,52.5
2023-03-02 00:00:00+00:00,151.4,155.17,1.13,227524.8,,,,20911.5,1.998,4292920.0,,,3.862,2.0,25.9,53.25,53.0,52.25,53.75
2023-03-03 00:00:00+00:00,152.1,155.91,1.13,228598.0,,,,6587.9,1.998,4292920.0,,,3.862,2.0,25.9,53.25,53.0,52.5,53.25
2023-03-06 00:00:00+00:00,152.1,155.91,1.13,228598.0,,,,,1.998,4292920.0,,,3.862,2.0,25.9,,,,
2023-03-07 00:00:00+00:00,152.9,156.64,1.12,229671.2,,,,6052.9,1.998,4292920.0,,,3.862,2.0,25.9,53.5,53.25,53.0,53.75
2023-03-08 00:00:00+00:00,150.7,154.44,1.14,226451.5,,,,8350.4,1.998,4292920.0,,,3.862,2.0,25.9,53.0,52.75,52.0,53.0
2023-03-09 00:00:00+00:00,150.0,153.71,1.14,225378.3,,,,5843.7,1.998,4292920.0,,,3.862,2.0,25.9,52.75,52.5,52.25,53.0
2023-03-10 00:00:00+00:00,149.3,152.98,1.15,224305.1,,,,3355.7,1.998,4292920.0,,,3.862,2.0,25.9,52.5,52.25,52.0,52.5
2023-03-13 00:00:00+00:00,145.7,149.32,1.18,218938.9,,,,9638.0,1.998,4292920.0,,,3.862,2.0,25.9,51.25,51.0,51.0,52.5
2023-03-14 00:00:00+00:00,140.7,144.19,1.22,211426.3,,,,14180.3,1.998,4292920.0,,,3.862,2.0,25.9,49.5,49.25,49.0,51.25
2023-03-15 00:00:00+00:00,139.3,142.73,1.23,209279.8,,,,27959.7,1.998,4292920.0,,,3.862,2.0,25.9,48.75,48.5,47.5,50.0
2023-03-16 00:00:00+00:00,136.4,139.8,1.26,204986.9,,,,12004.6,2.038,4292920.0,,,4.137,2.04,24.17,48.0,47.75,47.5,49.0
2023-03-17 00:00:00+00:00,131.4,134.68,1.3,197474.3,,,,29849.0,2.038,4292920.0,,,4.137,2.04,24.17,46.25,46.0,45.5,48.5
2023-03-20 00:00:00+00:00,133.6,136.87,1.28,200694.0,,,,13902.4,2.038,4292920.0,,,4.137,2.04,24.17,46.75,46.5,45.75,46.75
2023-03-21 00:00:00+00:00,134.3,137.61,1.28,201767.2,,,,9144.6,2.038,4292920.0,,,4.137,2.04,24.17,47.25,47.0,46.5,47.75
2023-03-22 00:00:00+00:00,134.3,137.61,1.28,201767.2,,,,11890.2,2.038,4292920.0,,,4.137,2.04,24.17,47.0,46.75,46.5,47.5
2023-03-23 00:00:00+00:00,135.0,138.34,1.27,202840.4,,,,5079.2,2.038,4292920.0,,,4.137,2.04,24.17,47.5,47.25,46.5,47.75
2023-03-24 00:00:00+00:00,133.6,136.87,1.28,200694.0,,,,5674.0,2.038,4292920.0,,,4.137,2.04,24.17,47.0,46.75,46.75,47.75
2023-03-27 00:00:00+00:00,134.3,137.61,1.28,201767.2,,,,3244.6,2.038,4292920.0,,,4.137,2.04,24.17,47.25,47.0,47.0,47.75
2023-03-28 00:00:00+00:00,137.1,140.53,1.25,206060.1,,,,6467.6,2.038,4292920.0,,,4.137,2.04,24.17,48.25,48.0,47.0,48.25
2023-03-29 00:00:00+00:00,136.4,139.8,1.26,204986.9,,,,4349.8,2.038,4292920.0,,,4.137,2.04,24.17,48.0,47.75,47.75,48.5
2023-03-30 00:00:00+00:00,133.6,136.87,1.28,200694.0,,,,9453.3,2.038,4292920.0,,,4.137,2.04,24.17,46.75,46.5,46.0,48.0
2023-03-31 00:00:00+00:00,132.1,135.41,1.3,198547.5,,,,6496.7,2.038,4292920.0,,,4.137,2.04,24.17,46.25,46.0,45.5,46.75
2023-04-03 00:00:00+00:00,132.1,135.41,1.3,198547.5,,,,7189.6,2.038,4292920.0,,,4.137,2.04,24.17,46.5,46.25,45.5,46.5
2023-04-04 00:00:00+00:00,130.0,134.24,1.32,195327.8,,,,7759.2,2.038,4292920.0,,,4.137,2.04,24.17,45.75,45.5,44.75,46.0
2023-04-05 00:00:00+00:00,127.9,132.03,1.34,192108.1,,,,4720.1,2.038,4292920.0,,,4.137,2.04,24.17,44.75,44.5,44.75,45.75
2023-04-06 00:00:00+00:00,127.9,132.03,1.34,192108.1,,,,,2.038,4292920.0,,,4.137,2.04,24.17,,,,
2023-04-07 00:00:00+00:00,129.3,133.5,1.33,194254.6,,,,7575.1,2.038,4292920.0,,,4.137,2.04,24.17,45.5,45.25,44.75,45.75
2023-04-10 00:00:00+00:00,130.0,134.24,1.32,195327.8,,,,7121.0,2.038,4292920.0,,,4.137,2.04,24.17,45.5,45.25,44.75,45.75
2023-04-11 00:00:00+00:00,129.3,133.5,1.33,194254.6,,,,5973.8,2.038,4292920.0,,,4.137,2.04,24.17,45.25,45.0,44.5,45.5
2023-04-12 00:00:00+00:00,127.9,132.03,1.34,192108.1,,,,7744.0,2.038,4292920.0,,,4.137,2.04,24.17,45.0,44.75,44.0,45.25
2023-04-13 00:00:00+00:00,127.9,132.03,1.34,192108.1,,,,,2.038,4292920.0,,,4.137,2.04,24.17,,,,
2023-04-14 00:00:00+00:00,127.9,132.03,1.34,192108.1,,,,,2.038,4292920.0,,,4.137,2.04,24.17,,,,
2023-04-17 00:00:00+00:00,125.0,129.08,1.37,187815.2,,,,14123.5,2.038,4292920.0,,,4.137,2.04,24.17,43.75,43.5,43.5,45.25
2023-04-18 00:00:00+00:00,125.7,129.81,1.36,188888.4,,,,8191.4,2.038,4292920.0,,,4.137,2.04,24.17,44.0,43.75,43.5,44.25
2023-04-19 00:00:00+00:00,124.3,128.34,1.38,186742.0,,,,10147.3,2.038,4292920.0,,,4.137,2.04,24.17,43.75,43.5,42.5,44.25
2023-04-20 00:00:00+00:00,124.3,128.34,1.38,186742.0,,,,5902.3,1.997,4292920.0,,,4.538,2.0,22.04,43.5,43.25,43.25,44.0
2023-04-21 00:00:00+00:00,120.7,124.65,1.42,181375.9,,,,10862.0,1.997,4292920.0,,,4.538,2.0,22.04,42.25,42.0,41.5,43.75
2023-04-24 00:00:00+00:00,121.4,125.39,1.41,182449.1,,,,4500.5,1.997,4292920.0,,,4.538,2.0,22.04,42.75,42.5,41.5,42.75
2023-04-25 00:00:00+00:00,123.6,127.6,1.39,185668.8,,,,14570.1,1.997,4292920.0,,,4.538,2.0,22.04,43.25,43.0,41.5,43.5
2023-04-26 00:00:00+00:00,122.1,126.13,1.4,183522.3,,,,9998.7,1.997,4292920.0,,,4.538,2.0,22.04,42.75,42.5,42.5,44.0
2023-04-27 00:00:00+00:00,125.7,129.81,1.36,188888.4,,,,12552.4,1.997,4292920.0,,,4.538,2.0,22.04,44.25,44.0,42.75,44.5
2023-04-28 00:00:00+00:00,125.7,129.81,1.36,188888.4,,,,5858.0,1.997,4292920.0,,,4.538,2.0,22.04,44.25,44.0,43.75,45.0
2023-05-01 00:00:00+00:00,125.7,129.81,1.36,188888.4,,,,,1.997,4292920.0,,,4.538,2.0,22.04,,,,
2023-05-02 00:00:00+00:00,126.4,130.55,1.36,189961.7,,,,6401.1,1.997,4292920.0,,,4.538,2.0,22.04,44.25,44.0,43.5,44.5
2023-05-03 00:00:00+00:00,127.9,132.03,1.34,192108.1,,,,10469.2,1.997,4292920.0,,,4.538,2.0,22.04,44.75,44.5,43.75,44.75
2023-05-04 00:00:00+00:00,127.9,132.03,1.34,192108.1,,,,,1.997,4292920.0,,,4.538,2.0,22.04,,,,
2023-05-05 00:00:00+00:00,127.9,132.03,1.34,192108.1,,,,,1.997,4292920.0,,,4.538,2.0,22.04,,,,
2023-05-08 00:00:00+00:00,130.7,134.98,1.31,196401.1,,,,6262.9,1.997,4292920.0,,,4.538,2.0,22.04,46.0,45.75,44.5,46.0
2023-05-09 00:00:00+00:00,128.6,132.76,1.33,193181.4,,,,5768.0,1.997,4292920.0,,,4.538,2.0,22.04,45.0,44.75,44.5,45.75
2023-05-10 00:00:00+00:00,127.9,132.03,1.34,192108.1,,,,2668.9,1.997,4292920.0,,,4.538,2.0,22.04,45.0,44.75,44.5,45.0
2023-05-11 00:00:00+00:00,127.1,131.29,1.35,191034.9,,,,2702.8,1.997,4292920.0,,,4.538,2.0,22.04,44.75,44.5,44.25,45.0
2023-05-12 00:00:00+00:00,125.7,129.81,1.36,188888.4,,,,6146.8,1.997,4292920.0,,,4.538,2.0,22.04,44.25,44.0,43.5,44.75
2023-05-15 00:00:00+00:00,125.7,129.81,1.36,188888.4,,,,3682.6,1.997,4292920.0,,,4.538,2.0,22.04,44.25,44.0,43.5,44.75
2023-05-16 00:00:00+00:00,125.7,129.81,1.36,188888.4,,,,1650.5,1.997,4292920.0,,,4.538,2.0,22.04,44.0,43.75,43.5,44.25
2023-05-17 00:00:00+00:00,123.6,127.6,1.39,185668.8,,,,4631.3,1.997,4292920.0,,,4.538,2.0,22.04,43.5,43.25,42.5,44.0
2023-05-18 00:00:00+00:00,123.6,127.6,1.39,185668.8,,,,3467.5,1.836,4292920.0,,,4.172,1.84,23.97,43.5,43.25,43.25,44.0
2023-05-19 00:00:00+00:00,120.7,124.65,1.42,181375.9,,,,8192.8,1.836,4292920.0,,,4.172,1.84,23.97,42.5,42.25,41.75,43.25
2023-05-22 00:00:00+00:00,120.7,124.65,1.42,181375.9,,,,8029.9,1.836,4292920.0,,,4.172,1.84,23.97,42.25,42.0,40.5,42.25
2023-05-23 00:00:00+00:00,121.4,125.39,1.41,182449.1,,,,2219.7,1.836,4292920.0,,,4.172,1.84,23.97,42.5,42.25,41.5,42.5
2023-05-24 00:00:00+00:00,119.3,123.18,1.44,179229.4,,,,7954.6,1.836,4292920.0,,,4.172,1.84,23.97,42.0,41.75,41.25,42.5
2023-05-25 00:00:00+00:00,112.9,116.54,1.52,169570.3,,,,28463.3,1.836,4292920.0,,,4.172,1.84,23.97,39.5,39.25,38.75,41.75
2023-05-26 00:00:00+00:00,113.6,117.28,1.51,170643.6,,,,11321.8,1.836,4292920.0,,,4.172,1.84,23.97,39.75,39.5,39.0,40.25
2023-05-29 00:00:00+00:00,115.0,118.75,1.49,172790.0,,,,8475.8,1.836,4292920.0,,,4.172,1.84,23.97,40.5,40.25,39.0,40.75
2023-05-30 00:00:00+00:00,114.3,118.01,1.5,171716.8,,,,7986.0,1.836,4292920.0,,,4.172,1.84,23.97,40.25,40.0,39.75,40.5
2023-05-31 00:00:00+00:00,112.1,115.8,1.53,168497.1,,,,13393.1,1.836,4292920.0,,,4.172,1.84,23.97,39.5,39.25,39.0,40.0
2023-06-01 00:00:00+00:00,111.4,115.06,1.54,167423.9,,,,8981.1,1.753,4292920.0,,,4.494,1.75,22.25,39.0,38.75,38.5,39.5
2023-06-02 00:00:00+00:00,113.6,117.28,1.51,170643.6,,,,9220.1,1.753,4292920.0,,,4.494,1.75,22.25,39.75,39.5,38.75,40.0
2023-06-05 00:00:00+00:00,,,,,,,,,1.753,4292920.0,,,4.494,1.75,22.25,,,,
2023-06-06 00:00:00+00:00,,,,,,,,,,,,,,1.75,22.25,38.75,38.5,38.25,40.0
