,0,1,2,3,4,5,6,7,8,9,10,11
Name,CARRIER GLOBAL - PRICE INDEX,CARRIER GLOBAL - TOT RETURN IND,CARRIER GLOBAL - DIVIDEND YIELD,CARRIER GLOBAL - MARKET VALUE,CARRIER GLOBAL - PER,CARRIER GLOBAL - EARNINGS PER SHR,CARRIER GLOBAL - EPS 12M FWD,CARRIER GLOBAL - PE RATIO 12M FWD,CARRIER GLOBAL - ASK PRICE,CARRIER GLOBAL - BID PRICE,CARRIER GLOBAL - PRICE LOW,CARRIER GLOBAL - PRICE HIGH
MNEM,U:CARR,U:CARR,U:CARR,U:CARR,U:CARR,U:CARR,U:CARR,U:CARR,U:CARR,U:CARR,U:CARR,U:CARR
DATATYPE,PI,RI,DY,MV,PE,EPS,DIEP,DIPE,PA,PB,PL,PH
NAME,CARRIER GLOBAL,CARRIER GLOBAL,CARRIER GLOBAL,CARRIER GLOBAL,CARRIER GLOBAL,CARRIER GLOBAL,CARRIER GLOBAL,CARRIER GLOBAL,CARRIER GLOBAL,CARRIER GLOBAL,CARRIER GLOBAL,CARRIER GLOBAL
SECD,BK4N0D7,BK4N0D7,BK4N0D7,BK4N0D7,BK4N0D7,BK4N0D7,BK4N0D7,BK4N0D7,BK4N0D7,BK4N0D7,BK4N0D7,BK4N0D7
ISIN,US14448C1045,US14448C1045,US14448C1045,US14448C1045,US14448C1045,US14448C1045,US14448C1045,US14448C1045,US14448C1045,US14448C1045,US14448C1045,US14448C1045
CODON,UNITED STATES,UNITED STATES,UNITED STATES,UNITED STATES,UNITED STATES,UNITED STATES,UNITED STATES,UNITED STATES,UNITED STATES,UNITED STATES,UNITED STATES,UNITED STATES
ISOCUR,USD,USD,USD,USD,USD,USD,USD,USD,USD,USD,USD,USD
2020-03-19 00:00:00+00:00,100.0,100.0,0.0,10394.68,,,,,15.0,12.0,12.0,12.0
2020-03-20 00:00:00+00:00,106.3,106.25,0.0,11044.34,,,,,12.75,9.0,12.0,13.0
2020-03-23 00:00:00+00:00,96.2,96.17,0.0,9996.21,,,,,12.0,10.35,11.5,12.75
2020-03-24 00:00:00+00:00,97.5,97.5,0.0,10134.81,,,,,11.75,11.7,11.5,12.9
2020-03-25 00:00:00+00:00,112.1,112.08,0.0,11650.7,,,,,13.5,12.9,11.8,13.45
2020-03-26 00:00:00+00:00,128.7,128.75,0.0,13383.15,,,,,15.1,15.05,14.0,15.45
2020-03-27 00:00:00+00:00,121.3,121.25,0.0,12603.55,,,,,15.35,14.55,14.55,16.0
2020-03-30 00:00:00+00:00,132.5,132.5,0.0,13772.95,,,,,15.9,15.6,15.25,16.5
2020-03-31 00:00:00+00:00,143.8,143.75,0.0,14942.35,,,,,15.89,15.3,14.56,17.25
2020-04-01 00:00:00+00:00,125.4,125.42,0.0,13036.66,,,,,15.25,15.05,14.56,16.0
2020-04-02 00:00:00+00:00,110.7,110.67,0.0,11503.44,,,,,13.55,13.5,12.12,15.9
2020-04-03 00:00:00+00:00,141.0,141.0,0.0,14655.4,,,,,16.73,16.71,13.38,17.0
2020-04-06 00:00:00+00:00,128.7,128.67,0.0,13373.49,,,,,15.42,15.4,14.85,17.15
2020-04-07 00:00:00+00:00,127.1,127.08,0.0,13208.92,6.2,2.44,,,15.26,15.25,14.55,15.8
2020-04-08 00:00:00+00:00,118.8,118.83,0.0,12351.42,5.8,2.44,,,14.26,14.22,13.73,15.25
2020-04-09 00:00:00+00:00,123.2,123.17,0.0,12801.82,6.1,2.44,,,14.8,14.76,13.9,15.5
2020-04-10 00:00:00+00:00,123.2,123.17,0.0,12801.82,6.1,2.44,,,,,,
2020-04-13 00:00:00+00:00,116.6,116.58,0.0,12117.56,5.7,2.44,,,14.0,13.99,13.98,14.5
2020-04-14 00:00:00+00:00,115.6,115.58,0.0,12013.62,5.7,2.44,,,13.87,13.86,13.78,14.2
2020-04-15 00:00:00+00:00,111.3,111.33,0.0,11571.88,5.5,2.44,,,13.37,13.36,12.94,13.655
2020-04-16 00:00:00+00:00,107.4,107.42,0.0,11164.79,5.3,2.44,1.49,8.97,12.89,12.87,12.26,13.25
2020-04-17 00:00:00+00:00,114.5,114.5,0.0,11901.02,5.6,2.44,1.49,8.97,13.74,13.73,12.93,13.83
2020-04-20 00:00:00+00:00,120.4,120.42,0.0,12515.99,5.9,2.44,1.49,8.97,14.47,14.45,13.475,14.74
2020-04-21 00:00:00+00:00,122.4,122.42,0.0,12723.87,6.0,2.44,1.49,8.97,14.71,14.7,14.18,15.25
2020-04-22 00:00:00+00:00,123.2,123.25,0.0,12810.49,6.1,2.44,1.49,8.97,14.79,14.78,14.22,15.16
2020-04-23 00:00:00+00:00,131.0,131.0,0.0,13616.01,6.4,2.44,1.49,8.97,15.72,15.71,14.61,15.92
2020-04-24 00:00:00+00:00,135.4,135.42,0.0,14075.08,6.7,2.44,1.49,8.97,16.25,16.24,15.2901,16.67
2020-04-27 00:00:00+00:00,140.0,140.0,0.0,14551.47,6.9,2.44,1.49,8.97,16.81,16.8,15.975,16.81
2020-04-28 00:00:00+00:00,141.7,141.67,0.0,14724.7,7.0,2.44,1.49,8.97,17.01,17.0,16.61,17.75
2020-04-29 00:00:00+00:00,147.0,147.0,0.0,15279.04,7.2,2.44,1.49,8.97,17.63,17.59,17.17,18.08
2020-04-30 00:00:00+00:00,147.6,147.58,0.0,15339.68,7.3,2.44,1.49,8.97,17.76,17.75,16.985,17.84
2020-05-01 00:00:00+00:00,139.8,139.75,0.0,14525.48,6.9,2.44,1.49,8.97,16.77,16.74,16.62,17.35
2020-05-04 00:00:00+00:00,136.7,136.67,0.0,14205.0,6.7,2.44,1.49,8.97,16.43,16.41,15.69,16.52
2020-05-05 00:00:00+00:00,133.1,133.08,0.0,13832.55,6.5,2.44,1.49,8.97,15.98,15.97,15.8404,16.76
2020-05-06 00:00:00+00:00,135.7,135.75,0.0,14109.72,6.7,2.44,1.49,8.97,16.28,16.27,15.43,16.37
2020-05-07 00:00:00+00:00,136.8,136.75,0.0,14213.66,6.7,2.44,1.49,8.97,16.44,16.41,15.88,17.04
2020-05-08 00:00:00+00:00,153.0,153.0,0.0,15902.68,7.5,2.44,1.49,8.97,18.36,18.35,16.935,18.4
2020-05-11 00:00:00+00:00,152.9,152.92,0.0,15894.02,7.5,2.44,1.49,8.97,18.37,18.35,18.02,18.75
2020-05-12 00:00:00+00:00,148.3,148.33,0.0,15417.63,8.5,2.09,1.49,8.97,17.81,17.8,17.69,18.3998
2020-05-13 00:00:00+00:00,137.0,137.0,0.0,14239.65,7.9,2.09,1.49,8.97,16.46,16.44,16.1,17.4367
2020-05-14 00:00:00+00:00,137.9,137.92,0.0,14334.93,7.9,2.09,1.47,11.2,16.54,16.53,15.72,16.715
2020-05-15 00:00:00+00:00,139.3,139.25,0.0,14473.52,8.0,2.09,1.47,11.2,16.72,16.71,16.0,16.965
2020-05-18 00:00:00+00:00,146.3,146.25,0.0,15201.09,8.4,2.09,1.47,11.2,17.54,17.53,17.29,17.72
2020-05-19 00:00:00+00:00,148.1,148.08,0.0,15391.64,8.5,2.09,1.47,11.2,17.77,17.75,17.15,17.92
2020-05-20 00:00:00+00:00,156.1,156.08,0.0,16223.15,9.0,2.09,1.47,11.2,18.73,18.72,18.04,19.05
2020-05-21 00:00:00+00:00,162.1,162.08,0.0,16846.79,9.3,2.09,1.47,11.2,19.44,19.43,18.5,19.52
2020-05-22 00:00:00+00:00,158.8,158.75,0.0,16500.33,9.1,2.09,1.47,11.2,19.07,19.06,18.95,19.86
2020-05-25 00:00:00+00:00,158.8,158.75,0.0,16500.33,9.1,2.09,1.47,11.2,,,,
2020-05-26 00:00:00+00:00,162.6,162.58,0.0,16898.75,9.3,2.09,1.47,11.2,19.51,19.5,19.34,20.6
2020-05-27 00:00:00+00:00,166.6,166.58,0.0,17314.52,9.6,2.09,1.47,11.2,19.99,19.98,19.43,20.13
2020-05-28 00:00:00+00:00,163.3,163.33,0.0,16976.71,9.4,2.09,1.47,11.2,19.59,19.58,19.505,20.46
2020-05-29 00:00:00+00:00,170.6,170.58,0.0,17730.27,9.8,2.09,1.47,11.2,20.48,20.44,18.88,20.98
2020-06-01 00:00:00+00:00,181.8,181.83,0.0,18899.59,10.4,2.09,1.47,11.2,21.82,21.8,20.55,21.95
2020-06-02 00:00:00+00:00,178.0,178.0,0.0,18501.15,10.2,2.09,1.47,11.2,21.35,21.34,20.905,21.829
2020-06-03 00:00:00+00:00,185.2,185.17,0.0,19246.05,10.6,2.09,1.47,11.2,22.21,22.2,21.38,22.58
2020-06-04 00:00:00+00:00,189.0,189.0,0.0,19644.47,10.8,2.09,1.47,11.2,22.69,22.68,22.03,23.12
2020-06-05 00:00:00+00:00,196.3,196.33,0.0,20406.7,11.3,2.09,1.47,11.2,23.55,23.52,23.38,24.4
2020-06-08 00:00:00+00:00,203.1,203.08,0.0,21108.29,11.7,2.09,1.47,11.2,24.37,24.36,23.31,24.38
2020-06-09 00:00:00+00:00,193.4,193.42,0.0,20103.55,11.1,2.09,1.47,11.2,23.23,23.21,23.21,23.96
2020-06-10 00:00:00+00:00,185.0,185.0,0.36,19228.72,10.6,2.09,1.47,11.2,22.21,22.2,22.04,23.15
2020-06-11 00:00:00+00:00,175.5,175.5,0.38,18241.3,10.1,2.09,1.47,11.2,21.09,21.06,20.0,21.8
2020-06-12 00:00:00+00:00,179.5,179.5,0.37,18657.05,10.3,2.09,1.47,11.2,21.55,21.54,21.02,22.31
2020-06-15 00:00:00+00:00,183.1,183.08,0.36,19029.51,10.5,2.09,1.47,11.2,21.99,21.97,20.63,22.54
2020-06-16 00:00:00+00:00,183.9,183.92,0.36,19116.13,10.6,2.09,1.47,11.2,22.1,22.07,21.925,22.98
2020-06-17 00:00:00+00:00,177.2,177.17,0.38,18414.53,10.2,2.09,1.47,11.2,21.26,21.25,21.08,22.3397
2020-06-18 00:00:00+00:00,177.1,177.08,0.38,18405.88,10.2,2.09,1.48,14.36,21.26,21.25,21.0,21.8897
2020-06-19 00:00:00+00:00,178.7,178.75,0.37,18579.1,10.3,2.09,1.48,14.36,21.42,21.41,21.0,21.85
2020-06-22 00:00:00+00:00,189.5,189.5,0.35,19696.45,10.9,2.09,1.48,14.36,22.74,22.73,21.31,22.825
2020-06-23 00:00:00+00:00,186.6,186.58,0.36,19393.29,10.7,2.09,1.48,14.36,22.4,22.39,22.32,23.24
2020-06-24 00:00:00+00:00,181.8,181.83,0.37,18899.59,10.4,2.09,1.48,14.36,21.83,21.82,21.45,22.66
2020-06-25 00:00:00+00:00,179.3,180.0,0.37,18639.74,10.3,2.09,1.48,14.36,21.53,21.52,21.035,21.87
2020-06-26 00:00:00+00:00,174.8,175.4,0.38,18163.35,10.0,2.09,1.48,14.36,21.03,21.02,20.5909,21.74
2020-06-29 00:00:00+00:00,184.3,185.02,0.36,19159.43,10.6,2.09,1.48,14.36,22.13,22.12,21.0,22.47
2020-06-30 00:00:00+00:00,185.2,185.86,0.36,19246.18,10.6,2.09,1.48,14.36,22.22,22.21,21.41,22.41
2020-07-01 00:00:00+00:00,188.4,189.12,0.35,19583.98,10.8,2.09,1.48,14.36,22.61,22.6,21.87,23.01
2020-07-02 00:00:00+00:00,190.9,191.63,0.35,19843.84,11.0,2.09,1.48,14.36,22.92,22.91,22.57,23.22
2020-07-03 00:00:00+00:00,190.9,191.63,0.35,19843.84,11.0,2.09,1.48,14.36,,,,
2020-07-06 00:00:00+00:00,201.8,202.5,0.33,20969.85,11.6,2.09,1.48,14.36,24.22,24.21,23.13,24.29
2020-07-07 00:00:00+00:00,200.1,200.83,0.33,20796.61,11.5,2.09,1.48,14.36,24.0,23.99,23.724,24.18
2020-07-08 00:00:00+00:00,199.9,200.66,0.33,20779.3,11.5,2.09,1.48,14.36,24.01,23.99,23.46,24.09
2020-07-09 00:00:00+00:00,199.3,199.99,0.33,20710.0,11.4,2.09,1.48,14.36,23.92,23.91,23.76,24.22
2020-07-10 00:00:00+00:00,207.4,208.19,0.32,21558.84,11.9,2.09,1.48,14.36,24.89,24.88,23.72,26.06
2020-07-13 00:00:00+00:00,202.3,203.09,0.33,21030.48,11.6,2.09,1.48,14.36,24.28,24.27,23.26,25.21
2020-07-14 00:00:00+00:00,209.6,210.36,0.32,21784.04,12.0,2.09,1.48,14.36,25.16,25.15,24.23,25.1601
2020-07-15 00:00:00+00:00,220.4,221.24,0.3,22910.05,12.6,2.09,1.48,14.36,26.45,26.43,25.5401,26.57
2020-07-16 00:00:00+00:00,221.8,222.57,0.3,23048.64,12.7,2.09,1.54,17.2,26.63,26.61,25.92,26.99
2020-07-17 00:00:00+00:00,220.7,221.49,0.3,22936.04,12.7,2.09,1.54,17.2,26.49,26.48,26.33,26.9
2020-07-20 00:00:00+00:00,220.1,220.9,0.3,22875.41,12.6,2.09,1.54,17.2,26.41,26.4,26.065,26.54
2020-07-21 00:00:00+00:00,221.4,222.24,0.3,23014.0,12.7,2.09,1.54,17.2,26.58,26.57,26.16,26.8
2020-07-22 00:00:00+00:00,221.7,222.49,0.3,23039.98,12.7,2.09,1.54,17.2,26.61,26.59,26.32,27.06
2020-07-23 00:00:00+00:00,227.9,228.76,0.29,23689.61,13.1,2.09,1.54,17.2,27.35,27.33,26.52,27.63
2020-07-24 00:00:00+00:00,221.5,222.32,0.3,23022.66,12.7,2.09,1.54,17.2,26.59,26.58,26.54,27.26
2020-07-27 00:00:00+00:00,218.8,219.56,0.3,22736.82,12.6,2.09,1.54,17.2,26.25,26.24,26.08,26.78
2020-07-28 00:00:00+00:00,217.3,218.06,0.31,22580.92,12.5,2.09,1.54,17.2,26.07,26.06,25.85,26.4
2020-07-29 00:00:00+00:00,226.5,227.34,0.29,23542.35,13.0,2.09,1.54,17.2,27.18,27.15,26.11,27.72
2020-07-30 00:00:00+00:00,224.2,225.0,0.3,23299.82,12.9,2.09,1.54,17.2,26.9,26.87,25.6,27.5
2020-07-31 00:00:00+00:00,227.0,227.84,0.29,23594.33,13.0,2.09,1.54,17.2,27.26,27.24,26.63,27.355
2020-08-03 00:00:00+00:00,230.2,231.02,0.29,23923.46,18.6,1.48,1.54,17.2,27.63,27.62,27.01,27.89
2020-08-04 00:00:00+00:00,231.4,232.28,0.29,24053.4,18.7,1.48,1.54,17.2,27.77,27.76,27.16,27.87
2020-08-05 00:00:00+00:00,234.3,235.12,0.28,24347.89,18.9,1.48,1.54,17.2,28.12,28.11,27.66,28.175
2020-08-06 00:00:00+00:00,235.6,236.46,0.28,24486.48,19.0,1.48,1.54,17.2,28.28,28.27,27.94,28.54
2020-08-07 00:00:00+00:00,241.4,242.31,0.28,25092.79,19.5,1.48,1.54,17.2,28.98,28.97,28.44,29.03
2020-08-10 00:00:00+00:00,245.5,246.41,0.27,25517.22,19.8,1.48,1.54,17.2,29.47,29.46,28.91,29.57
2020-08-11 00:00:00+00:00,245.8,246.66,0.27,25543.2,19.9,1.48,1.54,17.2,29.5,29.49,29.44,30.3196
2020-08-12 00:00:00+00:00,248.2,249.17,0.27,25803.04,20.1,1.48,1.54,17.2,29.79,29.78,29.62,30.19
2020-08-13 00:00:00+00:00,246.2,247.08,0.27,25586.5,19.9,1.48,1.54,17.2,29.54,29.53,29.37,30.28
2020-08-14 00:00:00+00:00,246.0,246.91,0.27,25569.19,19.9,1.48,1.54,17.2,29.52,29.51,29.28,30.0481
2020-08-17 00:00:00+00:00,248.7,249.59,0.27,25846.35,20.1,1.48,1.54,17.2,29.85,29.84,29.1429,30.185
2020-08-18 00:00:00+00:00,245.5,246.41,0.27,25517.22,19.8,1.48,1.54,17.2,29.46,29.44,29.37,30.05
2020-08-19 00:00:00+00:00,243.8,244.66,0.27,25335.32,19.7,1.48,1.54,17.2,29.26,29.25,29.12,29.69
2020-08-20 00:00:00+00:00,241.7,242.65,0.28,25127.43,19.5,1.48,1.65,17.76,29.02,29.01,28.75,29.41
2020-08-21 00:00:00+00:00,246.0,246.91,0.27,25569.19,19.9,1.48,1.65,17.76,29.53,29.52,29.085,29.82
2020-08-24 00:00:00+00:00,253.2,254.11,0.26,26314.09,20.5,1.48,1.65,17.76,30.39,30.38,29.74,30.44
2020-08-25 00:00:00+00:00,253.9,254.86,0.26,26392.04,20.5,1.48,1.65,17.76,30.48,30.47,30.41,30.805
2020-08-26 00:00:00+00:00,258.6,259.54,0.26,26877.09,20.9,1.48,1.65,17.76,31.04,31.03,30.41,31.24
2020-08-27 00:00:00+00:00,252.3,253.27,0.26,26227.47,20.4,1.48,1.65,17.76,30.29,30.28,30.16,31.24
2020-08-28 00:00:00+00:00,252.5,253.44,0.26,26244.79,20.4,1.48,1.65,17.76,30.31,30.3,29.955,30.475
2020-08-31 00:00:00+00:00,248.8,249.67,0.27,25855.02,20.1,1.48,1.65,17.76,29.85,29.84,29.83,30.46
2020-09-01 00:00:00+00:00,252.5,253.44,0.26,26244.79,20.4,1.48,1.65,17.76,30.31,30.3,29.17,30.36
2020-09-02 00:00:00+00:00,256.5,257.45,0.26,26660.55,20.7,1.48,1.65,17.76,30.78,30.76,29.84,30.95
2020-09-03 00:00:00+00:00,244.4,245.33,0.27,25404.61,19.8,1.48,1.65,17.76,29.34,29.33,28.96,30.69
2020-09-04 00:00:00+00:00,250.0,250.93,0.27,25984.94,20.2,1.48,1.65,17.76,30.0,29.99,28.83,30.095
2020-09-07 00:00:00+00:00,250.0,250.93,0.27,25984.94,20.2,1.48,1.65,17.76,,,,
2020-09-08 00:00:00+00:00,246.4,247.33,0.27,25612.5,19.9,1.48,1.65,17.76,29.59,29.58,29.2,30.25
2020-09-09 00:00:00+00:00,251.1,252.02,0.27,26097.55,20.3,1.48,1.65,17.76,30.13,30.12,29.55,30.345
2020-09-10 00:00:00+00:00,242.8,243.74,0.27,25240.04,19.6,1.48,1.65,17.76,29.14,29.13,28.58,30.01
2020-09-11 00:00:00+00:00,243.7,244.57,0.27,25326.66,19.7,1.48,1.65,17.76,29.25,29.24,29.01,29.645
2020-09-14 00:00:00+00:00,242.9,243.82,0.27,25248.7,19.6,1.48,1.65,17.76,29.15,29.14,28.8297,29.44
2020-09-15 00:00:00+00:00,247.4,248.34,0.27,25716.43,20.0,1.48,1.65,17.76,29.69,29.68,29.3013,30.04
2020-09-16 00:00:00+00:00,252.1,253.02,0.26,26201.48,20.4,1.48,1.65,17.76,30.26,30.25,29.525,30.535
2020-09-17 00:00:00+00:00,255.5,256.45,0.26,26556.61,20.6,1.48,1.67,18.09,30.66,30.65,29.37,30.695
2020-09-18 00:00:00+00:00,256.6,257.54,0.26,26669.21,20.7,1.48,1.67,18.09,30.79,30.78,30.5,31.2
2020-09-21 00:00:00+00:00,245.9,246.83,0.27,25560.52,19.9,1.48,1.67,18.09,29.52,29.51,29.22,30.77
2020-09-22 00:00:00+00:00,252.2,253.1,0.26,26210.14,20.4,1.48,1.67,18.09,30.27,30.26,29.49,30.33
2020-09-23 00:00:00+00:00,242.6,243.49,0.27,25214.05,19.6,1.48,1.67,18.09,29.12,29.11,29.1,30.42
2020-09-24 00:00:00+00:00,249.0,249.93,0.27,25881.0,20.1,1.48,1.67,18.09,29.89,29.88,28.79,29.97
2020-09-25 00:00:00+00:00,254.1,255.03,0.26,26409.36,20.5,1.48,1.67,18.09,30.5,30.49,29.35,30.5
2020-09-28 00:00:00+00:00,256.2,257.12,0.26,26625.91,20.7,1.48,1.67,18.09,30.75,30.74,30.43,31.56
2020-09-29 00:00:00+00:00,254.2,255.11,0.26,26418.02,20.5,1.48,1.67,18.09,30.51,30.5,30.08,30.69
2020-09-30 00:00:00+00:00,254.5,255.45,0.26,26468.62,20.6,1.48,1.67,18.09,30.54,30.53,30.35,31.24
2020-10-01 00:00:00+00:00,256.4,257.37,0.26,26667.96,20.7,1.48,1.67,18.09,30.78,30.77,30.55,31.06
2020-10-02 00:00:00+00:00,260.2,261.22,0.26,27066.64,21.0,1.48,1.67,18.09,31.24,31.23,30.26,31.52
2020-10-05 00:00:00+00:00,267.3,268.33,0.25,27803.32,21.6,1.48,1.67,18.09,32.08,32.07,31.64,32.47
2020-10-06 00:00:00+00:00,262.6,263.56,0.25,27309.3,21.2,1.48,1.67,18.09,31.52,31.51,31.45,32.39
2020-10-07 00:00:00+00:00,267.7,268.66,0.25,27837.98,21.6,1.48,1.67,18.09,32.12,32.11,31.89,32.29
2020-10-08 00:00:00+00:00,266.2,267.24,0.25,27690.65,21.5,1.48,1.67,18.09,31.95,31.94,31.63,32.4665
2020-10-09 00:00:00+00:00,268.6,269.58,0.25,27933.32,21.7,1.48,1.67,18.09,32.23,32.22,31.71,32.55
2020-10-12 00:00:00+00:00,275.0,276.02,0.24,28600.68,22.2,1.48,1.67,18.09,33.01,33.0,32.2,33.16
2020-10-13 00:00:00+00:00,270.8,271.76,0.25,28158.67,21.9,1.48,1.67,18.09,32.49,32.48,32.04,33.47
2020-10-14 00:00:00+00:00,270.9,271.92,0.25,28175.99,21.9,1.48,1.67,18.09,32.52,32.51,32.43,33.05
2020-10-15 00:00:00+00:00,271.7,272.68,0.98,28254.0,22.0,1.48,1.73,18.76,32.61,32.6,32.01,32.66
2020-10-16 00:00:00+00:00,273.0,274.01,0.98,28392.66,22.1,1.48,1.73,18.76,32.76,32.75,32.42,33.27
2020-10-19 00:00:00+00:00,269.3,270.33,0.99,28011.33,21.8,1.48,1.73,18.76,32.34,32.33,32.07,33.0
2020-10-20 00:00:00+00:00,276.9,277.95,0.96,28800.01,22.4,1.48,1.73,18.76,33.24,33.23,32.35,33.8
2020-10-21 00:00:00+00:00,277.9,278.95,0.96,28904.02,22.5,1.48,1.73,18.76,33.36,33.35,32.9,33.44
2020-10-22 00:00:00+00:00,282.4,283.47,0.94,29372.02,22.8,1.48,1.73,18.76,33.91,33.9,33.15,34.13
2020-10-23 00:00:00+00:00,291.1,292.17,0.92,30273.38,23.5,1.48,1.73,18.76,34.94,34.92,33.86,34.96
2020-10-26 00:00:00+00:00,280.9,281.96,0.95,29216.03,22.7,1.48,1.73,18.76,33.71,33.7,33.27,34.45
2020-10-27 00:00:00+00:00,280.0,281.04,0.95,29120.69,22.6,1.48,1.73,18.76,33.61,33.6,33.11,33.94
2020-10-28 00:00:00+00:00,277.5,278.53,0.96,28860.68,22.4,1.48,1.73,18.76,33.35,33.34,32.76,33.76
2020-10-29 00:00:00+00:00,283.9,285.64,0.94,29528.04,22.9,1.48,1.73,18.76,34.09,34.08,32.93,34.78
2020-10-30 00:00:00+00:00,278.2,279.94,0.96,28938.68,22.5,1.48,1.73,18.76,33.38,33.37,33.0,34.88
2020-11-02 00:00:00+00:00,292.5,294.28,0.91,30420.72,23.6,1.48,1.73,18.76,35.13,35.1,33.87,35.13
2020-11-03 00:00:00+00:00,307.9,309.79,0.87,32024.09,24.9,1.48,1.73,18.76,36.95,36.94,35.43,37.01
2020-11-04 00:00:00+00:00,306.5,308.36,0.87,31876.75,24.8,1.48,1.73,18.76,36.79,36.78,35.5,37.4
2020-11-05 00:00:00+00:00,318.3,320.27,0.84,33107.45,25.7,1.48,1.73,18.76,38.23,38.2,37.38,38.3
2020-11-06 00:00:00+00:00,324.6,326.55,0.82,33757.46,26.2,1.48,1.73,18.76,38.95,38.94,38.145,39.03
2020-11-09 00:00:00+00:00,323.3,325.3,0.82,33627.46,26.1,1.48,1.73,18.76,38.82,38.8,38.68,41.3
2020-11-10 00:00:00+00:00,315.1,317.0,0.85,32769.44,25.5,1.48,1.73,18.76,37.82,37.81,37.58,39.35
2020-11-11 00:00:00+00:00,317.2,319.09,0.84,32986.11,25.6,1.48,1.73,18.76,38.07,38.06,37.89,38.73
2020-11-12 00:00:00+00:00,316.3,318.25,0.84,32899.45,25.6,1.48,1.73,18.76,37.96,37.95,37.785,38.935
2020-11-13 00:00:00+00:00,319.1,321.02,0.84,33185.45,25.8,1.48,1.73,18.76,38.29,38.28,38.14,38.61
2020-11-16 00:00:00+00:00,337.5,339.55,0.79,35100.83,27.3,1.48,1.73,18.76,40.51,40.5,38.48,40.51
2020-11-17 00:00:00+00:00,336.3,338.38,0.79,34979.49,27.2,1.48,1.73,18.76,40.36,40.32,39.86,41.48
2020-11-18 00:00:00+00:00,328.2,330.24,0.81,34138.8,26.5,1.48,1.73,18.76,39.39,39.38,39.37,40.59
2020-11-19 00:00:00+00:00,326.1,328.06,0.82,33913.47,26.4,1.48,1.88,20.91,39.14,39.13,38.51,39.28
2020-11-20 00:00:00+00:00,321.2,323.12,0.83,33402.11,26.0,1.48,1.88,20.91,38.55,38.54,38.21,39.1
2020-11-23 00:00:00+00:00,323.1,325.05,0.83,33601.46,26.1,1.48,1.88,20.91,38.79,38.77,38.4,39.14
2020-11-24 00:00:00+00:00,328.1,330.08,0.81,34121.47,26.5,1.48,1.88,20.91,39.37,39.36,38.43,39.565
2020-11-25 00:00:00+00:00,321.8,323.7,0.83,33462.79,26.0,1.48,1.88,20.91,38.63,38.62,38.52,39.24
2020-11-26 00:00:00+00:00,321.8,323.7,0.83,33462.79,26.0,1.48,1.88,20.91,,,,
2020-11-27 00:00:00+00:00,315.1,317.0,0.85,32769.44,25.5,1.48,1.88,20.91,37.86,37.82,37.46,38.84
2020-11-30 00:00:00+00:00,317.3,319.18,0.84,32994.79,25.6,1.48,1.88,20.91,38.07,38.06,37.41,38.48
2020-12-01 00:00:00+00:00,313.3,315.24,0.85,32587.44,21.4,1.76,1.88,20.91,37.61,37.6,37.55,38.94
2020-12-02 00:00:00+00:00,306.9,308.78,0.87,31920.09,20.9,1.76,1.88,20.91,36.84,36.83,36.56,37.28
2020-12-03 00:00:00+00:00,305.8,307.61,0.87,31798.75,20.8,1.76,1.88,20.91,36.72,36.69,36.6,37.77
2020-12-04 00:00:00+00:00,314.2,316.07,0.85,32674.1,21.4,1.76,1.88,20.91,37.7,37.69,37.055,37.97
2020-12-07 00:00:00+00:00,307.0,308.86,0.87,31928.75,20.9,1.76,1.88,20.91,36.85,36.84,36.71,37.7
2020-12-08 00:00:00+00:00,310.8,312.72,0.86,32327.43,21.2,1.76,1.88,20.91,37.31,37.3,36.61,37.57
2020-12-09 00:00:00+00:00,315.3,317.25,1.27,32795.44,21.5,1.76,1.88,20.91,37.87,37.84,37.39,37.99
2020-12-10 00:00:00+00:00,312.8,314.73,1.28,32535.43,21.3,1.76,1.88,20.91,37.55,37.54,37.2674,38.47
2020-12-11 00:00:00+00:00,309.7,311.55,1.29,32206.1,21.1,1.76,1.88,20.91,37.17,37.16,36.76,37.39
2020-12-14 00:00:00+00:00,305.2,307.02,1.31,31738.08,20.8,1.76,1.88,20.91,36.62,36.58,36.52,37.55
2020-12-15 00:00:00+00:00,313.9,315.82,1.27,32648.1,21.4,1.76,1.88,20.91,37.68,37.67,36.52,37.91
2020-12-16 00:00:00+00:00,316.7,318.59,1.26,32934.11,21.6,1.76,1.88,20.91,38.02,37.99,37.34,38.02
2020-12-17 00:00:00+00:00,322.5,324.46,1.24,33540.79,22.0,1.76,1.9,20.0,38.71,38.7,38.25,38.865
2020-12-18 00:00:00+00:00,323.2,325.21,1.24,33618.79,22.0,1.76,1.9,20.0,38.79,38.75,37.61,38.86
2020-12-21 00:00:00+00:00,321.0,322.95,1.25,33384.79,21.9,1.76,1.9,20.0,38.51,38.5,37.9308,38.72
2020-12-22 00:00:00+00:00,316.9,319.85,1.26,32960.11,21.6,1.76,1.9,20.0,38.02,38.0,37.86,38.52
2020-12-23 00:00:00+00:00,318.0,320.94,1.26,33072.79,21.7,1.76,1.9,20.0,38.17,38.16,37.8,38.4
2020-12-24 00:00:00+00:00,315.7,318.67,1.27,32838.77,21.5,1.76,1.9,20.0,37.95,37.9,37.85,38.24
2020-12-25 00:00:00+00:00,315.7,318.67,1.27,32838.77,21.5,1.76,1.9,20.0,,,,
2020-12-28 00:00:00+00:00,314.7,317.58,1.27,32726.1,21.4,1.76,1.9,20.0,37.77,37.76,37.75,39.43
2020-12-29 00:00:00+00:00,309.7,312.61,1.29,32214.76,21.1,1.76,1.9,20.0,37.18,37.17,36.68,38.18
2020-12-30 00:00:00+00:00,314.4,317.32,1.27,32700.1,21.4,1.76,1.9,20.0,37.75,37.74,37.25,37.8
2020-12-31 00:00:00+00:00,314.3,317.24,1.27,32691.44,21.4,1.76,1.9,20.0,37.72,37.71,36.92,37.81
2021-01-01 00:00:00+00:00,314.3,317.24,1.27,32691.44,21.4,1.76,1.9,20.0,,,,
2021-01-04 00:00:00+00:00,308.6,311.44,1.3,32093.42,21.0,1.76,1.9,20.0,37.03,37.0,36.98,38.38
2021-01-05 00:00:00+00:00,316.2,319.09,1.27,32882.11,21.5,1.76,1.9,20.0,37.94,37.93,36.8,38.18
2021-01-06 00:00:00+00:00,333.8,336.84,1.2,34710.82,22.7,1.76,1.9,20.0,40.05,40.04,38.32,40.26
2021-01-07 00:00:00+00:00,342.4,345.58,1.17,35612.17,23.3,1.76,1.9,20.0,41.09,41.08,40.0,41.19
2021-01-08 00:00:00+00:00,339.1,342.22,1.18,35265.5,23.1,1.76,1.9,20.0,40.69,40.66,40.0,41.35
2021-01-11 00:00:00+00:00,346.4,349.62,1.15,36028.19,23.6,1.76,1.9,20.0,41.6,41.59,39.85,41.8428
2021-01-12 00:00:00+00:00,347.8,351.05,1.15,36175.52,23.7,1.76,1.9,20.0,41.71,41.7,41.05,41.94
2021-01-13 00:00:00+00:00,344.8,348.02,1.16,35863.52,23.5,1.76,1.9,20.0,41.39,41.38,40.83,41.89
2021-01-14 00:00:00+00:00,340.0,343.14,1.18,35360.84,23.2,1.76,1.93,21.39,40.82,40.8,40.73,41.59
2021-01-15 00:00:00+00:00,336.5,339.61,1.19,34996.83,22.9,1.76,1.93,21.39,40.38,40.36,39.571,40.6
2021-01-18 00:00:00+00:00,336.5,339.61,1.19,34996.83,22.9,1.76,1.93,21.39,,,,
2021-01-19 00:00:00+00:00,336.4,339.53,1.19,34988.16,22.9,1.76,1.93,21.39,40.37,40.36,40.2,40.98
2021-01-20 00:00:00+00:00,333.7,336.75,1.2,34702.15,22.7,1.76,1.93,21.39,40.03,40.01,39.69,40.41
2021-01-21 00:00:00+00:00,331.2,334.23,1.21,34442.15,22.6,1.76,1.93,21.39,39.75,39.74,39.21,40.4
2021-01-22 00:00:00+00:00,329.2,332.29,1.21,34242.8,22.4,1.76,1.93,21.39,39.52,39.51,39.1,40.11
2021-01-25 00:00:00+00:00,324.1,327.08,1.23,33705.46,22.1,1.76,1.93,21.39,38.87,38.86,37.2,39.0569
2021-01-26 00:00:00+00:00,311.0,313.88,1.29,32344.77,21.2,1.76,1.93,21.39,37.32,37.3,37.3,39.05
2021-01-27 00:00:00+00:00,301.9,304.71,1.32,31400.07,20.6,1.76,1.93,21.39,36.24,36.23,34.21,36.78
2021-01-28 00:00:00+00:00,318.3,321.28,1.26,33107.45,21.7,1.76,1.93,21.39,38.2,38.19,36.4207,38.45
2021-01-29 00:00:00+00:00,320.8,323.8,1.25,33367.45,21.9,1.76,1.93,21.39,38.51,38.5,37.77,38.8
2021-02-01 00:00:00+00:00,322.2,325.15,1.24,33603.78,22.0,1.76,1.93,21.39,38.66,38.65,38.55,39.45
2021-02-02 00:00:00+00:00,320.7,323.63,1.25,33447.32,21.9,1.76,1.93,21.39,38.48,38.47,38.43,39.4
2021-02-03 00:00:00+00:00,317.9,320.86,1.26,33160.47,21.7,1.76,1.93,21.39,38.17,38.15,37.9556,38.66
2021-02-04 00:00:00+00:00,319.4,322.37,1.25,33316.94,21.8,1.76,1.93,21.39,38.33,38.29,37.86,38.53
2021-02-05 00:00:00+00:00,326.2,329.27,1.23,34029.69,22.2,1.76,1.93,21.39,39.17,39.16,38.0,39.99
2021-02-08 00:00:00+00:00,330.8,333.89,1.21,34507.76,22.5,1.76,1.93,21.39,39.72,39.65,39.34,40.12
2021-02-09 00:00:00+00:00,310.4,313.29,1.29,32378.18,21.2,1.76,1.93,21.39,37.29,37.25,36.95,38.28
2021-02-10 00:00:00+00:00,309.9,312.78,1.29,32326.04,21.1,1.76,1.93,21.39,37.21,37.18,36.8,37.95
2021-02-11 00:00:00+00:00,310.0,312.87,1.29,32334.72,16.5,2.25,1.93,21.39,37.33,37.28,36.63,37.475
2021-02-12 00:00:00+00:00,310.7,313.54,1.29,32404.26,16.6,2.25,1.93,21.39,37.28,37.27,36.76,37.4
2021-02-15 00:00:00+00:00,310.7,313.54,1.29,32404.26,16.6,2.25,1.93,21.39,,,,
2021-02-16 00:00:00+00:00,311.8,314.63,1.28,32517.27,16.6,2.25,1.93,21.39,37.39,37.38,36.775,37.525
2021-02-17 00:00:00+00:00,310.3,313.2,1.29,32369.5,16.5,2.25,1.93,21.39,37.25,37.24,36.7,37.3689
2021-02-18 00:00:00+00:00,305.4,308.24,1.31,31856.65,16.3,2.25,1.97,18.92,36.67,36.65,36.362,37.23
2021-02-19 00:00:00+00:00,313.7,316.57,1.28,32717.18,16.7,2.25,1.97,18.92,37.65,37.64,36.96,37.76
2021-02-22 00:00:00+00:00,310.8,313.71,1.29,32424.27,16.6,2.25,1.97,18.92,37.3,37.29,37.27,37.87
2021-02-23 00:00:00+00:00,309.2,312.03,1.29,32250.42,16.5,2.25,1.97,18.92,37.09,37.08,35.82,37.19
2021-02-24 00:00:00+00:00,312.1,314.97,1.28,32554.66,16.6,2.25,1.97,18.92,37.46,37.45,36.695,37.51
2021-02-25 00:00:00+00:00,301.2,303.95,1.33,31415.9,16.1,2.25,1.97,18.92,36.17,36.15,35.94,37.27
2021-02-26 00:00:00+00:00,304.4,307.23,1.31,31754.92,16.2,2.25,1.97,18.92,36.56,36.55,36.02,37.0
2021-03-01 00:00:00+00:00,310.0,312.87,1.29,32337.34,16.5,2.25,1.97,18.92,37.22,37.21,36.72,37.565
2021-03-02 00:00:00+00:00,309.5,312.36,1.29,32285.19,16.5,2.25,1.97,18.92,37.17,37.14,36.68,37.42
2021-03-03 00:00:00+00:00,309.3,312.19,1.29,32267.8,16.5,2.25,1.97,18.92,37.12,37.11,36.63,37.578
2021-03-04 00:00:00+00:00,296.0,298.74,1.35,30876.95,15.8,2.25,1.97,18.92,35.54,35.53,35.06,37.21
2021-03-05 00:00:00+00:00,307.8,310.68,1.3,32111.33,16.4,2.25,1.97,18.92,36.94,36.92,34.75,37.04
2021-03-08 00:00:00+00:00,308.8,311.69,1.3,32215.64,16.5,2.25,1.97,18.92,37.05,37.04,36.3,37.79
2021-03-09 00:00:00+00:00,309.3,312.19,1.29,32267.8,16.5,2.25,1.97,18.92,37.12,37.11,37.1,37.71
2021-03-10 00:00:00+00:00,323.2,326.16,1.24,33710.81,17.2,2.25,1.97,18.92,38.78,38.77,37.48,39.1
2021-03-11 00:00:00+00:00,326.9,329.94,1.22,34101.98,17.4,2.25,1.97,18.92,39.22,39.21,38.61,39.57
2021-03-12 00:00:00+00:00,329.9,332.97,1.21,34414.93,17.6,2.25,1.97,18.92,39.6,39.59,38.92,39.62
2021-03-15 00:00:00+00:00,330.0,333.05,1.21,34423.63,17.6,2.25,1.97,18.92,39.59,39.58,39.1,39.74
2021-03-16 00:00:00+00:00,321.4,324.39,1.24,33528.27,17.1,2.25,1.97,18.92,38.57,38.56,38.31,39.65
2021-03-17 00:00:00+00:00,327.9,330.95,1.22,34206.31,17.5,2.25,1.97,18.92,39.36,39.35,38.43,39.36
2021-03-18 00:00:00+00:00,341.7,344.83,1.17,35640.62,18.2,2.25,1.99,19.72,41.01,41.0,39.4,41.6
2021-03-19 00:00:00+00:00,340.9,344.07,1.17,35562.39,18.2,2.25,1.99,19.72,40.91,40.9,40.5806,41.31
2021-03-22 00:00:00+00:00,345.1,348.27,1.16,35997.03,18.4,2.25,1.99,19.72,41.42,41.41,39.85,41.69
2021-03-23 00:00:00+00:00,335.7,338.86,1.19,35023.43,17.9,2.25,1.99,19.72,40.3,40.29,40.055,41.49
2021-03-24 00:00:00+00:00,334.5,337.59,1.2,34893.04,17.8,2.25,1.99,19.72,40.14,40.13,40.13,41.23
2021-03-25 00:00:00+00:00,336.3,339.36,1.19,35075.59,17.9,2.25,1.99,19.72,40.35,40.34,39.58,40.475
2021-03-26 00:00:00+00:00,342.4,345.58,1.17,35718.86,18.3,2.25,1.99,19.72,41.08,41.07,39.83,41.14
2021-03-29 00:00:00+00:00,352.8,356.1,1.13,36805.46,18.8,2.25,1.99,19.72,42.34,42.33,41.9517,42.98
2021-03-30 00:00:00+00:00,353.0,356.26,1.13,36822.85,18.8,2.25,1.99,19.72,42.38,42.37,41.79,42.92
2021-03-31 00:00:00+00:00,351.8,355.09,1.14,36701.15,18.8,2.25,1.99,19.72,42.22,42.19,42.03,43.48
2021-04-01 00:00:00+00:00,350.2,353.41,1.14,36527.29,18.7,2.25,1.99,19.72,42.03,42.02,41.86,42.4
2021-04-02 00:00:00+00:00,350.2,353.41,1.14,36527.29,18.7,2.25,1.99,19.72,,,,
2021-04-05 00:00:00+00:00,354.8,358.11,1.13,37014.09,18.9,2.25,1.99,19.72,42.59,42.58,42.33,42.92
2021-04-06 00:00:00+00:00,356.7,360.05,1.12,37214.02,19.0,2.25,1.99,19.72,42.82,42.81,42.3,43.3
2021-04-07 00:00:00+00:00,355.8,359.04,1.12,37109.71,19.0,2.25,1.99,19.72,42.7,42.69,42.14,42.84
2021-04-08 00:00:00+00:00,354.4,357.69,1.13,36970.63,18.9,2.25,1.99,19.72,42.52,42.51,42.05,43.0
2021-04-09 00:00:00+00:00,356.3,359.54,1.12,37161.87,19.0,2.25,1.99,19.72,42.75,42.74,42.26,43.06
2021-04-12 00:00:00+00:00,355.0,358.28,1.13,37031.48,18.9,2.25,1.99,19.72,42.63,42.62,42.48,43.005
2021-04-13 00:00:00+00:00,359.7,362.99,1.11,37518.28,19.2,2.25,1.99,19.72,43.16,43.15,42.24,43.37
2021-04-14 00:00:00+00:00,359.4,362.74,1.11,37492.2,19.2,2.25,1.99,19.72,43.14,43.13,43.06,43.78
2021-04-15 00:00:00+00:00,363.2,366.61,1.1,37892.06,19.4,2.25,2.03,21.25,43.6,43.59,42.7,43.77
2021-04-16 00:00:00+00:00,365.7,369.05,1.09,38144.16,19.5,2.25,2.03,21.25,43.89,43.88,43.44,44.28
2021-04-19 00:00:00+00:00,365.6,368.96,1.09,38135.46,19.5,2.25,2.03,21.25,43.89,43.88,43.67,44.645
2021-04-20 00:00:00+00:00,354.3,357.61,1.13,36961.94,18.9,2.25,2.03,21.25,42.52,42.51,42.01,43.67
2021-04-21 00:00:00+00:00,358.8,362.15,1.11,37419.07,19.1,2.25,2.03,21.25,43.07,43.06,42.2,43.125
2021-04-22 00:00:00+00:00,359.1,362.4,1.11,37445.14,19.1,2.25,2.03,21.25,43.09,43.08,42.85,43.71
2021-04-23 00:00:00+00:00,370.6,374.01,1.08,38644.36,19.8,2.25,2.03,21.25,44.47,44.46,43.07,44.56
2021-04-26 00:00:00+00:00,367.5,370.9,1.09,38322.84,19.6,2.25,2.03,21.25,44.12,44.11,44.02,45.16
2021-04-27 00:00:00+00:00,374.7,378.13,1.07,39070.18,20.0,2.25,2.03,21.25,44.96,44.95,44.0,45.04
2021-04-28 00:00:00+00:00,370.8,374.18,1.08,38661.75,19.8,2.25,2.03,21.25,44.56,44.53,44.47,45.32
2021-04-29 00:00:00+00:00,367.9,371.32,1.09,38366.28,19.6,2.25,2.03,21.25,44.16,44.15,43.39,44.88
2021-04-30 00:00:00+00:00,363.2,367.53,1.1,37870.96,19.4,2.25,2.03,21.25,43.61,43.58,42.99,43.85
2021-05-03 00:00:00+00:00,362.2,366.52,1.1,37766.68,17.0,2.56,2.03,21.25,43.49,43.46,43.18,44.19
2021-05-04 00:00:00+00:00,359.4,363.74,1.11,37479.91,16.8,2.56,2.03,21.25,43.15,43.14,42.78,43.36
2021-05-05 00:00:00+00:00,360.6,364.92,1.11,37601.57,16.9,2.56,2.03,21.25,43.27,43.25,43.15,43.78
2021-05-06 00:00:00+00:00,368.0,372.43,1.09,38374.98,17.2,2.56,2.03,21.25,44.17,44.16,43.16,44.19
2021-05-07 00:00:00+00:00,373.7,378.16,1.07,38965.89,17.5,2.56,2.03,21.25,44.84,44.83,43.87,45.265
2021-05-10 00:00:00+00:00,378.4,382.97,1.06,39461.23,17.7,2.56,2.03,21.25,45.45,45.43,44.89,45.65
2021-05-11 00:00:00+00:00,370.8,375.29,1.08,38670.43,17.4,2.56,2.03,21.25,44.5,44.49,44.01,45.12
2021-05-12 00:00:00+00:00,353.6,357.84,1.13,36871.6,16.6,2.56,2.03,21.25,42.44,42.43,42.39,44.44
2021-05-13 00:00:00+00:00,360.4,364.75,1.11,37584.18,16.9,2.56,2.03,21.25,43.25,43.24,42.51,43.64
2021-05-14 00:00:00+00:00,363.7,368.04,1.1,37923.09,17.0,2.56,2.03,21.25,43.65,43.64,43.45,44.08
2021-05-17 00:00:00+00:00,368.1,372.51,1.09,38383.66,17.2,2.56,2.03,21.25,44.2,44.17,43.46,44.33
2021-05-18 00:00:00+00:00,363.8,368.21,1.1,37940.48,17.0,2.56,2.03,21.25,43.68,43.67,43.54,44.48
2021-05-19 00:00:00+00:00,362.0,366.35,1.1,37749.3,17.0,2.56,2.03,21.25,43.46,43.45,42.7,43.63
2021-05-20 00:00:00+00:00,365.7,370.15,1.09,38140.34,17.1,2.56,2.17,20.0,43.9,43.89,43.21,44.07
2021-05-21 00:00:00+00:00,365.7,370.06,1.09,38131.66,17.1,2.56,2.17,20.0,43.89,43.88,43.87,44.72
2021-05-24 00:00:00+00:00,369.8,374.28,1.08,38566.16,17.3,2.56,2.17,20.0,44.41,44.4,43.93,44.6799
2021-05-25 00:00:00+00:00,372.7,377.15,1.07,38861.61,17.5,2.56,2.17,20.0,44.74,44.72,44.51,45.18
2021-05-26 00:00:00+00:00,372.7,377.15,1.07,38861.61,17.5,2.56,2.17,20.0,44.73,44.72,44.525,45.03
2021-05-27 00:00:00+00:00,377.6,382.12,1.06,39374.32,17.7,2.56,2.17,20.0,45.34,45.32,44.84,45.48
2021-05-28 00:00:00+00:00,382.7,387.35,1.05,39913.09,17.9,2.56,2.17,20.0,45.95,45.94,45.41,46.13
2021-05-31 00:00:00+00:00,382.7,387.35,1.05,39913.09,17.9,2.56,2.17,20.0,,,,
2021-06-01 00:00:00+00:00,390.4,395.11,1.02,40712.59,18.3,2.56,2.17,20.0,46.85,46.84,46.58,47.09
2021-06-02 00:00:00+00:00,383.8,388.37,1.04,40017.38,18.0,2.56,2.17,20.0,46.05,46.04,45.91,46.935
2021-06-03 00:00:00+00:00,381.1,385.67,1.05,39739.3,17.8,2.56,2.17,20.0,45.74,45.73,45.14,46.18
2021-06-04 00:00:00+00:00,382.4,387.02,1.05,39878.34,17.9,2.56,2.17,20.0,45.88,45.87,45.76,46.05
2021-06-07 00:00:00+00:00,383.8,388.45,1.04,40026.07,18.0,2.56,2.17,20.0,46.07,46.06,45.87,46.37
2021-06-08 00:00:00+00:00,386.3,390.98,1.04,40286.77,18.1,2.56,2.17,20.0,46.37,46.36,45.79,46.46
2021-06-09 00:00:00+00:00,384.9,389.55,1.04,40139.04,18.0,2.56,2.17,20.0,46.24,46.23,45.99,46.53
2021-06-10 00:00:00+00:00,382.2,386.76,1.05,39852.27,17.9,2.56,2.17,20.0,45.88,45.87,45.78,46.63
2021-06-11 00:00:00+00:00,384.2,388.79,1.04,40060.84,18.0,2.56,2.17,20.0,46.11,46.1,45.66,46.28
2021-06-14 00:00:00+00:00,385.1,389.72,1.04,40156.43,18.0,2.56,2.17,20.0,46.22,46.21,45.7612,46.29
2021-06-15 00:00:00+00:00,387.7,392.41,1.03,40434.5,18.2,2.56,2.17,20.0,46.53,46.52,45.82,46.6
2021-06-16 00:00:00+00:00,390.9,395.62,1.02,40764.72,18.3,2.56,2.17,20.0,46.91,46.9,46.475,47.1325
2021-06-17 00:00:00+00:00,384.4,389.04,1.04,40086.91,18.0,2.56,2.2,21.37,46.14,46.13,45.11,46.91
2021-06-18 00:00:00+00:00,375.4,379.93,1.07,39148.38,17.6,2.56,2.2,21.37,45.06,45.05,45.02,45.86
2021-06-21 00:00:00+00:00,387.5,392.16,1.03,40408.43,18.1,2.56,2.2,21.37,46.51,46.49,45.3,46.61
2021-06-22 00:00:00+00:00,384.3,388.87,1.04,40069.52,18.0,2.56,2.2,21.37,46.12,46.11,46.01,46.7
2021-06-23 00:00:00+00:00,384.2,389.8,1.04,40060.84,18.0,2.56,2.2,21.37,46.11,46.1,45.69,46.64
2021-06-24 00:00:00+00:00,385.2,390.81,1.04,40165.11,18.0,2.56,2.2,21.37,46.22,46.21,45.95,46.39
2021-06-25 00:00:00+00:00,392.2,397.92,1.02,40895.07,18.4,2.56,2.2,21.37,47.06,47.05,46.24,47.17
2021-06-28 00:00:00+00:00,399.0,404.85,1.0,41607.65,18.7,2.56,2.2,21.37,47.89,47.87,46.675,47.94
2021-06-29 00:00:00+00:00,405.9,411.87,0.99,42328.92,19.0,2.56,2.2,21.37,48.72,48.71,48.03,49.1
2021-06-30 00:00:00+00:00,405.0,410.94,0.99,42233.33,19.0,2.56,2.2,21.37,48.58,48.57,48.25,48.99
2021-07-01 00:00:00+00:00,406.3,412.21,0.98,42363.68,19.0,2.56,2.2,21.37,48.75,48.74,48.31,48.89
2021-07-02 00:00:00+00:00,404.3,410.26,0.99,42163.81,18.9,2.56,2.2,21.37,48.53,48.51,48.44,48.9
2021-07-05 00:00:00+00:00,404.3,410.26,0.99,42163.81,18.9,2.56,2.2,21.37,,,,
2021-07-06 00:00:00+00:00,401.4,407.3,1.0,41859.66,18.8,2.56,2.2,21.37,48.18,48.17,47.62,48.625
2021-07-07 00:00:00+00:00,406.9,412.88,0.98,42433.2,19.1,2.56,2.2,21.37,48.84,48.83,48.02,49.055
2021-07-08 00:00:00+00:00,400.4,406.29,1.0,41755.38,18.8,2.56,2.2,21.37,48.05,48.04,47.53,48.42
2021-07-09 00:00:00+00:00,402.3,408.15,0.99,41946.56,18.8,2.56,2.2,21.37,48.27,48.26,48.21,48.865
2021-07-12 00:00:00+00:00,410.1,416.1,0.98,42763.42,19.2,2.56,2.2,21.37,49.24,49.23,47.98,49.27
2021-07-13 00:00:00+00:00,410.2,416.27,0.98,42780.79,19.2,2.56,2.2,21.37,49.26,49.25,49.02,49.615
2021-07-14 00:00:00+00:00,408.3,414.32,0.98,42580.93,19.1,2.56,2.2,21.37,49.02,49.01,48.9,49.72
2021-07-15 00:00:00+00:00,413.0,419.06,0.97,43003.25,19.3,2.56,2.23,21.96,49.57,49.56,48.51,49.675
2021-07-16 00:00:00+00:00,409.0,415.0,0.98,42586.78,19.2,2.56,2.23,21.96,49.07,49.06,49.0,49.81
2021-07-19 00:00:00+00:00,402.1,407.98,0.99,41866.58,18.8,2.56,2.23,21.96,48.27,48.25,47.6501,48.5
2021-07-20 00:00:00+00:00,415.8,421.93,0.96,43298.28,19.5,2.56,2.23,21.96,49.94,49.93,48.3169,50.065
2021-07-21 00:00:00+00:00,420.4,426.58,0.95,43775.51,19.7,2.56,2.23,21.96,50.45,50.44,49.94,50.59
2021-07-22 00:00:00+00:00,423.4,429.62,0.94,44087.87,19.8,2.56,2.23,21.96,50.82,50.81,50.23,51.015
2021-07-23 00:00:00+00:00,432.5,438.84,0.92,45033.68,20.3,2.56,2.23,21.96,51.91,51.9,50.94,51.96
2021-07-26 00:00:00+00:00,429.2,435.54,0.93,44695.26,20.1,2.56,2.23,21.96,51.51,51.5,51.26,52.088
2021-07-27 00:00:00+00:00,433.0,439.35,0.92,45085.73,20.3,2.56,2.23,21.96,51.96,51.95,51.2401,52.41
2021-07-28 00:00:00+00:00,429.8,436.05,0.93,44747.32,20.1,2.56,2.23,21.96,51.63,51.62,51.53,52.3
2021-07-29 00:00:00+00:00,449.5,456.09,0.89,46803.8,21.1,2.56,2.23,21.96,53.95,53.94,52.18,54.08
2021-07-30 00:00:00+00:00,460.4,467.17,0.87,47940.48,21.6,2.56,2.23,21.96,55.26,55.25,53.96,55.51
2021-08-02 00:00:00+00:00,455.1,461.76,0.88,47385.15,21.3,2.56,2.23,21.96,54.66,54.65,54.482,56.03
2021-08-03 00:00:00+00:00,476.5,483.49,0.84,49615.13,20.3,2.82,2.23,21.96,57.18,57.17,54.98,57.25
2021-08-04 00:00:00+00:00,475.3,482.3,0.84,49493.64,20.2,2.82,2.23,21.96,57.03,57.02,56.54,57.8999
2021-08-05 00:00:00+00:00,469.3,476.21,0.85,48868.92,20.0,2.82,2.23,21.96,56.33,56.32,55.91,57.535
2021-08-06 00:00:00+00:00,469.8,476.72,0.85,48920.98,20.0,2.82,2.23,21.96,56.38,56.37,55.855,56.82
2021-08-09 00:00:00+00:00,468.7,475.54,0.85,48799.5,19.9,2.82,2.23,21.96,56.25,56.24,55.955,56.529
2021-08-10 00:00:00+00:00,471.8,478.67,0.85,49120.54,20.1,2.82,2.23,21.96,56.62,56.61,56.26,57.5
2021-08-11 00:00:00+00:00,474.1,481.03,0.84,49363.52,20.2,2.82,2.23,21.96,56.89,56.87,56.08,57.0266
2021-08-12 00:00:00+00:00,466.5,473.34,0.86,48573.89,19.9,2.82,2.23,21.96,55.98,55.97,55.67,56.57
2021-08-13 00:00:00+00:00,467.9,474.78,0.85,48721.39,19.9,2.82,2.23,21.96,56.15,56.14,55.74,56.25
2021-08-16 00:00:00+00:00,471.7,478.58,0.85,49111.86,20.1,2.82,2.23,21.96,56.61,56.6,55.62,56.83
2021-08-17 00:00:00+00:00,459.6,466.32,0.87,47853.69,19.6,2.82,2.23,21.96,55.15,55.14,54.37,56.14
2021-08-18 00:00:00+00:00,459.7,466.49,0.87,47871.05,19.6,2.82,2.23,21.96,55.18,55.17,55.04,55.99
2021-08-19 00:00:00+00:00,460.4,467.17,0.87,47940.48,19.6,2.82,2.37,23.25,55.25,55.24,54.23,55.98
2021-08-20 00:00:00+00:00,461.4,468.18,0.87,48044.6,19.6,2.82,2.37,23.25,55.38,55.37,54.71,55.6
2021-08-23 00:00:00+00:00,465.7,472.49,0.86,48487.14,19.8,2.82,2.37,23.25,55.89,55.88,55.35,56.165
2021-08-24 00:00:00+00:00,471.8,478.67,0.85,49120.54,20.1,2.82,2.37,23.25,56.63,56.61,55.74,56.685
2021-08-25 00:00:00+00:00,481.2,488.22,0.83,50101.04,20.5,2.82,2.37,23.25,57.77,57.75,56.43,58.0399
2021-08-26 00:00:00+00:00,478.2,485.18,0.84,49788.68,20.3,2.82,2.37,23.25,57.37,57.36,57.155,57.975
2021-08-27 00:00:00+00:00,486.0,493.13,0.82,50604.32,20.7,2.82,2.37,23.25,58.33,58.32,57.61,58.42
2021-08-30 00:00:00+00:00,483.6,490.67,0.83,50352.7,20.6,2.82,2.37,23.25,58.04,58.03,58.02,58.89
2021-08-31 00:00:00+00:00,480.0,487.04,0.83,49979.59,20.4,2.82,2.37,23.25,57.6,57.59,56.9401,58.01
2021-09-01 00:00:00+00:00,482.4,489.49,0.83,50231.21,20.5,2.82,2.37,23.25,57.89,57.88,56.74,57.97
2021-09-02 00:00:00+00:00,482.7,489.74,0.83,50257.22,20.5,2.82,2.37,23.25,57.94,57.92,57.47,58.29
2021-09-03 00:00:00+00:00,478.4,485.43,0.84,49814.73,20.4,2.82,2.37,23.25,57.41,57.38,57.25,57.86
2021-09-06 00:00:00+00:00,478.4,485.43,0.84,49814.73,20.4,2.82,2.37,23.25,,,,
2021-09-07 00:00:00+00:00,468.5,475.37,0.85,48782.13,19.9,2.82,2.37,23.25,56.23,56.22,56.0913,56.99
2021-09-08 00:00:00+00:00,472.2,479.09,0.85,49163.92,20.1,2.82,2.37,23.25,56.66,56.65,55.79,56.95
2021-09-09 00:00:00+00:00,472.7,479.68,0.85,49224.66,20.1,2.82,2.37,23.25,56.72,56.71,56.41,57.395
2021-09-10 00:00:00+00:00,470.2,477.14,0.85,48964.36,20.0,2.82,2.37,23.25,56.44,56.43,56.4,57.23
2021-09-13 00:00:00+00:00,464.5,471.31,0.86,48365.65,19.8,2.82,2.37,23.25,55.75,55.74,55.18,57.08
2021-09-14 00:00:00+00:00,458.2,464.88,0.87,47706.19,19.5,2.82,2.37,23.25,55.0,54.99,54.59,56.035
2021-09-15 00:00:00+00:00,464.7,471.48,0.86,48383.02,19.8,2.82,2.37,23.25,55.77,55.76,54.83,55.9
2021-09-16 00:00:00+00:00,458.9,465.65,0.87,47784.3,19.5,2.82,2.39,23.31,55.08,55.07,54.69,55.86
2021-09-17 00:00:00+00:00,458.3,465.05,0.87,47723.56,19.5,2.82,2.39,23.31,55.01,55.0,54.57,55.08
2021-09-20 00:00:00+00:00,448.5,455.08,0.89,46699.68,19.1,2.82,2.39,23.31,53.81,53.8,53.06,54.6
2021-09-21 00:00:00+00:00,430.8,437.07,0.93,44851.45,18.3,2.82,2.39,23.31,51.69,51.68,51.67,54.16
2021-09-22 00:00:00+00:00,438.2,444.68,0.91,45632.39,18.6,2.82,2.39,23.31,52.6,52.59,52.09,53.12
2021-09-23 00:00:00+00:00,445.8,452.29,0.9,46413.33,19.0,2.82,2.39,23.31,53.5,53.49,52.98,54.175
2021-09-24 00:00:00+00:00,442.7,449.16,0.9,46092.25,18.8,2.82,2.39,23.31,53.13,53.12,52.81,53.46
2021-09-27 00:00:00+00:00,436.4,442.82,0.92,45441.47,18.6,2.82,2.39,23.31,52.37,52.36,52.275,53.14
2021-09-28 00:00:00+00:00,433.0,439.35,0.92,45085.73,18.4,2.82,2.39,23.31,51.96,51.95,51.31,52.18
2021-09-29 00:00:00+00:00,440.4,446.87,0.91,45858.0,18.7,2.82,2.39,23.31,52.86,52.85,52.2,53.07
2021-09-30 00:00:00+00:00,431.3,437.66,0.93,44912.19,18.4,2.82,2.39,23.31,51.74,51.73,51.73,53.68
2021-10-01 00:00:00+00:00,437.2,443.58,0.91,45519.58,18.6,2.82,2.39,23.31,52.46,52.44,51.125,52.75
2021-10-04 00:00:00+00:00,436.1,442.48,0.92,45406.78,18.6,2.82,2.39,23.31,52.35,52.34,51.56,52.52
2021-10-05 00:00:00+00:00,440.2,446.62,0.91,45831.98,18.7,2.82,2.39,23.31,52.82,52.81,52.29,53.425
2021-10-06 00:00:00+00:00,438.4,444.84,0.91,45649.75,18.7,2.82,2.39,23.31,52.62,52.61,51.61,52.71
2021-10-07 00:00:00+00:00,444.6,451.1,0.9,46291.84,18.9,2.82,2.39,23.31,53.34,53.33,53.24,53.98
2021-10-08 00:00:00+00:00,429.2,435.46,0.93,44686.58,18.3,2.82,2.39,23.31,51.52,51.51,51.46,53.21
2021-10-11 00:00:00+00:00,427.1,433.35,0.94,44469.66,18.2,2.82,2.39,23.31,51.26,51.25,51.1013,51.95
2021-10-12 00:00:00+00:00,419.2,425.31,0.95,43645.34,17.8,2.82,2.39,23.31,50.27,50.26,50.08,51.44
2021-10-13 00:00:00+00:00,422.7,428.95,0.95,44018.44,18.0,2.82,2.39,23.31,50.76,50.73,49.93,50.97
2021-10-14 00:00:00+00:00,441.7,448.23,0.91,45996.81,18.8,2.82,2.4,21.14,53.02,53.01,51.29,53.05
2021-10-15 00:00:00+00:00,445.2,451.78,0.9,46301.59,18.9,2.82,2.4,21.14,53.43,53.42,53.06,53.92
2021-10-18 00:00:00+00:00,449.8,456.43,0.89,46778.2,19.1,2.82,2.4,21.14,53.99,53.98,52.91,54.02
2021-10-19 00:00:00+00:00,449.8,456.34,0.89,46769.56,19.1,2.82,2.4,21.14,53.98,53.97,53.39,54.49
2021-10-20 00:00:00+00:00,450.2,456.77,0.89,46812.89,19.2,2.82,2.4,21.14,54.04,54.03,53.72,54.58
2021-10-21 00:00:00+00:00,452.7,459.3,0.88,47072.87,19.3,2.82,2.4,21.14,54.33,54.32,53.53,54.34
2021-10-22 00:00:00+00:00,455.5,462.18,0.88,47367.49,19.4,2.82,2.4,21.14,54.65,54.64,54.39,55.1
2021-10-25 00:00:00+00:00,455.0,461.67,0.88,47315.52,19.4,2.82,2.4,21.14,54.61,54.6,53.35,55.34
2021-10-26 00:00:00+00:00,447.7,454.31,0.89,46561.57,19.1,2.82,2.4,21.14,53.75,53.74,53.68,54.88
2021-10-27 00:00:00+00:00,443.0,449.5,0.9,46067.63,18.9,2.82,2.4,21.14,53.2,53.16,53.09,54.3
2021-10-28 00:00:00+00:00,453.5,461.16,0.88,47159.54,19.3,2.82,2.4,21.14,54.42,54.41,52.63,54.505
2021-10-29 00:00:00+00:00,435.2,442.61,0.92,45261.7,18.5,2.82,2.4,21.14,52.25,52.24,52.04,54.08
2021-11-01 00:00:00+00:00,434.7,442.1,0.92,45209.72,20.9,2.49,2.4,21.14,52.2,52.18,51.86,52.67
2021-11-02 00:00:00+00:00,436.7,444.05,0.92,45409.03,21.0,2.49,2.4,21.14,52.42,52.41,51.87,53.03
2021-11-03 00:00:00+00:00,433.1,440.4,0.92,45036.38,20.8,2.49,2.4,21.14,51.98,51.97,51.18,52.5
2021-11-04 00:00:00+00:00,441.4,448.88,0.91,45902.97,21.2,2.49,2.4,21.14,53.01,52.98,51.92,53.02
2021-11-05 00:00:00+00:00,439.9,447.35,0.91,45746.99,21.2,2.49,2.4,21.14,52.83,52.79,52.42,53.445
2021-11-08 00:00:00+00:00,444.5,452.01,0.9,46223.61,21.4,2.49,2.4,21.14,53.35,53.34,52.37,53.42
2021-11-09 00:00:00+00:00,456.7,464.47,0.88,47497.5,22.0,2.49,2.4,21.14,54.84,54.83,53.5,54.86
2021-11-10 00:00:00+00:00,455.3,462.94,0.88,47341.52,21.9,2.49,2.4,21.14,54.64,54.62,54.41,55.06
2021-11-11 00:00:00+00:00,454.2,461.84,0.88,47228.84,21.9,2.49,2.4,21.14,54.51,54.5,53.91,54.88
2021-11-12 00:00:00+00:00,467.7,475.57,0.86,48632.71,22.5,2.49,2.4,21.14,56.15,56.14,54.68,56.16
2021-11-15 00:00:00+00:00,464.2,472.01,0.86,48268.74,22.3,2.49,2.4,21.14,55.7,55.69,55.5,56.3299
2021-11-16 00:00:00+00:00,468.8,476.76,0.85,48754.03,22.6,2.49,2.4,21.14,56.28,56.27,55.5,56.63
2021-11-17 00:00:00+00:00,467.7,475.57,0.86,48632.71,22.5,2.49,2.4,21.14,56.14,56.13,55.92,56.54
2021-11-18 00:00:00+00:00,475.2,483.2,0.84,49412.63,22.9,2.49,2.37,23.72,57.01,57.0,56.2,57.06
2021-11-19 00:00:00+00:00,476.2,484.3,0.84,49525.31,22.9,2.49,2.37,23.72,57.13,57.12,56.93,57.97
2021-11-22 00:00:00+00:00,470.1,478.03,0.85,48884.04,22.6,2.49,2.37,23.72,56.42,56.41,56.4,57.6
2021-11-23 00:00:00+00:00,457.2,464.98,0.87,47549.48,22.0,2.49,2.37,23.72,54.87,54.86,54.52,56.61
2021-11-24 00:00:00+00:00,464.1,471.93,0.86,48260.09,22.3,2.49,2.37,23.72,55.7,55.69,54.35,55.83
2021-11-25 00:00:00+00:00,464.1,471.93,0.86,48260.09,22.3,2.49,2.37,23.72,,,,
2021-11-26 00:00:00+00:00,461.5,469.3,0.87,47991.44,22.2,2.49,2.37,23.72,55.37,55.35,54.62,55.66
2021-11-29 00:00:00+00:00,466.5,474.38,0.86,48511.38,22.4,2.49,2.37,23.72,55.97,55.96,55.02,56.2
2021-11-30 00:00:00+00:00,451.0,458.62,0.89,46899.53,21.7,2.49,2.37,23.72,54.1,54.09,53.66,56.04
2021-12-01 00:00:00+00:00,446.7,454.22,0.9,46448.93,21.5,2.49,2.37,23.72,53.59,53.58,53.55,55.9
2021-12-02 00:00:00+00:00,462.7,470.49,0.86,48112.76,22.3,2.49,2.37,23.72,55.54,55.53,53.95,55.7
2021-12-03 00:00:00+00:00,467.7,475.57,0.86,48632.71,22.5,2.49,2.37,23.72,56.12,56.1,54.97,56.175
2021-12-06 00:00:00+00:00,465.4,473.28,0.86,48398.74,22.4,2.49,2.37,23.72,55.84,55.83,55.65,56.505
2021-12-07 00:00:00+00:00,472.0,479.98,0.85,49083.35,22.7,2.49,2.37,23.72,56.63,56.62,55.77,57.69
2021-12-08 00:00:00+00:00,470.3,478.28,1.06,48910.01,22.6,2.49,2.37,23.72,56.45,56.44,55.97,56.675
2021-12-09 00:00:00+00:00,466.6,474.47,1.07,48520.07,22.4,2.49,2.37,23.72,56.0,55.99,55.92,57.025
2021-12-10 00:00:00+00:00,462.6,470.4,1.08,48104.08,22.3,2.49,2.37,23.72,55.51,55.5,54.55,55.84
2021-12-13 00:00:00+00:00,457.7,465.49,1.09,47601.46,22.0,2.49,2.37,23.72,54.96,54.95,54.89,56.04
2021-12-14 00:00:00+00:00,446.3,453.79,1.12,46405.59,21.5,2.49,2.37,23.72,53.58,53.57,52.9016,54.78
2021-12-15 00:00:00+00:00,446.3,453.79,1.12,46405.59,21.5,2.49,2.37,23.72,53.57,53.56,52.085,53.67
2021-12-16 00:00:00+00:00,448.9,456.5,1.11,46682.89,21.6,2.49,2.36,22.69,53.89,53.87,53.34,54.67
2021-12-17 00:00:00+00:00,435.5,442.86,1.15,45287.71,21.0,2.49,2.36,22.69,52.23,52.22,51.98,53.69
2021-12-20 00:00:00+00:00,424.3,431.42,1.18,44117.81,20.4,2.49,2.36,22.69,50.93,50.92,50.36,52.04
2021-12-21 00:00:00+00:00,434.4,441.76,1.15,45175.03,20.9,2.49,2.36,22.69,52.14,52.13,51.16,52.16
2021-12-22 00:00:00+00:00,437.7,446.33,1.14,45513.03,21.1,2.49,2.36,22.69,52.53,52.52,51.65,52.65
2021-12-23 00:00:00+00:00,440.2,448.88,1.14,45773.0,21.2,2.49,2.36,22.69,52.85,52.83,52.51,53.185
2021-12-24 00:00:00+00:00,440.2,448.88,1.14,45773.0,21.2,2.49,2.36,22.69,,,,
2021-12-27 00:00:00+00:00,446.1,454.92,1.12,46388.26,21.5,2.49,2.36,22.69,53.54,53.53,52.93,53.59
2021-12-28 00:00:00+00:00,445.7,454.49,1.12,46344.93,21.4,2.49,2.36,22.69,53.51,53.48,53.24,53.77
2021-12-29 00:00:00+00:00,447.8,456.7,1.12,46570.25,21.5,2.49,2.36,22.69,53.75,53.74,53.14,53.865
2021-12-30 00:00:00+00:00,446.3,455.09,1.12,46405.59,21.5,2.49,2.36,22.69,53.56,53.55,53.5,54.25
2021-12-31 00:00:00+00:00,452.0,460.95,1.11,46811.21,21.7,2.49,2.36,22.69,54.25,54.24,53.36,54.56
2022-01-03 00:00:00+00:00,437.7,446.33,1.14,45326.79,21.1,2.49,2.36,22.69,52.54,52.53,52.22,53.6
2022-01-04 00:00:00+00:00,448.5,457.38,1.11,46448.76,21.6,2.49,2.36,22.69,53.8,53.79,53.21,54.64
2022-01-05 00:00:00+00:00,436.4,445.06,1.15,45197.31,21.0,2.49,2.36,22.69,52.37,52.36,52.31,54.42
2022-01-06 00:00:00+00:00,445.8,454.66,1.12,46172.57,21.5,2.49,2.36,22.69,53.51,53.5,52.45,53.51
2022-01-07 00:00:00+00:00,432.0,440.56,1.16,44739.91,20.8,2.49,2.36,22.69,51.85,51.84,51.83,53.83
2022-01-10 00:00:00+00:00,436.0,444.63,1.15,45154.18,21.0,2.49,2.36,22.69,52.36,52.35,50.34,52.5
2022-01-11 00:00:00+00:00,437.8,446.5,1.14,45344.03,21.1,2.49,2.36,22.69,52.55,52.54,51.89,52.705
2022-01-12 00:00:00+00:00,441.7,450.41,1.13,45741.05,21.3,2.49,2.36,22.69,53.01,53.0,52.46,53.41
2022-01-13 00:00:00+00:00,435.0,443.61,1.15,45050.63,20.9,2.49,2.36,22.69,52.24,52.23,52.07,53.32
2022-01-14 00:00:00+00:00,425.8,434.27,1.17,44101.26,20.5,2.49,2.36,22.69,51.1,51.09,50.16,51.48
2022-01-17 00:00:00+00:00,425.8,434.27,1.17,44101.26,20.5,2.49,2.36,22.69,,,,
2022-01-18 00:00:00+00:00,413.7,421.94,1.21,42849.88,19.9,2.49,2.36,22.69,49.66,49.65,49.21,50.37
2022-01-19 00:00:00+00:00,406.6,414.64,1.23,42107.67,19.6,2.49,2.36,22.69,48.8,48.79,48.73,50.29
2022-01-20 00:00:00+00:00,400.2,408.18,1.25,41451.76,19.3,2.49,2.33,20.94,48.04,48.03,47.995,50.19
2022-01-21 00:00:00+00:00,398.3,406.22,1.26,41253.27,19.2,2.49,2.33,20.94,47.8,47.79,47.48,48.86
2022-01-24 00:00:00+00:00,397.2,405.03,1.26,41132.44,19.1,2.49,2.33,20.94,47.68,47.67,45.31,47.81
2022-01-25 00:00:00+00:00,393.4,401.21,1.27,40744.07,18.9,2.49,2.33,20.94,47.22,47.21,46.11,47.56
2022-01-26 00:00:00+00:00,388.9,396.62,1.29,40278.03,18.7,2.49,2.33,20.94,46.66,46.65,46.08,48.31
2022-01-27 00:00:00+00:00,384.1,391.69,1.3,39777.46,18.5,2.49,2.33,20.94,46.1,46.09,45.94,47.51
2022-01-28 00:00:00+00:00,387.1,394.75,1.29,40088.16,18.6,2.49,2.33,20.94,46.45,46.44,45.47,46.71
2022-01-31 00:00:00+00:00,397.3,405.2,1.26,40790.89,19.1,2.49,2.33,20.94,47.67,47.66,46.28,47.74
2022-02-01 00:00:00+00:00,392.1,399.85,1.28,40251.93,18.9,2.49,2.33,20.94,47.05,47.04,46.38,48.07
2022-02-02 00:00:00+00:00,395.9,403.76,1.26,40645.46,19.0,2.49,2.33,20.94,47.52,47.51,47.19,48.15
2022-02-03 00:00:00+00:00,385.3,392.96,1.3,39558.96,18.5,2.49,2.33,20.94,46.27,46.26,46.17,47.34
2022-02-04 00:00:00+00:00,382.0,389.56,1.31,39216.75,18.4,2.49,2.33,20.94,45.87,45.86,44.84,46.48
2022-02-07 00:00:00+00:00,381.0,388.55,1.31,39114.09,18.3,2.49,2.33,20.94,45.72,45.71,45.35,46.12
2022-02-08 00:00:00+00:00,383.8,391.43,1.3,39404.97,18.5,2.49,2.33,20.94,46.06,46.05,45.25,46.95
2022-02-09 00:00:00+00:00,399.8,407.75,1.25,41047.55,25.7,1.87,2.33,20.94,48.0,47.99,46.84,48.08
2022-02-10 00:00:00+00:00,392.9,400.7,1.27,40337.47,25.2,1.87,2.33,20.94,47.16,47.15,46.755,48.19
2022-02-11 00:00:00+00:00,379.2,386.68,1.32,38925.88,24.3,1.87,2.33,20.94,45.51,45.5,44.99,47.22
2022-02-14 00:00:00+00:00,373.2,380.64,1.34,38318.46,24.0,1.87,2.33,20.94,44.81,44.79,44.29,45.78
2022-02-15 00:00:00+00:00,381.3,388.8,1.31,39139.76,24.5,1.87,2.33,20.94,45.76,45.75,45.34,45.86
2022-02-16 00:00:00+00:00,380.4,387.95,1.31,39054.2,24.4,1.87,2.33,20.94,45.66,45.65,45.0,45.91
2022-02-17 00:00:00+00:00,371.5,378.86,1.35,38138.81,23.9,1.87,2.33,19.62,44.59,44.58,44.46,45.5
2022-02-18 00:00:00+00:00,367.3,374.61,1.36,37711.05,23.6,1.87,2.33,19.62,44.1,44.08,43.96,44.88
2022-02-21 00:00:00+00:00,367.3,374.61,1.36,37711.05,23.6,1.87,2.33,19.62,,,,
2022-02-22 00:00:00+00:00,377.4,384.89,1.32,38632.66,24.2,1.87,2.33,19.62,45.28,45.27,43.71,45.65
2022-02-23 00:00:00+00:00,365.3,372.57,1.37,37395.8,23.5,1.87,2.33,19.62,43.87,43.86,43.75,45.79
2022-02-24 00:00:00+00:00,372.6,379.96,1.34,38137.93,23.9,1.87,2.33,19.62,44.74,44.71,42.45,44.82
2022-02-25 00:00:00+00:00,376.9,384.38,1.33,38581.48,24.2,1.87,2.33,19.62,45.23,45.22,44.13,45.46
2022-02-28 00:00:00+00:00,374.0,381.41,1.34,38282.93,24.0,1.87,2.33,19.62,44.88,44.87,44.23,45.1
2022-03-01 00:00:00+00:00,364.3,371.55,1.37,37293.45,23.4,1.87,2.33,19.62,43.74,43.72,43.48,45.16
2022-03-02 00:00:00+00:00,374.3,381.66,1.34,38308.52,24.0,1.87,2.33,19.62,44.91,44.9,44.035,45.1803
2022-03-03 00:00:00+00:00,382.3,389.91,1.31,39135.94,24.5,1.87,2.33,19.62,45.89,45.88,44.98,45.91
2022-03-04 00:00:00+00:00,375.0,382.43,1.33,38385.29,24.1,1.87,2.33,19.62,45.01,45.0,44.325,45.64
2022-03-07 00:00:00+00:00,362.7,369.85,1.38,37122.84,23.3,1.87,2.33,19.62,43.5,43.49,43.47,45.045
2022-03-08 00:00:00+00:00,363.2,370.36,1.38,37174.02,23.3,1.87,2.33,19.62,43.59,43.58,42.85,44.42
2022-03-09 00:00:00+00:00,371.6,378.94,1.35,38035.55,23.9,1.87,2.33,19.62,44.61,44.6,44.135,45.14
2022-03-10 00:00:00+00:00,365.1,372.31,1.37,37370.21,23.4,1.87,2.33,19.62,43.81,43.8,43.56,44.18
2022-03-11 00:00:00+00:00,360.2,367.3,1.39,36866.94,23.1,1.87,2.33,19.62,43.22,43.21,43.19,44.32
2022-03-14 00:00:00+00:00,357.6,364.66,1.4,36602.51,23.0,1.87,2.33,19.62,42.91,42.9,42.835,44.1
2022-03-15 00:00:00+00:00,376.7,384.13,1.33,38555.89,24.2,1.87,2.33,19.62,45.23,45.22,43.415,45.33
2022-03-16 00:00:00+00:00,390.7,398.4,1.28,39988.95,25.1,1.87,2.33,19.62,46.89,46.87,45.52,47.1
2022-03-17 00:00:00+00:00,392.7,400.44,1.27,40193.66,25.2,1.87,2.35,19.95,47.12,47.11,46.15,47.12
2022-03-18 00:00:00+00:00,398.2,406.05,1.26,40756.65,25.6,1.87,2.35,19.95,47.77,47.76,46.64,47.83
2022-03-21 00:00:00+00:00,395.7,403.5,1.26,40500.75,25.4,1.87,2.35,19.95,47.47,47.46,46.98,47.93
2022-03-22 00:00:00+00:00,395.8,403.59,1.26,40509.28,25.4,1.87,2.35,19.95,47.5,47.49,47.016,47.935
2022-03-23 00:00:00+00:00,387.7,395.34,1.29,39681.87,24.9,1.87,2.35,19.95,46.51,46.49,46.45,47.29
2022-03-24 00:00:00+00:00,384.7,392.37,1.3,39383.31,24.7,1.87,2.35,19.95,46.17,46.16,46.03,46.73
2022-03-25 00:00:00+00:00,386.6,394.24,1.29,39570.97,24.8,1.87,2.35,19.95,46.4,46.39,45.54,46.44
2022-03-28 00:00:00+00:00,390.7,398.49,1.28,39997.47,25.1,1.87,2.35,19.95,46.91,46.89,46.0,46.91
2022-03-29 00:00:00+00:00,400.7,408.6,1.25,41012.55,25.7,1.87,2.35,19.95,48.08,48.07,47.18,48.48
2022-03-30 00:00:00+00:00,396.4,404.27,1.26,40577.52,25.5,1.87,2.35,19.95,47.59,47.57,47.36,48.22
2022-03-31 00:00:00+00:00,382.2,389.82,1.31,39127.4,24.5,1.87,2.35,19.95,45.9,45.88,45.83,47.53
2022-04-01 00:00:00+00:00,383.7,391.26,1.3,39272.41,24.6,1.87,2.35,19.95,46.04,46.03,45.65,46.41
2022-04-04 00:00:00+00:00,377.1,384.55,1.33,38598.54,24.2,1.87,2.35,19.95,45.26,45.25,44.68,45.72
2022-04-05 00:00:00+00:00,371.2,378.52,1.35,37992.9,23.8,1.87,2.35,19.95,44.55,44.54,44.34,45.175
2022-04-06 00:00:00+00:00,365.7,372.91,1.37,37429.93,23.5,1.87,2.35,19.95,43.88,43.87,43.31,44.04
2022-04-07 00:00:00+00:00,364.1,371.29,1.37,37267.86,23.4,1.87,2.35,19.95,43.69,43.68,43.08,44.01
2022-04-08 00:00:00+00:00,361.5,368.66,1.38,37003.43,23.2,1.87,2.35,19.95,43.39,43.38,43.16,44.41
2022-04-11 00:00:00+00:00,353.7,360.67,1.41,36201.6,22.7,1.87,2.35,19.95,42.45,42.44,42.305,43.26
2022-04-12 00:00:00+00:00,348.2,355.06,1.44,35638.61,22.4,1.87,2.35,19.95,41.78,41.76,41.5205,43.2
2022-04-13 00:00:00+00:00,350.9,357.87,1.42,35920.1,22.5,1.87,2.35,19.95,42.12,42.11,41.65,42.6
2022-04-14 00:00:00+00:00,344.0,350.81,1.45,35212.11,22.1,1.87,2.38,17.72,41.29,41.28,41.27,42.33
2022-04-15 00:00:00+00:00,344.0,350.81,1.45,35015.41,22.1,1.87,2.38,17.72,,,,
2022-04-18 00:00:00+00:00,344.1,350.9,1.45,35023.89,22.1,1.87,2.38,17.72,41.31,41.3,40.96,41.78
2022-04-19 00:00:00+00:00,354.2,361.18,1.41,36050.27,22.7,1.87,2.38,17.72,42.51,42.5,41.35,42.55
2022-04-20 00:00:00+00:00,362.1,369.25,1.38,36856.1,23.2,1.87,2.38,17.72,43.47,43.45,42.86,43.74
2022-04-21 00:00:00+00:00,356.8,363.9,1.4,36321.71,22.9,1.87,2.38,17.72,42.8,42.79,42.57,44.68
2022-04-22 00:00:00+00:00,347.2,354.13,1.44,35346.23,22.3,1.87,2.38,17.72,41.69,41.67,41.61,42.55
2022-04-25 00:00:00+00:00,349.7,356.59,1.43,35592.23,22.5,1.87,2.38,17.72,41.98,41.97,40.78,42.02
2022-04-26 00:00:00+00:00,333.8,340.36,1.5,33972.08,21.4,1.87,2.38,17.72,40.05,40.04,39.93,41.78
2022-04-27 00:00:00+00:00,335.5,342.14,1.49,34150.21,21.5,1.87,2.38,17.72,40.26,40.22,40.0,40.93
2022-04-28 00:00:00+00:00,328.4,336.2,1.52,33429.21,21.1,1.87,2.38,17.72,39.4,39.36,36.23,39.655
2022-04-29 00:00:00+00:00,318.9,326.47,1.57,32462.21,20.5,1.87,2.38,17.72,38.29,38.28,38.1,39.59
2022-05-02 00:00:00+00:00,321.7,329.29,1.55,32742.13,12.8,3.01,2.38,17.72,38.62,38.61,37.6256,39.04
2022-05-03 00:00:00+00:00,319.8,327.41,1.56,32555.52,12.7,3.01,2.38,17.72,38.38,38.37,38.04,38.78
2022-05-04 00:00:00+00:00,328.4,336.2,1.52,33429.21,13.1,3.01,2.38,17.72,39.42,39.41,37.31,39.575
2022-05-05 00:00:00+00:00,316.3,323.83,1.58,32199.26,12.6,3.01,2.38,17.72,38.0,37.99,37.57,39.43
2022-05-06 00:00:00+00:00,314.8,322.29,1.59,32046.57,12.5,3.01,2.38,17.72,37.79,37.78,37.07,38.0
2022-05-09 00:00:00+00:00,317.8,325.28,1.57,32343.46,12.7,3.01,2.38,17.72,38.14,38.13,37.02,38.79
2022-05-10 00:00:00+00:00,317.4,324.93,1.58,32309.52,12.6,3.01,2.38,17.72,38.1,38.09,37.215,38.9
2022-05-11 00:00:00+00:00,313.2,320.67,1.6,31885.4,12.5,3.01,2.38,17.72,37.6,37.59,37.53,38.76
2022-05-12 00:00:00+00:00,325.8,333.55,1.53,33166.25,13.0,3.01,2.38,17.72,39.13,39.12,37.28,39.14
2022-05-13 00:00:00+00:00,334.9,342.85,1.49,34090.84,13.3,3.01,2.38,17.72,40.19,40.18,39.59,40.43
2022-05-16 00:00:00+00:00,332.2,340.03,1.51,33810.91,13.2,3.01,2.38,17.72,39.88,39.86,39.26,40.275
2022-05-17 00:00:00+00:00,334.8,342.76,1.49,34082.34,13.3,3.01,2.38,17.72,40.19,40.18,39.32,40.73
2022-05-18 00:00:00+00:00,311.3,318.71,1.61,31690.31,12.4,3.01,2.38,17.72,37.38,37.37,37.2,39.48
2022-05-19 00:00:00+00:00,311.8,319.13,1.6,31732.72,12.4,3.01,2.41,15.52,37.42,37.41,36.91,38.01
2022-05-20 00:00:00+00:00,316.3,323.83,1.58,32199.26,12.6,3.01,2.41,15.52,37.96,37.95,36.98,38.23
2022-05-23 00:00:00+00:00,318.9,326.47,1.57,32462.21,12.7,3.01,2.41,15.52,38.28,38.27,37.6601,38.58
2022-05-24 00:00:00+00:00,316.2,323.66,1.58,32182.29,12.6,3.01,2.41,15.52,37.97,37.94,37.0,38.25
2022-05-25 00:00:00+00:00,319.1,326.64,1.57,32479.17,12.7,3.01,2.41,15.52,38.3,38.29,37.57,38.465
2022-05-26 00:00:00+00:00,327.8,335.51,1.53,33361.35,13.0,3.01,2.41,15.52,39.33,39.32,38.7,39.465
2022-05-27 00:00:00+00:00,335.2,343.19,1.49,34124.76,13.3,3.01,2.41,15.52,40.23,40.22,39.75,40.365
2022-05-30 00:00:00+00:00,335.2,343.19,1.49,34124.76,13.3,3.01,2.41,15.52,,,,
2022-05-31 00:00:00+00:00,327.6,335.34,1.53,33344.38,13.0,3.01,2.41,15.52,39.31,39.3,38.8,39.99
2022-06-01 00:00:00+00:00,324.5,332.19,1.54,33030.54,12.9,3.01,2.41,15.52,38.94,38.93,38.51,39.41
2022-06-02 00:00:00+00:00,334.0,341.91,1.5,33997.53,13.3,3.01,2.41,15.52,40.08,40.07,39.01,40.1
2022-06-03 00:00:00+00:00,329.9,337.73,1.52,33581.89,13.1,3.01,2.41,15.52,39.59,39.58,39.45,39.895
2022-06-06 00:00:00+00:00,329.8,337.56,1.52,33564.93,13.1,3.01,2.41,15.52,39.58,39.57,39.54,40.145
2022-06-07 00:00:00+00:00,333.3,341.14,1.5,33921.19,13.3,3.01,2.41,15.52,39.98,39.97,39.14,40.01
2022-06-08 00:00:00+00:00,328.2,336.02,1.52,33412.24,13.1,3.01,2.41,15.52,39.39,39.36,39.16,39.82
2022-06-09 00:00:00+00:00,323.8,331.42,1.54,32954.2,12.9,3.01,2.41,15.52,38.85,38.84,38.84,39.6
2022-06-10 00:00:00+00:00,311.2,318.54,1.61,31673.34,12.4,3.01,2.41,15.52,37.34,37.33,37.02,38.27
2022-06-13 00:00:00+00:00,304.1,311.29,1.64,30952.34,12.1,3.01,2.41,15.52,36.51,36.49,36.05,37.06
2022-06-14 00:00:00+00:00,299.5,306.59,1.67,30485.81,11.9,3.01,2.41,15.52,35.96,35.95,35.77,36.83
2022-06-15 00:00:00+00:00,306.4,313.67,1.63,31189.85,12.2,3.01,2.41,15.52,36.76,36.75,35.9,37.175
2022-06-16 00:00:00+00:00,288.2,294.99,1.74,29332.2,11.5,3.01,2.43,15.13,34.61,34.6,34.36,35.99
2022-06-17 00:00:00+00:00,286.8,293.54,1.74,29188.0,11.4,3.01,2.43,15.13,34.41,34.4,34.24,35.18
2022-06-20 00:00:00+00:00,286.8,293.54,1.74,29188.0,11.4,3.01,2.43,15.13,,,,
2022-06-21 00:00:00+00:00,291.7,298.66,1.71,29696.93,11.6,3.01,2.43,15.13,35.02,35.01,34.34,35.16
2022-06-22 00:00:00+00:00,289.8,297.98,1.73,29501.84,11.5,3.01,2.43,15.13,34.79,34.78,34.12,35.08
2022-06-23 00:00:00+00:00,290.2,298.32,1.72,29535.78,11.6,3.01,2.43,15.13,34.82,34.81,34.47,34.98
2022-06-24 00:00:00+00:00,302.5,311.0,1.65,30791.18,12.0,3.01,2.43,15.13,36.3,36.29,34.965,36.4
2022-06-27 00:00:00+00:00,300.9,309.37,1.66,30630.01,12.0,3.01,2.43,15.13,36.13,36.12,35.58,36.53
2022-06-28 00:00:00+00:00,299.9,308.34,1.67,30528.22,11.9,3.01,2.43,15.13,36.01,36.0,35.91,36.98
2022-06-29 00:00:00+00:00,298.2,306.63,1.68,30358.56,11.9,3.01,2.43,15.13,35.78,35.77,35.3,35.97
2022-06-30 00:00:00+00:00,297.2,305.52,1.68,30248.3,11.8,3.01,2.43,15.13,35.67,35.66,35.32,36.35
2022-07-01 00:00:00+00:00,300.0,308.43,1.67,30536.7,11.9,3.01,2.43,15.13,36.0,35.99,35.3797,36.26
2022-07-04 00:00:00+00:00,300.0,308.43,1.67,30536.7,11.9,3.01,2.43,15.13,,,,
2022-07-05 00:00:00+00:00,300.6,309.03,1.66,30596.08,12.0,3.01,2.43,15.13,36.09,36.07,35.01,36.09
2022-07-06 00:00:00+00:00,301.5,309.97,1.66,30689.38,12.0,3.01,2.43,15.13,36.19,36.18,35.77,36.41
2022-07-07 00:00:00+00:00,303.3,311.86,1.65,30875.99,12.1,3.01,2.43,15.13,36.4,36.39,35.8,36.44
2022-07-08 00:00:00+00:00,300.6,309.03,1.66,30596.08,12.0,3.01,2.43,15.13,36.08,36.07,35.94,36.505
2022-07-11 00:00:00+00:00,304.4,312.97,1.64,30986.27,12.1,3.01,2.43,15.13,36.54,36.53,35.71,36.83
2022-07-12 00:00:00+00:00,301.1,309.54,1.66,30646.98,12.0,3.01,2.43,15.13,36.14,36.13,35.931,37.19
2022-07-13 00:00:00+00:00,297.7,306.12,1.68,30307.67,11.9,3.01,2.43,15.13,35.73,35.71,35.2,35.975
2022-07-14 00:00:00+00:00,296.8,305.09,1.68,30205.89,11.8,3.01,2.44,14.67,35.62,35.61,34.69,35.69
2022-07-15 00:00:00+00:00,300.0,308.43,1.67,30297.0,11.9,3.01,2.44,14.67,36.01,36.0,35.565,36.25
2022-07-18 00:00:00+00:00,296.3,304.57,1.69,29918.29,11.8,3.01,2.44,14.67,35.56,35.55,35.39,36.33
2022-07-19 00:00:00+00:00,309.7,318.45,1.61,31281.65,12.3,3.01,2.44,14.67,37.17,37.16,35.93,37.3
2022-07-20 00:00:00+00:00,311.6,320.34,1.6,31466.8,12.4,3.01,2.44,14.67,37.39,37.38,36.965,37.53
2022-07-21 00:00:00+00:00,318.9,327.88,1.57,32207.39,12.7,3.01,2.44,14.67,38.28,38.27,37.22,38.315
2022-07-22 00:00:00+00:00,320.8,329.85,1.56,32400.96,12.8,3.01,2.44,14.67,38.5,38.49,38.065,38.64
2022-07-25 00:00:00+00:00,318.6,327.54,1.57,32173.73,12.7,3.01,2.44,14.67,38.22,38.21,37.9525,38.61
2022-07-26 00:00:00+00:00,317.4,326.34,1.58,32055.9,12.6,3.01,2.44,14.67,38.09,38.08,37.17,38.255
2022-07-27 00:00:00+00:00,329.5,338.76,1.52,33276.2,13.1,3.01,2.44,14.67,39.53,39.51,38.03,39.66
2022-07-28 00:00:00+00:00,329.0,338.24,1.52,33225.7,13.1,3.01,2.44,14.67,39.47,39.46,38.155,40.06
2022-07-29 00:00:00+00:00,337.7,347.24,1.48,34109.37,13.4,3.01,2.44,14.67,40.54,40.53,39.27,40.625
2022-08-01 00:00:00+00:00,338.1,347.58,1.48,34143.04,12.9,3.14,2.44,14.67,40.59,40.57,40.15,41.035
2022-08-02 00:00:00+00:00,336.8,346.21,1.48,34008.38,12.9,3.14,2.44,14.67,40.43,40.42,40.205,41.14
2022-08-03 00:00:00+00:00,339.7,349.21,1.47,34302.93,13.0,3.14,2.44,14.67,40.77,40.75,39.9,40.87
2022-08-04 00:00:00+00:00,348.4,358.21,1.44,35186.59,13.3,3.14,2.44,14.67,41.82,41.81,40.79,41.899
2022-08-05 00:00:00+00:00,349.0,358.81,1.43,35245.51,13.3,3.14,2.44,14.67,41.89,41.87,41.28,41.93
2022-08-08 00:00:00+00:00,349.5,359.32,1.43,35296.0,13.4,3.14,2.44,14.67,41.95,41.94,41.91,42.67
2022-08-09 00:00:00+00:00,348.0,357.78,1.44,35144.51,13.3,3.14,2.44,14.67,41.77,41.76,41.48,41.9
2022-08-10 00:00:00+00:00,357.2,367.2,1.4,36070.26,13.7,3.14,2.44,14.67,42.86,42.85,42.53,43.185
2022-08-11 00:00:00+00:00,358.8,368.83,1.39,36230.16,13.7,3.14,2.44,14.67,43.06,43.05,43.02,43.9102
2022-08-12 00:00:00+00:00,366.4,376.71,1.36,37004.42,14.0,3.14,2.44,14.67,43.97,43.95,43.05,44.0
2022-08-15 00:00:00+00:00,370.1,380.48,1.35,37374.72,14.2,3.14,2.44,14.67,44.42,44.41,43.52,44.505
2022-08-16 00:00:00+00:00,369.9,380.31,1.35,37357.88,14.1,3.14,2.44,14.67,44.41,44.39,43.96,44.6
2022-08-17 00:00:00+00:00,367.8,378.08,1.36,37139.07,14.1,3.14,2.44,14.67,44.14,44.13,43.78,44.46
2022-08-18 00:00:00+00:00,369.2,379.54,1.35,37282.14,14.1,3.14,2.46,17.94,44.31,44.3,43.99,44.405
2022-08-19 00:00:00+00:00,354.0,363.95,1.41,35750.45,13.5,3.14,2.46,17.94,42.48,42.47,42.325,44.08
2022-08-22 00:00:00+00:00,346.8,356.58,1.44,35026.69,13.3,3.14,2.46,17.94,41.64,41.63,41.4,41.93
2022-08-23 00:00:00+00:00,345.5,355.21,1.45,34892.05,13.2,3.14,2.46,17.94,41.47,41.46,41.19,41.86
2022-08-24 00:00:00+00:00,347.2,356.92,1.44,35060.36,13.3,3.14,2.46,17.94,41.67,41.66,41.325,41.77
2022-08-25 00:00:00+00:00,349.9,359.75,1.43,35338.09,13.4,3.14,2.46,17.94,42.0,41.99,41.6,42.255
2022-08-26 00:00:00+00:00,335.3,344.76,1.49,33865.32,12.8,3.14,2.46,17.94,40.25,40.24,40.195,42.24
2022-08-29 00:00:00+00:00,331.2,340.47,1.51,33444.52,12.7,3.14,2.46,17.94,39.75,39.74,39.73,40.275
2022-08-30 00:00:00+00:00,327.6,336.79,1.53,33082.64,12.5,3.14,2.46,17.94,39.33,39.32,39.22,40.09
2022-08-31 00:00:00+00:00,326.0,335.16,1.53,32922.73,12.5,3.14,2.46,17.94,39.12,39.11,38.96,39.605
2022-09-01 00:00:00+00:00,331.6,340.9,1.51,33486.59,12.7,3.14,2.46,17.94,39.8,39.79,38.9673,39.82
2022-09-02 00:00:00+00:00,329.8,339.1,1.52,33309.87,12.6,3.14,2.46,17.94,39.59,39.58,39.355,40.79
2022-09-05 00:00:00+00:00,329.8,339.1,1.52,33309.87,12.6,3.14,2.46,17.94,,,,
2022-09-06 00:00:00+00:00,335.8,345.27,1.49,33915.81,12.8,3.14,2.46,17.94,40.3,40.29,39.17,40.31
2022-09-07 00:00:00+00:00,345.8,355.55,1.45,34925.71,13.2,3.14,2.46,17.94,41.51,41.5,40.35,41.525
2022-09-08 00:00:00+00:00,351.0,360.86,1.42,35447.48,13.4,3.14,2.46,17.94,42.12,42.11,41.05,42.16
2022-09-09 00:00:00+00:00,351.4,361.29,1.42,35489.57,13.4,3.14,2.46,17.94,42.18,42.17,41.93,42.66
2022-09-12 00:00:00+00:00,352.4,362.32,1.42,35590.55,13.5,3.14,2.46,17.94,42.31,42.3,41.96,42.76
2022-09-13 00:00:00+00:00,340.7,350.24,1.47,34403.93,13.0,3.14,2.46,17.94,40.88,40.87,40.81,41.79
2022-09-14 00:00:00+00:00,334.8,344.24,1.49,33814.81,12.8,3.14,2.46,17.94,40.19,40.18,39.76,40.92
2022-09-15 00:00:00+00:00,336.7,346.13,1.49,33999.96,12.9,3.14,2.49,16.15,40.4,40.39,39.875,40.66
2022-09-16 00:00:00+00:00,320.3,329.33,1.56,32350.46,12.2,3.14,2.49,16.15,38.44,38.43,38.11,40.07
2022-09-19 00:00:00+00:00,323.5,332.59,1.55,32670.27,12.4,3.14,2.49,16.15,38.84,38.83,38.03,38.89
2022-09-20 00:00:00+00:00,315.1,323.94,1.59,31820.26,12.0,3.14,2.49,16.15,37.81,37.8,37.25,38.59
2022-09-21 00:00:00+00:00,312.6,321.37,1.6,31567.78,12.0,3.14,2.49,16.15,37.51,37.5,37.455,38.71
2022-09-22 00:00:00+00:00,301.7,310.14,1.66,30465.31,11.5,3.14,2.49,16.15,36.2,36.19,36.19,37.38
2022-09-23 00:00:00+00:00,300.9,309.37,1.66,30389.57,11.5,3.14,2.49,16.15,36.12,36.11,35.6275,36.39
2022-09-26 00:00:00+00:00,294.0,302.26,1.7,29691.06,11.2,3.14,2.49,16.15,35.3,35.29,34.95,36.18
2022-09-27 00:00:00+00:00,296.3,304.57,1.69,29918.29,11.3,3.14,2.49,16.15,35.55,35.54,35.01,35.78
2022-09-28 00:00:00+00:00,307.5,316.14,1.63,31054.42,11.8,3.14,2.49,16.15,36.92,36.91,35.48,37.185
2022-09-29 00:00:00+00:00,296.8,305.17,1.68,29977.19,11.4,3.14,2.49,16.15,35.65,35.64,35.35,36.6
2022-09-30 00:00:00+00:00,296.3,304.66,1.69,29926.7,11.3,3.14,2.49,16.15,35.6,35.59,35.46,36.355
2022-10-03 00:00:00+00:00,306.7,315.37,1.63,30978.68,11.7,3.14,2.49,16.15,36.81,36.8,35.695,37.22
2022-10-04 00:00:00+00:00,321.5,330.53,1.56,32468.29,12.3,3.14,2.49,16.15,38.6,38.59,37.39,38.63
2022-10-05 00:00:00+00:00,318.3,327.28,1.57,32148.48,12.2,3.14,2.49,16.15,38.23,38.22,37.69,38.53
2022-10-06 00:00:00+00:00,310.1,318.8,1.61,31315.32,11.9,3.14,2.49,16.15,37.19,37.18,36.98,38.21
2022-10-07 00:00:00+00:00,294.4,302.69,1.7,29733.14,11.3,3.14,2.49,16.15,35.33,35.32,35.02,36.96
2022-10-10 00:00:00+00:00,296.7,305.0,1.69,29960.37,11.3,3.14,2.49,16.15,35.61,35.59,35.38,36.045
2022-10-11 00:00:00+00:00,292.9,301.15,1.71,29581.65,11.2,3.14,2.49,16.15,35.15,35.14,34.965,35.95
2022-10-12 00:00:00+00:00,290.7,298.83,1.72,29354.43,11.1,3.14,2.49,16.15,34.89,34.88,34.77,35.39
2022-10-13 00:00:00+00:00,290.4,298.58,1.72,29329.18,11.1,3.14,2.49,16.15,34.87,34.86,33.1,35.14
2022-10-14 00:00:00+00:00,288.1,296.18,1.74,28909.56,11.0,3.14,2.49,16.15,34.68,34.67,34.34,35.81
2022-10-17 00:00:00+00:00,296.3,304.57,1.69,29729.09,11.3,3.14,2.49,16.15,35.56,35.55,34.92,35.99
2022-10-18 00:00:00+00:00,302.7,311.17,1.65,30373.02,11.6,3.14,2.49,16.15,36.36,36.34,35.85,36.81
2022-10-19 00:00:00+00:00,290.7,298.92,1.72,29177.16,11.1,3.14,2.49,16.15,34.89,34.88,34.57,35.89
2022-10-20 00:00:00+00:00,283.8,291.81,1.76,28483.06,10.9,3.14,2.49,13.98,34.05,34.04,33.93,35.26
2022-10-21 00:00:00+00:00,293.3,301.49,1.71,29428.04,11.2,3.14,2.49,13.98,35.19,35.18,33.955,35.35
2022-10-24 00:00:00+00:00,298.8,307.15,1.67,29979.97,11.4,3.14,2.49,13.98,35.87,35.86,35.21,36.065
2022-10-25 00:00:00+00:00,310.7,319.48,1.61,31184.18,11.9,3.14,2.49,13.98,37.27,37.26,35.78,37.325
2022-10-26 00:00:00+00:00,309.5,318.2,1.62,31058.75,11.8,3.14,2.49,13.98,37.14,37.13,37.08,37.93
2022-10-27 00:00:00+00:00,315.7,325.82,1.58,31677.58,12.1,3.14,2.49,13.98,37.88,37.87,37.53,38.59
2022-10-28 00:00:00+00:00,332.9,343.63,1.5,33408.64,12.7,3.14,2.49,13.98,39.96,39.94,37.44,39.98
2022-10-31 00:00:00+00:00,331.3,341.99,1.51,33249.75,12.7,3.14,2.49,13.98,39.78,39.77,39.425,39.99
2022-11-01 00:00:00+00:00,330.9,341.56,1.51,33207.95,9.6,4.14,2.49,13.98,39.72,39.71,39.41,40.45
2022-11-02 00:00:00+00:00,326.0,336.49,1.53,32714.54,9.4,4.14,2.49,13.98,39.11,39.1,39.1,40.96
2022-11-03 00:00:00+00:00,328.1,338.64,1.52,32923.61,9.5,4.14,2.49,13.98,39.38,39.37,37.94,39.76
2022-11-04 00:00:00+00:00,335.7,346.47,1.49,33684.61,9.7,4.14,2.49,13.98,40.27,40.26,39.44,40.37
2022-11-07 00:00:00+00:00,342.0,353.0,1.46,34320.16,9.9,4.14,2.49,13.98,41.05,41.04,40.12,41.12
2022-11-08 00:00:00+00:00,345.1,356.19,1.45,34629.59,10.0,4.14,2.49,13.98,41.42,41.41,40.905,41.885
2022-11-09 00:00:00+00:00,336.2,346.98,1.49,33734.78,9.7,4.14,2.49,13.98,40.35,40.34,40.275,41.36
2022-11-10 00:00:00+00:00,362.3,373.99,1.38,36360.64,10.5,4.14,2.49,13.98,43.48,43.47,42.2,43.73
2022-11-11 00:00:00+00:00,370.3,382.25,1.35,37163.46,10.7,4.14,2.49,13.98,44.44,44.43,43.1989,44.7523
2022-11-14 00:00:00+00:00,363.4,375.11,1.38,36469.36,10.5,4.14,2.49,13.98,43.62,43.61,43.59,44.43
2022-11-15 00:00:00+00:00,369.6,381.47,1.35,37088.2,10.7,4.14,2.49,13.98,44.37,44.36,43.85,44.89
2022-11-16 00:00:00+00:00,365.5,377.26,1.37,36678.42,10.6,4.14,2.49,13.98,43.87,43.86,43.54,44.5
2022-11-17 00:00:00+00:00,358.7,370.21,1.39,35992.68,10.4,4.14,2.51,17.45,43.05,43.04,42.13,43.32
2022-11-18 00:00:00+00:00,366.0,377.77,1.37,36728.6,10.6,4.14,2.51,17.45,43.94,43.93,43.36,44.2216
2022-11-21 00:00:00+00:00,365.7,377.52,1.37,36703.51,10.6,4.14,2.51,17.45,43.9,43.89,43.6,44.05
2022-11-22 00:00:00+00:00,367.0,378.81,1.36,36828.95,10.6,4.14,2.51,17.45,44.04,44.03,43.745,44.3
2022-11-23 00:00:00+00:00,368.0,379.84,1.36,36929.3,10.7,4.14,2.51,17.45,44.18,44.17,43.81,44.63
2022-11-24 00:00:00+00:00,368.0,379.84,1.36,36929.3,10.7,4.14,2.51,17.45,,,,
2022-11-25 00:00:00+00:00,368.4,380.27,1.36,36971.12,10.7,4.14,2.51,17.45,44.21,44.19,44.1,44.41
2022-11-28 00:00:00+00:00,360.9,372.53,1.39,36218.48,10.5,4.14,2.51,17.45,43.32,43.31,43.14,44.2
2022-11-29 00:00:00+00:00,362.7,374.33,1.38,36394.1,10.5,4.14,2.51,17.45,43.52,43.51,43.08,43.73
2022-11-30 00:00:00+00:00,369.3,381.22,1.35,37063.11,10.7,4.14,2.51,17.45,44.29,44.28,42.145,44.39
2022-12-01 00:00:00+00:00,374.4,386.46,1.34,37573.22,10.9,4.14,2.51,17.45,44.96,44.95,44.395,45.22
2022-12-02 00:00:00+00:00,372.3,384.31,1.34,37364.15,10.8,4.14,2.51,17.45,44.69,44.68,43.92,45.0
2022-12-05 00:00:00+00:00,364.7,376.4,1.37,36594.79,10.6,4.14,2.51,17.45,43.77,43.76,43.2,44.045
2022-12-06 00:00:00+00:00,358.5,370.03,1.39,35975.97,10.4,4.14,2.51,17.45,43.0,42.99,42.49,43.95
2022-12-07 00:00:00+00:00,359.0,370.55,1.72,36026.14,10.4,4.14,2.51,17.45,43.07,43.06,42.75,43.61
2022-12-08 00:00:00+00:00,362.3,373.9,1.7,36352.28,10.5,4.14,2.51,17.45,43.48,43.46,43.12,43.755
2022-12-09 00:00:00+00:00,358.5,370.03,1.72,35975.97,10.4,4.14,2.51,17.45,43.02,43.01,42.95,43.6
2022-12-12 00:00:00+00:00,360.5,372.1,1.71,36176.66,10.4,4.14,2.51,17.45,43.26,43.25,42.385,43.305
2022-12-13 00:00:00+00:00,369.3,381.22,1.67,37063.11,10.7,4.14,2.51,17.45,44.32,44.31,43.8,45.0
2022-12-14 00:00:00+00:00,365.0,376.74,1.69,36628.25,10.6,4.14,2.51,17.45,43.79,43.78,43.35,44.62
2022-12-15 00:00:00+00:00,353.8,365.22,1.74,35507.66,10.3,4.14,2.54,17.24,42.45,42.44,42.07,43.29
2022-12-16 00:00:00+00:00,347.9,359.11,1.77,34913.91,10.1,4.14,2.54,17.24,41.74,41.73,41.52,42.2
2022-12-19 00:00:00+00:00,345.8,356.96,1.78,34704.84,10.0,4.14,2.54,17.24,41.5,41.49,41.175,42.13
2022-12-20 00:00:00+00:00,344.7,355.84,1.79,34596.13,10.0,4.14,2.54,17.24,41.37,41.36,41.24,41.64
2022-12-21 00:00:00+00:00,350.7,363.63,1.76,35198.24,10.2,4.14,2.54,17.24,42.1,42.09,41.56,42.22
2022-12-22 00:00:00+00:00,347.3,360.08,1.78,34855.37,10.1,4.14,2.54,17.24,41.69,41.67,41.03,42.02
2022-12-23 00:00:00+00:00,348.2,361.03,1.77,34947.36,10.1,4.14,2.54,17.24,41.81,41.79,41.28,41.815
2022-12-26 00:00:00+00:00,348.2,361.03,1.77,34947.36,10.1,4.14,2.54,17.24,,,,
2022-12-27 00:00:00+00:00,348.9,361.72,1.77,35014.26,10.1,4.14,2.54,17.24,41.87,41.86,41.61,42.41
2022-12-28 00:00:00+00:00,341.3,353.86,1.81,34253.27,9.9,4.14,2.54,17.24,40.96,40.95,40.94,42.03
2022-12-29 00:00:00+00:00,348.8,361.55,1.77,34997.54,10.1,4.14,2.54,17.24,41.85,41.84,41.09,41.99
2022-12-30 00:00:00+00:00,343.8,356.37,1.79,34495.78,10.0,4.14,2.54,17.24,41.26,41.25,40.83,41.69
2023-01-02 00:00:00+00:00,343.8,356.37,1.79,34429.92,10.0,4.14,2.54,17.24,,,,
2023-01-03 00:00:00+00:00,346.8,359.48,1.78,34730.4,10.0,4.14,2.54,17.24,41.61,41.6,41.145,42.09
2023-01-04 00:00:00+00:00,350.2,363.11,1.76,35080.96,10.1,4.14,2.54,17.24,42.03,42.02,41.735,42.58
2023-01-05 00:00:00+00:00,346.1,358.79,1.78,34663.63,10.0,4.14,2.54,17.24,41.53,41.52,41.12,42.08
2023-01-06 00:00:00+00:00,359.4,372.61,1.72,35999.09,10.4,4.14,2.54,17.24,43.14,43.13,41.73,43.35
2023-01-09 00:00:00+00:00,362.5,375.81,1.7,36307.91,10.5,4.14,2.54,17.24,43.51,43.5,42.98,44.205
2023-01-10 00:00:00+00:00,366.7,380.13,1.68,36725.25,10.6,4.14,2.54,17.24,44.0,43.99,43.18,44.09
2023-01-11 00:00:00+00:00,376.6,390.41,1.64,37718.5,10.9,4.14,2.54,17.24,45.19,45.18,44.27,45.25
2023-01-12 00:00:00+00:00,377.1,390.93,1.64,37768.58,10.9,4.14,2.54,17.24,45.26,45.25,44.92,45.67
2023-01-13 00:00:00+00:00,382.2,396.28,1.61,38286.07,11.1,4.14,2.54,17.24,45.88,45.87,45.01,46.06
2023-01-16 00:00:00+00:00,382.2,396.28,1.61,38286.07,11.1,4.14,2.54,17.24,,,,
2023-01-17 00:00:00+00:00,378.6,392.48,1.63,37918.81,11.0,4.14,2.54,17.24,45.43,45.42,45.305,46.135
2023-01-18 00:00:00+00:00,362.7,375.98,1.7,36324.61,10.5,4.14,2.54,17.24,43.52,43.51,43.39,45.655
2023-01-19 00:00:00+00:00,349.3,362.07,1.77,34980.8,10.1,4.14,2.55,17.05,41.9,41.89,41.89,43.14
2023-01-20 00:00:00+00:00,354.8,367.77,1.74,35531.68,10.3,4.14,2.55,17.05,42.58,42.57,41.77,42.645
2023-01-23 00:00:00+00:00,360.7,373.91,1.71,36124.29,10.5,4.14,2.55,17.05,43.28,43.27,42.43,43.285
2023-01-24 00:00:00+00:00,364.2,377.53,1.69,36474.84,10.6,4.14,2.55,17.05,43.7,43.69,42.86,44.03
2023-01-25 00:00:00+00:00,362.6,375.89,1.7,36316.26,10.5,4.14,2.55,17.05,43.51,43.5,42.8,43.605
2023-01-26 00:00:00+00:00,363.7,377.1,1.7,36433.11,10.5,4.14,2.55,17.05,43.65,43.64,43.17,44.0
2023-01-27 00:00:00+00:00,363.5,376.84,1.7,36408.07,10.5,4.14,2.55,17.05,43.62,43.61,43.38,43.99
2023-01-30 00:00:00+00:00,363.2,376.5,1.7,36374.69,10.5,4.14,2.55,17.05,43.6,43.58,43.38,43.99
2023-01-31 00:00:00+00:00,379.4,393.34,1.63,37980.57,11.0,4.14,2.55,17.05,45.55,45.54,44.035,45.61
2023-02-01 00:00:00+00:00,384.5,398.61,1.6,38489.43,11.1,4.14,2.55,17.05,46.14,46.13,44.63,46.565
2023-02-02 00:00:00+00:00,392.8,407.17,1.57,39315.27,11.4,4.14,2.55,17.05,47.14,47.13,46.545,47.485
2023-02-03 00:00:00+00:00,390.7,405.09,1.58,39115.07,11.3,4.14,2.55,17.05,46.89,46.88,46.36,47.4075
2023-02-06 00:00:00+00:00,384.6,398.7,1.6,38497.76,11.1,4.14,2.55,17.05,46.15,46.13,45.92,46.74
2023-02-07 00:00:00+00:00,369.9,383.5,1.67,37029.59,10.7,4.14,2.55,17.05,44.41,44.4,43.55,44.66
2023-02-08 00:00:00+00:00,375.5,389.28,1.64,37588.5,11.0,4.1,2.55,17.05,45.07,45.06,44.32,45.35
2023-02-09 00:00:00+00:00,374.3,388.07,1.65,37471.71,10.9,4.1,2.55,17.05,44.93,44.92,44.87,46.02
2023-02-10 00:00:00+00:00,373.6,387.3,1.65,37396.64,10.9,4.1,2.55,17.05,44.84,44.83,44.42,45.015
2023-02-13 00:00:00+00:00,378.7,392.57,1.63,37905.49,11.1,4.1,2.55,17.05,45.46,45.45,44.8,45.64
2023-02-14 00:00:00+00:00,376.1,389.89,1.64,37646.9,11.0,4.1,2.55,17.05,45.13,45.12,44.78,45.5989
2023-02-15 00:00:00+00:00,379.0,392.91,1.63,37938.86,11.1,4.1,2.55,17.05,45.49,45.48,44.605,45.5
2023-02-16 00:00:00+00:00,376.9,390.75,1.64,37730.31,11.0,4.1,2.61,17.39,45.24,45.23,44.465,45.63
2023-02-17 00:00:00+00:00,376.8,390.67,1.64,37721.97,11.0,4.1,2.61,17.39,45.22,45.21,44.57,45.28
2023-02-20 00:00:00+00:00,376.8,390.67,1.64,37721.97,11.0,4.1,2.61,17.39,,,,
2023-02-21 00:00:00+00:00,365.3,378.66,1.69,36562.45,10.7,4.1,2.61,17.39,43.84,43.83,43.655,44.88
2023-02-22 00:00:00+00:00,363.3,376.67,1.7,36370.59,10.6,4.1,2.61,17.39,43.62,43.61,43.395,44.25
2023-02-23 00:00:00+00:00,370.4,384.01,1.66,37079.64,10.8,4.1,2.61,17.39,44.46,44.45,43.74,44.58
2023-02-24 00:00:00+00:00,368.8,382.29,1.67,36912.81,10.8,4.1,2.61,17.39,44.26,44.25,43.6,44.455
2023-02-27 00:00:00+00:00,374.7,388.42,1.65,37505.09,11.0,4.1,2.61,17.39,44.96,44.95,44.55,45.11
2023-02-28 00:00:00+00:00,375.2,389.02,1.64,37597.86,11.0,4.1,2.61,17.39,45.0,44.99,44.805,45.66
2023-03-01 00:00:00+00:00,379.9,393.86,1.62,38065.43,11.1,4.1,2.61,17.39,45.61,45.6,44.85,45.67
2023-03-02 00:00:00+00:00,384.1,398.18,1.61,38482.91,11.2,4.1,2.61,17.39,46.09,46.08,45.17,46.2
2023-03-03 00:00:00+00:00,398.2,412.87,1.55,39902.32,11.6,4.1,2.61,17.39,47.78,47.77,46.32,47.92
2023-03-06 00:00:00+00:00,403.2,417.97,1.53,40394.95,11.8,4.1,2.61,17.39,48.38,48.37,47.54,48.675
2023-03-07 00:00:00+00:00,396.3,410.8,1.56,39701.95,11.6,4.1,2.61,17.39,47.56,47.55,47.49,49.17
2023-03-08 00:00:00+00:00,394.9,409.41,1.56,39568.35,11.6,4.1,2.61,17.39,47.39,47.38,46.915,47.93
2023-03-09 00:00:00+00:00,384.6,398.7,1.6,38533.0,11.2,4.1,2.61,17.39,46.16,46.15,46.06,47.515
2023-03-10 00:00:00+00:00,380.3,394.29,1.62,38107.18,11.1,4.1,2.61,17.39,45.65,45.64,45.135,46.75
2023-03-13 00:00:00+00:00,372.9,386.61,1.65,37364.07,10.9,4.1,2.61,17.39,44.75,44.74,44.53,45.42
2023-03-14 00:00:00+00:00,381.3,395.24,1.62,38199.03,11.2,4.1,2.61,17.39,45.73,45.72,45.2,46.485
2023-03-15 00:00:00+00:00,360.9,374.17,1.71,36161.74,10.6,4.1,2.61,17.39,43.33,43.31,42.34,44.99
2023-03-16 00:00:00+00:00,370.7,384.27,1.66,37138.64,10.8,4.1,2.64,16.42,44.5,44.48,42.73,44.74
2023-03-17 00:00:00+00:00,364.6,377.97,1.69,36529.13,10.7,4.1,2.64,16.42,43.78,43.77,43.0,44.37
2023-03-20 00:00:00+00:00,374.9,388.68,1.64,37564.47,11.0,4.1,2.64,16.42,45.0,44.99,43.98,45.15
2023-03-21 00:00:00+00:00,376.7,390.49,1.64,37739.8,11.0,4.1,2.64,16.42,45.22,45.21,44.97,45.957
2023-03-22 00:00:00+00:00,368.2,381.68,1.67,36888.15,10.8,4.1,2.64,16.42,44.14,44.13,44.11,45.64
2023-03-23 00:00:00+00:00,369.2,382.72,1.67,36988.35,10.8,4.1,2.64,16.42,44.28,44.27,43.87,45.2
2023-03-24 00:00:00+00:00,366.0,379.44,1.68,36671.07,10.7,4.1,2.64,16.42,43.93,43.92,43.01,43.93
2023-03-27 00:00:00+00:00,369.2,382.72,1.67,36988.35,10.8,4.1,2.64,16.42,44.31,44.3,44.0609,44.86
2023-03-28 00:00:00+00:00,372.9,386.61,1.65,37364.07,10.9,4.1,2.64,16.42,44.76,44.75,44.52,45.52
2023-03-29 00:00:00+00:00,378.2,392.05,1.63,37890.1,11.1,4.1,2.64,16.42,45.39,45.38,45.0,45.6
2023-03-30 00:00:00+00:00,375.7,389.54,1.64,37647.96,11.0,4.1,2.64,16.42,45.1,45.09,44.98,45.85
2023-03-31 00:00:00+00:00,381.3,395.24,1.62,38199.03,11.2,4.1,2.64,16.42,45.75,45.74,45.325,46.08
2023-04-03 00:00:00+00:00,380.8,394.73,1.62,38148.93,11.1,4.1,2.64,16.42,45.7,45.68,45.23,45.96
2023-04-04 00:00:00+00:00,357.4,370.54,1.73,35811.07,10.5,4.1,2.64,16.42,42.9,42.89,42.645,45.74
2023-04-05 00:00:00+00:00,350.8,363.71,1.76,35151.46,10.3,4.1,2.64,16.42,42.1,42.09,41.705,43.18
2023-04-06 00:00:00+00:00,348.3,361.12,1.77,34900.97,10.2,4.1,2.64,16.42,41.8,41.79,41.29,42.31
2023-04-07 00:00:00+00:00,348.3,361.12,1.77,34900.97,10.2,4.1,2.64,16.42,,,,
2023-04-10 00:00:00+00:00,352.5,365.44,1.75,35318.45,10.3,4.1,2.64,16.42,42.31,42.3,41.48,42.32
2023-04-11 00:00:00+00:00,362.7,375.98,1.7,36337.09,10.6,4.1,2.64,16.42,43.53,43.52,42.34,44.95
2023-04-12 00:00:00+00:00,365.5,378.92,1.69,36620.97,10.7,4.1,2.64,16.42,43.87,43.86,43.58,44.345
2023-04-13 00:00:00+00:00,367.5,380.99,1.68,36821.36,10.7,4.1,2.64,16.42,44.11,44.1,43.1,44.315
2023-04-14 00:00:00+00:00,369.2,382.72,1.67,36988.35,10.8,4.1,2.64,16.42,44.31,44.3,43.865,44.87
2023-04-17 00:00:00+00:00,373.1,386.78,1.65,37375.7,10.9,4.1,2.64,16.42,44.78,44.77,44.35,44.92
2023-04-18 00:00:00+00:00,373.4,387.12,1.65,37409.09,10.9,4.1,2.64,16.42,44.81,44.8,44.545,45.44
2023-04-19 00:00:00+00:00,374.8,388.59,1.65,37551.01,11.0,4.1,2.64,16.42,44.99,44.98,44.5114,45.11
2023-04-20 00:00:00+00:00,378.2,392.05,1.63,37884.95,11.1,4.1,2.66,16.91,45.39,45.38,44.55,45.485
2023-04-21 00:00:00+00:00,376.8,390.67,1.64,37751.38,11.0,4.1,2.66,16.91,45.22,45.21,45.02,45.53
2023-04-24 00:00:00+00:00,349.4,362.24,1.76,35004.75,10.2,4.1,2.66,16.91,41.94,41.93,41.54,47.21
2023-04-25 00:00:00+00:00,352.7,365.61,1.75,35330.35,10.3,4.1,2.66,16.91,42.33,42.32,42.11,43.3
2023-04-26 00:00:00+00:00,338.7,351.18,1.82,33936.16,9.9,4.1,2.66,16.91,40.65,40.64,40.4,41.46
2023-04-27 00:00:00+00:00,345.5,358.18,1.78,34612.39,14.0,2.96,2.66,16.91,41.46,41.45,40.475,41.535
2023-04-28 00:00:00+00:00,348.5,361.29,1.77,34912.93,14.1,2.96,2.66,16.91,41.83,41.82,41.46,42.29
2023-05-01 00:00:00+00:00,343.1,355.68,1.8,34370.28,13.9,2.96,2.66,16.91,41.17,41.16,41.035,41.96
2023-05-02 00:00:00+00:00,348.5,361.29,1.77,34912.93,14.1,2.96,2.66,16.91,41.83,41.82,40.35,41.85
2023-05-03 00:00:00+00:00,342.4,354.99,1.8,34303.49,13.9,2.96,2.66,16.91,41.11,41.1,40.82,42.555
2023-05-04 00:00:00+00:00,342.5,356.67,1.8,34311.85,13.9,2.96,2.66,16.91,41.11,41.1,40.28,41.11
2023-05-05 00:00:00+00:00,353.2,367.78,1.75,35380.44,14.3,2.96,2.66,16.91,42.39,42.38,41.7,42.48
2023-05-08 00:00:00+00:00,355.0,369.69,1.74,35564.11,14.4,2.96,2.66,16.91,42.61,42.6,42.21,43.04
2023-05-09 00:00:00+00:00,356.5,371.25,1.73,35714.37,14.5,2.96,2.66,16.91,42.78,42.77,42.37,43.08
2023-05-10 00:00:00+00:00,359.0,373.85,1.72,35964.82,14.6,2.96,2.66,16.91,43.08,43.07,42.48,43.54
2023-05-11 00:00:00+00:00,356.9,371.68,1.73,35756.11,14.5,2.96,2.66,16.91,42.82,42.81,42.56,43.13
2023-05-12 00:00:00+00:00,353.3,367.95,1.75,35397.13,14.3,2.96,2.66,16.91,42.41,42.4,41.8005,43.09
2023-05-15 00:00:00+00:00,356.7,371.51,1.73,35739.41,14.5,2.96,2.66,16.91,42.83,42.82,41.955,42.89
2023-05-16 00:00:00+00:00,351.2,365.78,1.76,35188.42,14.3,2.96,2.66,16.91,42.16,42.15,42.02,42.86
2023-05-17 00:00:00+00:00,357.5,372.29,1.72,35814.55,14.5,2.96,2.66,16.91,42.92,42.91,42.35,43.235
2023-05-18 00:00:00+00:00,360.6,375.5,1.71,36123.45,14.6,2.96,2.67,16.08,43.28,43.27,42.595,43.39
2023-05-19 00:00:00+00:00,356.6,371.34,1.73,35722.71,14.5,2.96,2.67,16.08,42.79,42.78,42.46,43.68
2023-05-22 00:00:00+00:00,353.6,368.21,1.74,35422.17,14.3,2.96,2.67,16.08,42.45,42.44,42.28,43.1
2023-05-23 00:00:00+00:00,345.9,360.23,1.78,34654.12,14.0,2.96,2.67,16.08,41.52,41.51,41.26,42.31
2023-05-24 00:00:00+00:00,344.2,358.41,1.79,34478.81,14.0,2.96,2.67,16.08,41.31,41.3,40.965,41.59
2023-05-25 00:00:00+00:00,343.3,357.54,1.8,34395.32,13.9,2.96,2.67,16.08,41.21,41.2,40.99,41.69
2023-05-26 00:00:00+00:00,340.7,354.85,1.81,34136.53,13.8,2.96,2.67,16.08,40.86,40.85,40.73,41.6
2023-05-29 00:00:00+00:00,340.7,354.85,1.81,34136.53,13.8,2.96,2.67,16.08,,,,
2023-05-30 00:00:00+00:00,347.9,362.31,1.77,34854.49,14.1,2.96,2.67,16.08,41.76,41.75,40.54,41.82
2023-05-31 00:00:00+00:00,340.8,354.94,1.81,34144.87,13.8,2.96,2.67,16.08,40.91,40.9,40.49,41.5
2023-06-01 00:00:00+00:00,345.8,360.14,1.78,34645.78,14.0,2.96,2.67,15.57,41.51,41.5,40.71,41.53
2023-06-02 00:00:00+00:00,362.0,376.98,1.7,36265.36,14.7,2.96,2.67,15.57,43.44,43.43,41.98,43.635
2023-06-05 00:00:00+00:00,,,,,,,2.67,15.57,43.21,43.2,42.89,43.6
2023-06-06 00:00:00+00:00,,,,,,,2.67,16.45,43.85,43.84,43.01,44.19
