,0,1,2,3,4,5,6,7,8,9,10,11
Name,CHEWY A - PRICE INDEX,CHEWY A - TOT RETURN IND,CHEWY A - DIVIDEND YIELD,CHEWY A - MARKET VALUE,CHEWY A - PER,CHEWY A - EARNINGS PER SHR,CHEWY A - EPS 12M FWD,CHEWY A - PE RATIO 12M FWD,CHEWY A - ASK PRICE,CHEWY A - BID PRICE,CHEWY A - PRICE LOW,CHEWY A - PRICE HIGH
MNEM,U:CHWY,U:CHWY,U:CHWY,U:CHWY,U:CHWY,U:CHWY,U:CHWY,U:CHWY,U:CHWY,U:CHWY,U:CHWY,U:CHWY
DATATYPE,PI,RI,DY,MV,PE,EPS,DIEP,DIPE,PA,PB,PL,PH
NAME,CHEWY A,CHEWY A,CHEWY A,CHEWY A,CHEWY A,CHEWY A,CHEWY A,CHEWY A,CHEWY A,CHEWY A,CHEWY A,CHEWY A
SECD,BJLFHW7,BJLFHW7,BJLFHW7,BJLFHW7,BJLFHW7,BJLFHW7,BJLFHW7,BJLFHW7,BJLFHW7,BJLFHW7,BJLFHW7,BJLFHW7
ISIN,US16679L1098,US16679L1098,US16679L1098,US16679L1098,US16679L1098,US16679L1098,US16679L1098,US16679L1098,US16679L1098,US16679L1098,US16679L1098,US16679L1098
CODON,UNITED STATES,UNITED STATES,UNITED STATES,UNITED STATES,UNITED STATES,UNITED STATES,UNITED STATES,UNITED STATES,UNITED STATES,UNITED STATES,UNITED STATES,UNITED STATES
ISOCUR,USD,USD,USD,USD,USD,USD,USD,USD,USD,USD,USD,USD
2019-06-14 00:00:00+00:00,100.0,100.0,0.0,1455.58,,,,,34.99,34.75,32.74,41.34
2019-06-17 00:00:00+00:00,96.3,96.31,0.0,1401.92,,,,,33.56,33.55,32.67,35.36
2019-06-18 00:00:00+00:00,106.8,106.77,0.0,1554.18,,,,,37.35,37.29,34.35,37.4695
2019-06-19 00:00:00+00:00,99.7,99.74,0.0,1451.84,,0.0,,,35.0,34.92,34.25,37.63
2019-06-20 00:00:00+00:00,97.8,97.83,0.0,1423.97,,0.0,,,34.24,34.19,33.6,35.55
2019-06-21 00:00:00+00:00,92.3,92.25,0.0,1342.85,,0.0,,,32.28,32.27,31.2,34.0
2019-06-24 00:00:00+00:00,90.1,90.11,0.0,1311.65,,0.0,,,31.55,31.54,30.7901,32.87
2019-06-25 00:00:00+00:00,90.9,90.88,0.0,1322.88,,0.0,,,31.81,31.8,30.7846,32.56
2019-06-26 00:00:00+00:00,92.5,92.51,0.0,1346.59,,0.0,,,32.37,32.35,31.7345,32.78
2019-06-27 00:00:00+00:00,95.2,95.2,0.0,1385.7,,0.0,,,33.34,33.31,32.3677,33.4
2019-06-28 00:00:00+00:00,100.0,100.03,0.0,1456.0,,0.0,,,34.89,34.87,33.35,35.4
2019-07-01 00:00:00+00:00,96.2,96.17,0.0,1399.84,,0.0,,,33.68,33.67,33.05,35.16
2019-07-02 00:00:00+00:00,94.3,94.34,0.0,1373.22,,0.0,,,33.04,33.01,32.5,33.62
2019-07-03 00:00:00+00:00,96.7,96.66,0.0,1406.91,,0.0,,,33.81,33.77,33.0,34.31
2019-07-04 00:00:00+00:00,96.7,96.66,0.0,1406.91,,0.0,,,,,,
2019-07-05 00:00:00+00:00,97.9,97.94,0.0,1425.63,,0.0,,,34.25,34.24,33.22,34.58
2019-07-08 00:00:00+00:00,98.3,98.31,0.0,1431.04,,0.0,,,34.4,34.39,33.93,34.8
2019-07-09 00:00:00+00:00,95.1,95.14,0.0,1384.86,,0.0,,,33.3,33.29,32.7592,34.49
2019-07-10 00:00:00+00:00,94.9,94.91,0.0,1381.54,,0.0,,,33.23,33.22,33.005,34.14
2019-07-11 00:00:00+00:00,95.4,95.4,0.0,1785.0,,0.0,,,33.41,33.39,32.92,33.63
2019-07-12 00:00:00+00:00,97.1,97.06,0.0,1816.01,,0.0,,,33.97,33.96,33.4,34.06
2019-07-15 00:00:00+00:00,94.6,94.57,0.0,1769.49,,0.0,,,33.09,33.04,33.04,34.0402
2019-07-16 00:00:00+00:00,93.8,93.77,0.0,1754.51,,0.0,,,32.8,32.78,32.55,33.28
2019-07-17 00:00:00+00:00,90.5,90.48,0.0,1693.02,,0.0,,,31.66,31.65,31.15,32.6
2019-07-18 00:00:00+00:00,93.9,93.88,0.0,1756.65,,0.0,-0.31,,32.8,32.78,30.94,33.15
2019-07-19 00:00:00+00:00,87.7,87.71,0.0,1641.15,,0.0,-0.31,,30.72,30.69,30.25,33.82
2019-07-22 00:00:00+00:00,86.3,86.34,0.0,1615.48,,0.0,-0.31,,30.26,30.23,30.2,31.7304
2019-07-23 00:00:00+00:00,84.6,84.62,0.0,1583.39,,0.0,-0.31,,29.59,29.58,29.03,30.574
2019-07-24 00:00:00+00:00,93.5,93.46,0.0,1748.63,,0.0,-0.31,,32.69,32.68,29.52,32.85
2019-07-25 00:00:00+00:00,96.5,96.46,0.0,1804.78,,0.0,-0.31,,33.75,33.74,32.31,33.85
2019-07-26 00:00:00+00:00,92.7,92.74,0.0,1735.26,,0.0,-0.31,,32.46,32.42,32.314,33.75
2019-07-29 00:00:00+00:00,97.6,97.63,0.0,1826.71,,0.0,-0.31,,34.16,34.15,32.4,34.2
2019-07-30 00:00:00+00:00,98.4,98.4,0.0,1841.14,,0.0,-0.31,,34.43,34.41,33.69,34.64
2019-07-31 00:00:00+00:00,95.9,95.91,0.0,1794.62,,0.0,-0.31,,33.56,33.55,33.25,35.5
2019-08-01 00:00:00+00:00,96.0,95.97,0.0,1795.69,,0.0,-0.31,,33.61,33.58,33.46,35.09
2019-08-02 00:00:00+00:00,93.1,93.08,0.0,1741.68,,0.0,-0.31,,32.57,32.54,32.34,34.2999
2019-08-05 00:00:00+00:00,92.1,92.05,0.0,1722.43,,0.0,-0.31,,32.21,32.17,31.5,32.62
2019-08-06 00:00:00+00:00,93.2,93.23,0.0,1744.35,,0.0,-0.31,,32.62,32.59,31.79,33.21
2019-08-07 00:00:00+00:00,92.4,92.4,0.0,1728.85,,0.0,-0.31,,32.32,32.31,31.27,32.48
2019-08-08 00:00:00+00:00,97.0,97.03,0.0,1815.48,,0.0,-0.31,,33.96,33.95,32.31,34.03
2019-08-09 00:00:00+00:00,96.5,96.46,0.0,1804.78,,0.0,-0.31,,33.76,33.75,33.5,34.99
2019-08-12 00:00:00+00:00,96.4,96.37,0.0,1803.18,,0.0,-0.31,,33.45,33.61,32.75,33.75
2019-08-13 00:00:00+00:00,94.2,94.23,0.0,1763.07,,0.0,-0.31,,32.99,32.98,32.65,35.2
2019-08-14 00:00:00+00:00,91.0,91.0,0.0,1702.64,,0.0,-0.31,,31.85,31.84,30.57,32.64
2019-08-15 00:00:00+00:00,88.2,88.2,0.0,1650.24,,0.0,-0.29,,30.86,30.82,30.0,32.0066
2019-08-16 00:00:00+00:00,88.4,88.43,0.0,1654.52,,0.0,-0.29,,30.96,30.92,30.63,31.365
2019-08-19 00:00:00+00:00,90.2,90.23,0.0,1688.21,,0.0,-0.29,,31.59,31.58,30.75,31.8
2019-08-20 00:00:00+00:00,91.8,91.8,0.0,1717.62,,0.0,-0.29,,32.12,32.06,31.1,32.19
2019-08-21 00:00:00+00:00,90.0,90.03,0.0,1684.46,,0.0,-0.29,,31.51,31.5,31.01,32.48
2019-08-22 00:00:00+00:00,88.3,88.34,0.0,1652.91,,0.0,-0.29,,30.91,30.86,30.45,31.74
2019-08-23 00:00:00+00:00,85.1,85.11,0.0,1592.49,,0.0,-0.29,,29.78,29.75,29.66,30.72
2019-08-26 00:00:00+00:00,88.6,88.6,0.0,1657.72,,0.0,-0.29,,31.01,31.0,29.91,31.24
2019-08-27 00:00:00+00:00,87.9,87.94,0.0,1645.43,,0.0,-0.29,,30.77,30.73,30.3,32.24
2019-08-28 00:00:00+00:00,86.9,86.88,0.0,1625.64,,0.0,-0.29,,30.4,30.39,30.19,30.85
2019-08-29 00:00:00+00:00,90.6,90.6,0.0,1695.16,,0.0,-0.29,,31.69,31.68,30.47,31.705
2019-08-30 00:00:00+00:00,94.3,94.31,0.0,1764.67,,0.0,-0.29,,33.0,32.99,31.68,33.22
2019-09-02 00:00:00+00:00,94.3,94.31,0.0,1764.67,,0.0,-0.29,,,,,
2019-09-03 00:00:00+00:00,95.1,95.14,0.0,1780.18,,0.0,-0.29,,33.3,33.29,32.5075,34.12
2019-09-04 00:00:00+00:00,98.1,98.09,0.0,1835.26,,0.0,-0.29,,34.35,34.34,33.48,34.75
2019-09-05 00:00:00+00:00,97.2,97.17,0.0,1818.15,,0.0,-0.29,,33.99,33.98,33.58,34.9
2019-09-06 00:00:00+00:00,93.7,93.71,0.0,1753.44,,0.0,-0.29,,32.8,32.79,32.66,34.5
2019-09-09 00:00:00+00:00,95.6,95.57,0.0,1788.2,,0.0,-0.29,,33.43,33.41,32.21,33.74
2019-09-10 00:00:00+00:00,87.0,87.0,0.0,1627.78,,0.0,-0.29,,30.52,30.51,30.21,33.1
2019-09-11 00:00:00+00:00,86.5,86.54,0.0,1619.22,,0.0,-0.29,,30.29,30.28,29.86,30.98
2019-09-12 00:00:00+00:00,84.3,84.34,0.0,1578.05,,0.0,-0.29,,29.54,29.53,29.25,30.9145
2019-09-13 00:00:00+00:00,84.3,84.25,0.0,1576.44,,0.0,-0.29,,29.5,29.48,29.45,29.88
2019-09-16 00:00:00+00:00,87.0,86.97,0.0,1627.24,,0.0,-0.29,,30.41,30.39,29.1879,30.92
2019-09-17 00:00:00+00:00,86.5,86.45,0.0,1617.62,,0.0,-0.29,,30.18,30.17,29.4,31.04
2019-09-18 00:00:00+00:00,81.1,81.14,0.0,1518.16,,0.0,-0.29,,28.45,28.44,27.38,29.4
2019-09-19 00:00:00+00:00,78.4,78.39,0.0,1466.82,,0.0,-0.43,,27.47,27.43,26.85,28.69
2019-09-20 00:00:00+00:00,75.4,75.42,0.0,1411.21,,0.0,-0.43,,26.39,26.38,26.29,27.81
2019-09-23 00:00:00+00:00,78.6,78.59,0.0,1470.56,,0.0,-0.43,,27.51,27.5,27.06,27.99
2019-09-24 00:00:00+00:00,74.4,74.39,0.0,1391.95,,0.0,-0.43,,26.04,26.03,25.92,27.8698
2019-09-25 00:00:00+00:00,77.3,77.31,0.0,1446.5,,0.0,-0.43,,27.07,27.03,26.14,27.11
2019-09-26 00:00:00+00:00,75.1,75.11,0.0,1405.32,,0.0,-0.43,,26.27,26.26,25.9201,26.95
2019-09-27 00:00:00+00:00,74.3,74.34,0.0,1390.88,,0.0,-0.43,,26.03,26.01,25.81,26.5
2019-09-30 00:00:00+00:00,70.2,70.25,0.0,1314.42,,0.0,-0.43,,24.6,24.59,24.52,26.43
2019-10-01 00:00:00+00:00,66.2,66.16,0.0,1237.95,,0.0,-0.43,,23.14,23.13,23.02,25.05
2019-10-02 00:00:00+00:00,68.7,68.73,0.0,1286.07,,0.0,-0.43,,24.09,24.06,22.28,24.27
2019-10-03 00:00:00+00:00,69.8,69.79,0.0,1305.86,,0.0,-0.43,,24.45,24.42,23.65,25.17
2019-10-04 00:00:00+00:00,73.9,73.91,0.0,1382.86,,0.0,-0.43,,25.9,25.87,24.43,25.98
2019-10-07 00:00:00+00:00,76.4,76.36,0.0,1428.85,,0.0,-0.43,,26.7,26.69,25.85,26.95
2019-10-08 00:00:00+00:00,74.9,74.91,0.0,1401.58,,0.0,-0.43,,26.21,26.2,25.77,26.59
2019-10-09 00:00:00+00:00,72.6,72.56,0.0,1357.73,,0.0,-0.43,,25.41,25.39,25.31,26.73
2019-10-10 00:00:00+00:00,72.6,72.56,0.0,1357.73,,0.0,-0.43,,25.4,25.39,25.1,26.12
2019-10-11 00:00:00+00:00,74.4,74.42,0.0,1392.49,,0.0,-0.43,,26.08,26.07,25.29,26.49
2019-10-14 00:00:00+00:00,73.7,73.68,0.0,1378.59,,0.0,-0.43,,25.8,25.79,24.88,26.1616
2019-10-15 00:00:00+00:00,76.6,76.56,0.0,1432.59,,0.0,-0.43,,26.81,26.8,25.65,26.95
2019-10-16 00:00:00+00:00,75.7,75.71,0.0,1416.55,,0.0,-0.43,,26.49,26.48,26.33,27.34
2019-10-17 00:00:00+00:00,76.4,76.42,0.0,1429.92,,0.0,-0.41,,26.77,26.74,26.15,26.94
2019-10-18 00:00:00+00:00,77.3,77.31,0.0,1446.5,,0.0,-0.41,,27.05,27.04,26.48,27.29
2019-10-21 00:00:00+00:00,79.6,79.62,0.0,1489.81,,0.0,-0.41,,27.86,27.85,26.71,28.24
2019-10-22 00:00:00+00:00,80.2,80.19,0.0,1500.51,,0.0,-0.41,,28.09,28.07,27.6076,28.49
2019-10-23 00:00:00+00:00,76.6,76.56,0.0,1432.59,,0.0,-0.41,,26.8,26.79,26.65,28.2103
2019-10-24 00:00:00+00:00,76.4,76.39,0.0,1429.39,,0.0,-0.41,,26.77,26.76,26.65,27.25
2019-10-25 00:00:00+00:00,79.4,79.42,0.0,1486.07,,0.0,-0.41,,27.79,27.75,26.75,28.27
2019-10-28 00:00:00+00:00,77.9,77.88,0.0,1457.19,,0.0,-0.41,,27.28,27.25,26.9,27.6598
2019-10-29 00:00:00+00:00,73.6,73.65,0.0,1378.05,,0.0,-0.41,,25.81,25.79,25.76,27.21
2019-10-30 00:00:00+00:00,72.6,72.56,0.0,1357.73,,0.0,-0.41,,25.4,25.39,24.92,26.01
2019-10-31 00:00:00+00:00,70.5,70.51,0.0,1319.23,,0.0,-0.41,,24.66,24.65,24.48,25.44
2019-11-01 00:00:00+00:00,68.3,68.33,0.0,1278.59,,0.0,-0.41,,23.93,23.9,23.51,24.8759
2019-11-04 00:00:00+00:00,67.9,67.88,0.0,1270.03,,0.0,-0.41,,23.75,23.74,23.64,24.43
2019-11-05 00:00:00+00:00,70.1,70.11,0.0,1311.74,,0.0,-0.41,,24.52,24.5,23.05,24.65
2019-11-06 00:00:00+00:00,67.6,67.56,0.0,1264.15,,0.0,-0.41,,23.68,23.65,23.13,24.6
2019-11-07 00:00:00+00:00,65.6,65.65,0.0,1228.32,,0.0,-0.41,,22.97,22.95,22.77,24.09
2019-11-08 00:00:00+00:00,65.7,65.7,0.0,1229.39,,0.0,-0.41,,22.97,22.96,22.56,23.18
2019-11-11 00:00:00+00:00,65.6,65.59,0.0,1227.25,,0.0,-0.41,,22.94,22.92,22.75,23.64
2019-11-12 00:00:00+00:00,65.8,65.82,0.0,1231.53,,0.0,-0.41,,23.03,23.02,22.56,23.5304
2019-11-13 00:00:00+00:00,68.2,68.16,0.0,1275.38,,0.0,-0.41,,23.84,23.83,22.88,24.0
2019-11-14 00:00:00+00:00,66.9,66.88,0.0,1251.31,,0.0,-0.39,,23.39,23.37,22.76,23.93
2019-11-15 00:00:00+00:00,66.9,66.88,0.0,1251.31,,0.0,-0.39,,23.41,23.39,22.95,23.69
2019-11-18 00:00:00+00:00,63.2,63.25,0.0,1183.4,,0.0,-0.39,,22.13,22.12,21.68,23.3
2019-11-19 00:00:00+00:00,66.1,66.08,0.0,1236.34,,0.0,-0.39,,23.12,23.08,21.96,23.6
2019-11-20 00:00:00+00:00,66.3,66.3,0.0,1240.62,,0.0,-0.39,,23.2,23.16,22.72,23.67
2019-11-21 00:00:00+00:00,64.8,64.82,0.0,1212.81,,0.0,-0.39,,22.66,22.65,22.5,23.29
2019-11-22 00:00:00+00:00,65.4,65.42,0.0,1224.04,,0.0,-0.39,,22.87,22.86,22.341,23.01
2019-11-25 00:00:00+00:00,66.8,66.85,0.0,1250.78,,0.0,-0.39,,23.4,23.39,22.62,23.74
2019-11-26 00:00:00+00:00,68.3,68.31,0.0,1278.05,,0.0,-0.39,,23.91,23.9,23.36,24.18
2019-11-27 00:00:00+00:00,69.7,69.68,0.0,1303.72,,0.0,-0.39,,24.38,24.37,23.64,24.48
2019-11-28 00:00:00+00:00,69.7,69.68,0.0,1303.72,,0.0,-0.39,,,,,
2019-11-29 00:00:00+00:00,70.8,70.76,0.0,1324.04,,0.0,-0.39,,24.79,24.78,24.2015,24.95
2019-12-02 00:00:00+00:00,68.1,68.11,0.0,1274.31,,0.0,-0.39,,23.84,23.83,23.35,24.99
2019-12-03 00:00:00+00:00,69.5,69.48,0.0,1299.98,,0.0,-0.39,,24.31,24.29,22.98,24.51
2019-12-04 00:00:00+00:00,65.4,65.42,0.0,1224.04,,0.0,-0.39,,22.93,22.9,22.67,24.545
2019-12-05 00:00:00+00:00,69.5,69.53,0.0,1301.05,,0.0,-0.39,,24.33,24.32,23.01,24.6399
2019-12-06 00:00:00+00:00,71.3,71.31,0.0,1334.2,,0.0,-0.39,,24.98,24.95,24.12,25.34
2019-12-09 00:00:00+00:00,69.1,69.11,0.0,1293.02,,0.0,-0.39,,24.17,24.16,23.84,25.36
2019-12-10 00:00:00+00:00,72.9,72.88,0.0,1363.61,,0.0,-0.39,,25.55,25.54,23.07,26.07
2019-12-11 00:00:00+00:00,76.8,76.82,0.0,1437.41,,0.0,-0.39,,26.88,26.87,26.06,27.69
2019-12-12 00:00:00+00:00,79.9,79.88,0.0,1494.63,,0.0,-0.39,,27.95,27.94,27.01,28.6773
2019-12-13 00:00:00+00:00,80.8,80.77,0.0,1511.2,,0.0,-0.39,,28.27,28.25,28.1,29.4799
2019-12-16 00:00:00+00:00,80.1,80.11,0.0,1498.9,,0.0,-0.39,,28.07,28.06,27.24,28.49
2019-12-17 00:00:00+00:00,81.7,81.65,0.0,1527.78,,0.0,-0.39,,28.57,28.56,27.64,28.6
2019-12-18 00:00:00+00:00,79.8,79.77,0.0,1492.49,,0.0,-0.39,,27.91,27.9,27.84,28.68
2019-12-19 00:00:00+00:00,81.6,81.62,0.0,1527.25,,0.0,-0.47,,28.56,28.55,27.99,28.79
2019-12-20 00:00:00+00:00,83.1,83.11,0.0,1555.05,,0.0,-0.47,,29.08,29.05,28.53,29.5
2019-12-23 00:00:00+00:00,81.3,81.28,0.0,1520.83,,0.0,-0.47,,28.44,28.43,27.66,29.44
2019-12-24 00:00:00+00:00,82.3,82.34,0.0,1540.61,,0.0,-0.47,,28.8,28.79,28.5,29.01
2019-12-25 00:00:00+00:00,82.3,82.34,0.0,1540.61,,0.0,-0.47,,,,,
2019-12-26 00:00:00+00:00,84.1,84.08,0.0,1573.23,,0.0,-0.47,,29.43,29.42,28.83,29.611
2019-12-27 00:00:00+00:00,81.8,81.82,0.0,1530.99,,0.0,-0.47,,28.64,28.62,28.39,29.6
2019-12-30 00:00:00+00:00,81.4,81.42,0.0,1523.5,,0.0,-0.47,,28.52,28.48,28.33,28.665
2019-12-31 00:00:00+00:00,82.9,82.88,0.0,1550.77,,0.0,-0.47,,29.01,29.0,28.2,29.14
2020-01-01 00:00:00+00:00,82.9,82.88,0.0,1550.77,,0.0,-0.47,,,,,
2020-01-02 00:00:00+00:00,84.7,84.65,0.0,1583.93,,0.0,-0.47,,29.63,29.62,28.95,29.63
2020-01-03 00:00:00+00:00,83.9,83.85,0.0,1568.96,,0.0,-0.47,,29.34,29.33,28.53,29.4
2020-01-06 00:00:00+00:00,83.9,83.94,0.0,1570.56,,0.0,-0.47,,29.39,29.35,28.56,29.8
2020-01-07 00:00:00+00:00,83.5,83.45,0.0,1561.47,,0.0,-0.47,,29.21,29.2,29.125,29.9
2020-01-08 00:00:00+00:00,81.8,81.79,0.0,1530.45,,0.0,-0.47,,28.62,28.6,28.59,29.5
2020-01-09 00:00:00+00:00,84.1,84.11,0.0,1573.77,,0.0,-0.47,,29.48,29.43,29.22,30.62
2020-01-10 00:00:00+00:00,83.5,83.54,0.0,1563.07,,0.0,-0.47,,29.24,29.23,28.51,29.55
2020-01-13 00:00:00+00:00,87.2,87.22,0.0,1632.06,,0.0,-0.47,,30.55,30.52,29.56,30.99
2020-01-14 00:00:00+00:00,89.0,88.97,0.0,1664.68,,0.0,-0.47,,31.14,31.13,30.5601,31.52
2020-01-15 00:00:00+00:00,87.2,87.17,0.0,1630.99,,0.0,-0.47,,30.5,30.49,30.4725,31.97
2020-01-16 00:00:00+00:00,83.7,83.65,0.0,1565.21,,0.0,-0.46,,29.27,29.24,28.88,30.77
2020-01-17 00:00:00+00:00,83.9,83.94,0.0,1570.56,,0.0,-0.46,,29.38,29.37,28.71,30.03
2020-01-20 00:00:00+00:00,83.9,83.94,0.0,1570.56,,0.0,-0.46,,,,,
2020-01-21 00:00:00+00:00,86.1,86.14,0.0,1611.74,,0.0,-0.46,,30.14,30.13,28.97,30.19
2020-01-22 00:00:00+00:00,82.9,82.94,0.0,1551.84,,0.0,-0.46,,29.02,29.01,29.0,30.3
2020-01-23 00:00:00+00:00,80.1,80.11,0.0,1498.9,,0.0,-0.46,,28.05,28.04,27.6,28.97
2020-01-24 00:00:00+00:00,81.4,81.37,0.0,1522.43,,0.0,-0.46,,28.48,28.47,27.91,28.65
2020-01-27 00:00:00+00:00,82.8,82.82,0.0,1549.71,,0.0,-0.46,,28.98,28.97,28.16,29.13
2020-01-28 00:00:00+00:00,83.6,83.62,0.0,1564.68,,0.0,-0.46,,29.26,29.25,28.61,29.4
2020-01-29 00:00:00+00:00,80.7,80.74,0.0,1510.67,,0.0,-0.46,,28.26,28.25,28.2,29.332
2020-01-30 00:00:00+00:00,81.8,81.79,0.0,1530.45,,0.0,-0.46,,28.65,28.64,28.1137,28.9
2020-01-31 00:00:00+00:00,75.8,75.76,0.0,1417.62,,0.0,-0.46,,26.51,26.5,26.06,28.59
2020-02-03 00:00:00+00:00,80.6,80.59,0.0,1507.99,,0.0,-0.46,,28.21,28.2,26.61,28.23
2020-02-04 00:00:00+00:00,78.1,78.14,0.0,1462.01,,0.0,-0.46,,27.37,27.33,27.13,29.38
2020-02-05 00:00:00+00:00,76.9,76.88,0.0,1438.48,,0.0,-0.46,,26.9,26.89,26.83,27.7576
2020-02-06 00:00:00+00:00,79.2,79.19,0.0,1481.79,,0.0,-0.46,,27.71,27.68,26.44,27.8
2020-02-07 00:00:00+00:00,79.7,79.68,0.0,1490.88,,0.0,-0.46,,27.88,27.87,27.28,28.24
2020-02-10 00:00:00+00:00,80.2,80.17,0.0,1499.97,,0.0,-0.46,,28.06,28.05,27.87,28.56
2020-02-11 00:00:00+00:00,79.3,79.25,0.0,1482.86,,0.0,-0.46,,27.74,27.73,27.6,28.55
2020-02-12 00:00:00+00:00,80.3,80.31,0.0,1502.65,,0.0,-0.46,,28.11,28.1,27.28,28.15
2020-02-13 00:00:00+00:00,82.5,82.51,0.0,1543.82,,0.0,-0.46,,28.87,28.85,27.8,29.05
2020-02-14 00:00:00+00:00,82.0,82.02,0.0,1534.73,,0.0,-0.46,,28.65,28.64,28.36,29.0
2020-02-17 00:00:00+00:00,82.0,82.02,0.0,1534.73,,0.0,-0.46,,,,,
2020-02-18 00:00:00+00:00,82.7,82.65,0.0,1546.5,,0.0,-0.46,,28.9,28.88,28.29,29.25
2020-02-19 00:00:00+00:00,83.7,83.74,0.0,1566.82,,0.0,-0.46,,29.3,29.29,28.7481,29.3
2020-02-20 00:00:00+00:00,83.6,83.57,0.0,1563.61,,0.0,-0.48,,29.24,29.22,28.95,29.8
2020-02-21 00:00:00+00:00,86.9,86.88,0.0,1625.64,,0.0,-0.48,,30.4,30.39,29.85,32.37
2020-02-24 00:00:00+00:00,88.1,88.14,0.0,1649.17,,0.0,-0.48,,30.84,30.82,28.8,31.44
2020-02-25 00:00:00+00:00,84.3,84.28,0.0,1576.98,,0.0,-0.48,,29.5,29.49,29.33,31.81
2020-02-26 00:00:00+00:00,87.9,87.85,0.0,1643.82,,0.0,-0.48,,30.75,30.74,29.326,30.93
2020-02-27 00:00:00+00:00,85.9,85.94,0.0,1607.99,,0.0,-0.48,,30.07,30.04,29.5,31.3899
2020-02-28 00:00:00+00:00,84.6,84.6,0.0,1582.86,,0.0,-0.48,,29.61,29.51,28.36,29.9
2020-03-02 00:00:00+00:00,82.7,82.68,0.0,1547.03,,0.0,-0.48,,29.1,29.09,28.25,30.0
2020-03-03 00:00:00+00:00,79.3,79.31,0.0,1483.93,,0.0,-0.48,,27.82,27.81,27.411,29.69
2020-03-04 00:00:00+00:00,79.8,79.82,0.0,1493.56,,0.0,-0.48,,27.93,27.92,27.26,28.29
2020-03-05 00:00:00+00:00,81.5,81.51,0.0,1525.11,,0.0,-0.48,,28.52,28.49,27.21,29.15
2020-03-06 00:00:00+00:00,80.1,80.08,0.0,1498.37,,0.0,-0.48,,28.06,28.05,27.46,28.3168
2020-03-09 00:00:00+00:00,78.0,77.99,0.0,1459.33,,0.0,-0.48,,27.28,27.27,26.0,27.68
2020-03-10 00:00:00+00:00,77.5,77.48,0.0,1449.71,,0.0,-0.48,,27.08,27.06,26.11,27.99
2020-03-11 00:00:00+00:00,72.8,72.76,0.0,1361.47,,0.0,-0.48,,25.47,25.46,24.83,26.89
2020-03-12 00:00:00+00:00,65.1,65.08,0.0,1217.63,,0.0,-0.48,,22.77,22.76,20.62,25.33
2020-03-13 00:00:00+00:00,74.4,74.45,0.0,1393.02,,0.0,-0.48,,26.05,26.04,23.26,26.1
2020-03-16 00:00:00+00:00,69.4,69.36,0.0,1297.84,,0.0,-0.48,,24.27,24.26,22.75,27.1
2020-03-17 00:00:00+00:00,79.8,79.77,0.0,1492.49,,0.0,-0.48,,27.92,27.91,24.6549,28.94
2020-03-18 00:00:00+00:00,88.2,88.17,0.0,1649.7,,0.0,-0.48,,30.86,30.85,26.39,31.73
2020-03-19 00:00:00+00:00,92.7,92.66,0.0,1733.66,,0.0,-0.47,,32.42,32.26,31.33,35.0
2020-03-20 00:00:00+00:00,91.2,91.23,0.0,1706.92,,0.0,-0.47,,31.92,31.88,29.155,33.45
2020-03-23 00:00:00+00:00,91.9,91.85,0.0,1718.69,,0.0,-0.47,,32.14,32.13,30.35,33.4
2020-03-24 00:00:00+00:00,96.2,96.17,0.0,1799.43,,0.0,-0.47,,33.65,33.53,30.02,33.8
2020-03-25 00:00:00+00:00,88.8,88.8,0.0,1661.47,,0.0,-0.47,,31.06,31.05,30.65,34.38
2020-03-26 00:00:00+00:00,96.6,96.63,0.0,2247.64,,0.0,-0.47,,33.82,33.81,30.5,34.35
2020-03-27 00:00:00+00:00,103.3,103.34,0.0,2403.87,,0.0,-0.47,,36.22,36.21,32.55,36.35
2020-03-30 00:00:00+00:00,108.6,108.6,0.0,2526.19,,0.0,-0.47,,38.08,38.07,36.5116,39.63
2020-03-31 00:00:00+00:00,107.1,107.14,0.0,2492.29,,0.0,-0.47,,37.48,37.47,37.07,38.85
2020-04-01 00:00:00+00:00,102.8,102.83,0.0,2391.9,,0.0,-0.47,,35.99,35.98,35.53,37.94
2020-04-02 00:00:00+00:00,100.2,100.2,0.0,2330.74,,0.0,-0.47,,35.28,35.18,34.2,36.98
2020-04-03 00:00:00+00:00,95.4,95.37,0.0,2218.39,,0.0,-0.47,,33.37,33.36,31.78,35.4465
2020-04-06 00:00:00+00:00,94.9,94.94,0.0,2208.42,,0.0,-0.47,,33.2,33.19,33.0,35.48
2020-04-07 00:00:00+00:00,95.2,95.2,0.0,2214.4,,0.0,-0.47,,33.34,33.31,31.81,34.1
2020-04-08 00:00:00+00:00,105.5,105.54,0.0,2455.06,,0.0,-0.47,,36.95,36.94,33.46,38.38
2020-04-09 00:00:00+00:00,121.8,121.78,0.0,2832.66,,0.0,-0.47,,42.63,42.62,37.0,42.69
2020-04-10 00:00:00+00:00,121.8,121.78,0.0,2832.66,,0.0,-0.47,,,,,
2020-04-13 00:00:00+00:00,115.0,115.0,0.0,2675.1,,0.0,-0.47,,40.27,40.26,39.26,42.49
2020-04-14 00:00:00+00:00,118.1,118.09,0.0,2746.9,,0.0,-0.47,,41.32,41.25,41.1963,43.33
2020-04-15 00:00:00+00:00,125.5,125.49,0.0,2919.08,,0.0,-0.47,,43.91,43.9,40.3,44.6989
2020-04-16 00:00:00+00:00,128.4,128.35,0.0,2985.56,,0.0,-0.44,,44.96,44.95,43.3946,47.55
2020-04-17 00:00:00+00:00,125.1,125.12,0.0,2910.44,,0.0,-0.44,,43.84,43.83,41.13,44.35
2020-04-20 00:00:00+00:00,127.8,127.81,0.0,2972.93,,0.0,-0.44,,44.69,44.68,43.25,46.0
2020-04-21 00:00:00+00:00,124.1,124.15,0.0,2887.83,,0.0,-0.44,,43.46,43.45,41.75,44.95
2020-04-22 00:00:00+00:00,128.1,128.09,0.0,2979.57,,0.0,-0.44,,44.91,44.9,42.51,46.25
2020-04-23 00:00:00+00:00,123.9,123.89,0.0,2881.85,,0.0,-0.44,,43.46,43.45,43.2801,45.4398
2020-04-24 00:00:00+00:00,125.9,125.86,0.0,2927.72,,0.0,-0.44,,44.09,44.08,42.91,44.49
2020-04-27 00:00:00+00:00,132.0,131.98,0.0,3069.98,,0.0,-0.44,,46.12,46.11,44.7001,46.79
2020-04-28 00:00:00+00:00,126.2,126.21,0.0,2935.7,,0.0,-0.44,,44.17,44.16,42.94,46.5
2020-04-29 00:00:00+00:00,128.6,128.61,0.0,2991.54,,0.0,-0.44,,45.01,45.0,42.59,45.11
2020-04-30 00:00:00+00:00,123.6,123.58,0.0,2874.54,,0.0,-0.44,,43.27,43.25,42.98,45.06
2020-05-01 00:00:00+00:00,122.6,122.61,0.0,2851.93,,0.0,-0.44,,42.9,42.89,42.02,43.85
2020-05-04 00:00:00+00:00,112.1,112.15,0.0,2608.62,,0.0,-0.44,,39.28,39.27,38.8006,42.72
2020-05-05 00:00:00+00:00,120.3,120.29,0.0,2798.08,,0.0,-0.44,,42.15,42.14,39.7,42.26
2020-05-06 00:00:00+00:00,115.4,115.38,0.0,2683.74,,0.0,-0.44,,40.41,40.4,39.38,41.93
2020-05-07 00:00:00+00:00,112.6,112.6,0.0,2619.26,,0.0,-0.44,,39.4,39.39,39.32,41.35
2020-05-08 00:00:00+00:00,112.6,112.63,0.0,2619.92,,0.0,-0.44,,39.4,39.39,39.19,40.77
2020-05-11 00:00:00+00:00,111.6,111.6,0.0,2595.99,,0.0,-0.44,,39.09,39.08,37.7859,40.04
2020-05-12 00:00:00+00:00,115.3,115.35,0.0,2683.08,,0.0,-0.44,,40.39,40.38,37.65,41.79
2020-05-13 00:00:00+00:00,119.4,119.38,0.0,2776.81,,0.0,-0.44,,41.87,41.86,39.41,42.57
2020-05-14 00:00:00+00:00,118.0,118.01,0.0,2744.9,,0.0,-0.45,,41.36,41.35,40.31,42.445
2020-05-15 00:00:00+00:00,120.3,120.35,0.0,2799.42,,0.0,-0.45,,42.15,42.14,40.53,42.33
2020-05-18 00:00:00+00:00,117.4,117.4,0.0,3459.39,,0.0,-0.45,,41.04,41.03,40.0,43.18
2020-05-19 00:00:00+00:00,114.5,114.46,0.0,3372.66,,0.0,-0.45,,40.03,40.02,40.0,42.22
2020-05-20 00:00:00+00:00,112.7,112.75,0.0,3322.13,,0.0,-0.45,,39.38,39.37,38.15,40.78
2020-05-21 00:00:00+00:00,114.9,114.86,0.0,3384.45,,0.0,-0.45,,40.25,40.23,38.9,40.7
2020-05-22 00:00:00+00:00,122.2,122.18,0.0,3600.03,,0.0,-0.45,,42.71,42.7,40.105,42.8
2020-05-25 00:00:00+00:00,122.2,122.18,0.0,3600.03,,0.0,-0.45,,,,,
2020-05-26 00:00:00+00:00,119.2,119.21,0.0,3512.45,,0.0,-0.45,,41.7,41.68,41.13,43.88
2020-05-27 00:00:00+00:00,114.7,114.69,0.0,3379.39,,0.0,-0.45,,40.13,40.12,36.65,41.09
2020-05-28 00:00:00+00:00,119.4,119.43,0.0,3519.18,,0.0,-0.45,,41.77,41.76,39.46,42.62
2020-05-29 00:00:00+00:00,127.0,127.01,0.0,3742.34,,0.0,-0.45,,44.45,44.41,42.425,44.5
2020-06-01 00:00:00+00:00,128.9,128.87,0.0,3797.08,,0.0,-0.45,,45.09,45.08,44.01,46.0
2020-06-02 00:00:00+00:00,141.2,141.24,0.0,4162.39,,0.0,-0.45,,49.39,49.37,45.11,49.42
2020-06-03 00:00:00+00:00,137.8,137.81,0.0,4061.32,,0.0,-0.45,,48.23,48.21,47.75,49.7
2020-06-04 00:00:00+00:00,140.4,140.35,0.0,4136.28,,0.0,-0.45,,49.11,49.1,48.1332,51.72
2020-06-05 00:00:00+00:00,138.4,138.44,0.0,4079.85,,0.0,-0.45,,48.44,48.43,47.55,50.12
2020-06-08 00:00:00+00:00,139.4,139.38,0.0,4107.64,,0.0,-0.45,,48.77,48.76,48.18,51.07
2020-06-09 00:00:00+00:00,147.2,147.21,0.0,4338.42,,0.0,-0.45,,51.74,51.73,48.13,52.26
2020-06-10 00:00:00+00:00,141.8,141.84,0.0,4180.08,,0.0,-0.45,,49.63,49.6,48.53,52.35
2020-06-11 00:00:00+00:00,140.6,140.55,0.0,4142.18,,0.0,-0.45,,49.19,49.18,47.5,52.45
2020-06-12 00:00:00+00:00,137.6,137.55,0.0,4053.74,,0.0,-0.45,,48.14,48.13,46.12,51.53
2020-06-15 00:00:00+00:00,133.6,133.64,0.0,3938.35,,0.0,-0.45,,46.77,46.76,46.47,48.92
2020-06-16 00:00:00+00:00,134.6,134.58,0.0,3966.15,,0.0,-0.45,,47.12,47.1,45.72,48.14
2020-06-17 00:00:00+00:00,141.6,141.64,0.0,4174.18,,0.0,-0.45,,49.57,49.56,46.76,50.0
2020-06-18 00:00:00+00:00,137.8,137.75,0.0,4059.64,,0.0,-0.34,,48.18,48.17,47.38,49.66
2020-06-19 00:00:00+00:00,143.8,143.76,0.0,4236.51,,0.0,-0.34,,50.3,50.28,47.45,51.11
2020-06-22 00:00:00+00:00,145.5,145.5,0.0,4287.89,,0.0,-0.34,,50.9,50.89,50.39,52.77
2020-06-23 00:00:00+00:00,139.8,139.78,0.0,4119.44,,0.0,-0.34,,48.91,48.9,48.48,51.82
2020-06-24 00:00:00+00:00,142.2,142.15,0.0,4189.35,,0.0,-0.34,,49.75,49.74,48.92,51.08
2020-06-25 00:00:00+00:00,141.3,141.3,0.0,4164.08,,0.0,-0.34,,49.46,49.45,49.0425,50.73
2020-06-26 00:00:00+00:00,134.2,134.15,0.0,3953.52,,0.0,-0.34,,46.89,46.88,46.87,50.33
2020-06-29 00:00:00+00:00,129.0,129.04,0.0,3802.75,,0.0,-0.34,,45.19,45.15,44.845,47.5
2020-06-30 00:00:00+00:00,127.7,127.72,0.0,3764.01,,0.0,-0.34,,44.7,44.69,44.31,46.39
2020-07-01 00:00:00+00:00,132.8,132.78,0.0,3913.09,,0.0,-0.34,,46.47,46.46,44.745,47.3
2020-07-02 00:00:00+00:00,134.6,134.55,0.0,3965.31,,0.0,-0.34,,47.05,47.04,46.21,47.85
2020-07-03 00:00:00+00:00,134.6,134.55,0.0,3965.31,,0.0,-0.34,,,,,
2020-07-06 00:00:00+00:00,134.2,134.24,0.0,3956.04,,0.0,-0.34,,46.96,46.95,46.11,48.54
2020-07-07 00:00:00+00:00,136.6,136.61,0.0,4025.95,,0.0,-0.34,,47.8,47.79,46.6,48.2399
2020-07-08 00:00:00+00:00,142.9,142.87,0.0,4210.4,,0.0,-0.34,,49.99,49.98,48.06,50.04
2020-07-09 00:00:00+00:00,148.4,148.39,0.0,4372.95,,0.0,-0.34,,51.89,51.88,49.5354,51.935
2020-07-10 00:00:00+00:00,138.8,138.75,0.0,4089.12,,0.0,-0.34,,48.56,48.55,47.9027,52.1
2020-07-13 00:00:00+00:00,140.2,140.18,0.0,4131.23,,0.0,-0.34,,49.09,49.03,48.5615,52.54
2020-07-14 00:00:00+00:00,137.2,137.18,0.0,4042.8,,0.0,-0.34,,47.98,47.97,45.6,49.23
2020-07-15 00:00:00+00:00,134.7,134.67,0.0,3968.68,,0.0,-0.34,,47.12,47.11,46.0,47.55
2020-07-16 00:00:00+00:00,137.8,137.81,0.0,4061.32,,0.0,-0.32,,48.29,48.24,46.54,48.59
2020-07-17 00:00:00+00:00,133.8,133.75,0.0,3941.73,,0.0,-0.32,,46.82,46.8,46.75,49.33
2020-07-20 00:00:00+00:00,141.3,141.27,0.0,4163.23,,0.0,-0.32,,49.44,49.43,47.33,49.815
2020-07-21 00:00:00+00:00,139.5,139.5,0.0,4111.02,,0.0,-0.32,,48.81,48.8,47.88,49.68
2020-07-22 00:00:00+00:00,139.2,139.21,0.0,4102.59,,0.0,-0.32,,48.74,48.72,47.75,49.18
2020-07-23 00:00:00+00:00,135.8,135.81,0.0,4002.37,,0.0,-0.32,,47.53,47.52,47.02,49.61
2020-07-24 00:00:00+00:00,131.4,131.35,0.0,3870.98,,0.0,-0.32,,45.96,45.94,45.25,46.78
2020-07-27 00:00:00+00:00,133.6,133.55,0.0,3935.83,,0.0,-0.32,,46.72,46.71,45.8,47.52
2020-07-28 00:00:00+00:00,132.4,132.38,0.0,3901.3,,0.0,-0.32,,46.37,46.36,45.69,47.31
2020-07-29 00:00:00+00:00,136.0,136.01,0.0,4008.26,,0.0,-0.32,,47.63,47.58,45.8,47.84
2020-07-30 00:00:00+00:00,140.1,140.1,0.0,4128.7,,0.0,-0.32,,49.06,49.05,47.05,49.28
2020-07-31 00:00:00+00:00,150.0,150.01,0.0,4420.96,,0.0,-0.32,,52.48,52.45,49.9107,52.5
2020-08-03 00:00:00+00:00,162.4,162.45,0.0,4787.34,,0.0,-0.32,,56.86,56.85,53.4,57.49
2020-08-04 00:00:00+00:00,166.2,166.16,0.0,4896.84,,0.0,-0.32,,58.15,58.14,56.07,59.3
2020-08-05 00:00:00+00:00,168.1,168.11,0.0,4954.11,,0.0,-0.32,,58.81,58.7,57.21,58.88
2020-08-06 00:00:00+00:00,162.2,162.16,0.0,4778.92,,0.0,-0.32,,56.76,56.74,56.54,58.88
2020-08-07 00:00:00+00:00,156.9,156.93,0.0,4624.79,,0.0,-0.32,,54.93,54.91,53.51,56.73
2020-08-10 00:00:00+00:00,152.6,152.61,0.0,4497.61,,0.0,-0.32,,53.44,53.42,51.795,56.1
2020-08-11 00:00:00+00:00,144.6,144.64,0.0,4262.62,,0.0,-0.32,,50.63,50.61,50.22,52.96
2020-08-12 00:00:00+00:00,151.9,151.9,0.0,4476.55,,0.0,-0.32,,53.19,53.18,50.65,53.61
2020-08-13 00:00:00+00:00,156.1,156.1,0.0,4600.36,,0.0,-0.32,,54.67,54.66,53.0601,55.32
2020-08-14 00:00:00+00:00,153.7,153.73,0.0,4530.46,,0.0,-0.32,,53.82,53.8,52.67,54.97
2020-08-17 00:00:00+00:00,159.0,158.99,0.0,4685.43,,0.0,-0.32,,55.64,55.56,53.9,55.9
2020-08-18 00:00:00+00:00,163.2,163.25,0.0,4810.93,,0.0,-0.32,,57.12,57.1,55.63,57.6
2020-08-19 00:00:00+00:00,160.7,160.67,0.0,4735.12,,0.0,-0.32,,56.24,56.22,55.85,57.53
2020-08-20 00:00:00+00:00,163.5,163.5,0.0,4818.51,,0.0,-0.3,,57.24,57.16,56.0,57.655
2020-08-21 00:00:00+00:00,162.8,162.82,0.0,4798.29,,0.0,-0.3,,57.0,56.98,55.2,57.1
2020-08-24 00:00:00+00:00,163.1,163.08,0.0,4805.87,,0.0,-0.3,,57.06,57.05,55.31,58.46
2020-08-25 00:00:00+00:00,161.9,161.93,0.0,4772.18,,0.0,-0.3,,56.68,56.67,55.51,57.65
2020-08-26 00:00:00+00:00,166.6,166.56,0.0,4908.63,,0.0,-0.3,,58.34,58.32,56.87,59.42
2020-08-27 00:00:00+00:00,162.6,162.56,0.0,4790.71,,0.0,-0.3,,56.88,56.87,56.15,58.3184
2020-08-28 00:00:00+00:00,170.7,170.71,0.0,5030.75,,0.0,-0.3,,59.74,59.73,56.81,60.98
2020-08-31 00:00:00+00:00,174.5,174.54,0.0,5143.61,,0.0,-0.3,,61.05,61.04,58.8,61.84
2020-09-01 00:00:00+00:00,198.4,198.43,0.0,5847.73,,0.0,-0.3,,69.46,69.43,61.87,70.35
2020-09-02 00:00:00+00:00,200.3,200.34,0.0,5904.16,,0.0,-0.3,,70.1,70.09,68.6572,74.84
2020-09-03 00:00:00+00:00,177.0,177.02,0.0,5530.71,,0.0,-0.3,,61.94,61.93,60.66,69.53
2020-09-04 00:00:00+00:00,174.8,174.85,0.0,5462.86,,0.0,-0.3,,61.07,61.06,56.15,64.55
2020-09-07 00:00:00+00:00,174.8,174.85,0.0,5462.86,,0.0,-0.3,,,,,
2020-09-08 00:00:00+00:00,173.8,173.76,0.0,5428.92,,0.0,-0.3,,60.82,60.8,59.45,63.3
2020-09-09 00:00:00+00:00,175.8,175.76,0.0,5491.43,,0.0,-0.3,,61.62,61.61,61.21,65.3
2020-09-10 00:00:00+00:00,170.6,170.59,0.0,5329.81,,0.0,-0.3,,59.76,59.75,59.62,63.6802
2020-09-11 00:00:00+00:00,153.8,153.79,0.0,4804.77,,0.0,-0.3,,53.82,53.8,53.57,61.25
2020-09-14 00:00:00+00:00,151.5,151.47,0.0,4732.45,,0.0,-0.3,,52.99,52.98,52.4,55.09
2020-09-15 00:00:00+00:00,154.6,154.64,0.0,4831.56,,0.0,-0.3,,54.16,54.12,52.77,54.6
2020-09-16 00:00:00+00:00,160.5,160.5,0.0,5297.42,,0.0,-0.3,,56.09,56.08,54.15,57.0
2020-09-17 00:00:00+00:00,155.5,155.53,0.0,5133.29,,0.0,-0.27,,54.44,54.43,52.8588,54.84
2020-09-18 00:00:00+00:00,151.5,151.47,0.0,4999.34,,0.0,-0.27,,52.98,52.96,51.25,54.85
2020-09-21 00:00:00+00:00,152.1,152.1,0.0,5020.1,,0.0,-0.27,,53.32,53.3,52.05,53.78
2020-09-22 00:00:00+00:00,155.7,155.7,0.0,5138.95,,0.0,-0.27,,54.58,54.48,52.76,54.73
2020-09-23 00:00:00+00:00,157.2,157.16,0.0,5187.06,,0.0,-0.27,,55.0,54.99,54.11,57.03
2020-09-24 00:00:00+00:00,157.1,157.07,0.0,5184.23,,0.0,-0.27,,55.0,54.98,53.05,55.86
2020-09-25 00:00:00+00:00,160.0,160.05,0.0,5282.32,,0.0,-0.27,,56.13,55.99,55.06,56.77
2020-09-28 00:00:00+00:00,161.1,161.1,0.0,5317.23,,0.0,-0.27,,56.37,56.36,54.76,57.3032
2020-09-29 00:00:00+00:00,157.1,157.1,0.0,5185.17,,0.0,-0.27,,54.98,54.97,54.9,57.16
2020-09-30 00:00:00+00:00,156.7,156.7,0.0,5171.96,,0.0,-0.27,,54.87,54.83,54.55,56.1
2020-10-01 00:00:00+00:00,168.4,168.42,0.0,5558.71,,0.0,-0.27,,58.92,58.91,55.3,59.17
2020-10-02 00:00:00+00:00,161.6,161.62,0.0,5334.21,,0.0,-0.27,,56.56,56.55,55.61,58.47
2020-10-05 00:00:00+00:00,164.4,164.39,0.0,5425.7,,0.0,-0.27,,57.51,57.5,56.01,57.74
2020-10-06 00:00:00+00:00,160.5,160.5,0.0,5297.42,,0.0,-0.27,,56.23,56.18,55.94,58.85
2020-10-07 00:00:00+00:00,163.0,163.02,0.0,5380.43,,0.0,-0.27,,57.05,57.04,56.43,58.14
2020-10-08 00:00:00+00:00,167.7,167.68,0.0,5534.18,,0.0,-0.27,,58.67,58.65,57.12,59.45
2020-10-09 00:00:00+00:00,176.0,175.99,0.0,5808.68,,0.0,-0.27,,61.57,61.54,58.85,61.85
2020-10-12 00:00:00+00:00,184.2,184.2,0.0,6079.39,,0.0,-0.27,,64.47,64.46,61.75,64.95
2020-10-13 00:00:00+00:00,191.1,191.08,0.0,6306.72,,0.0,-0.27,,66.85,66.77,63.83,67.03
2020-10-14 00:00:00+00:00,183.3,183.25,0.0,6048.27,,0.0,-0.27,,64.24,64.12,63.73,68.36
2020-10-15 00:00:00+00:00,185.4,185.42,0.0,6119.95,,0.0,-0.24,,64.9,64.89,62.5,65.72
2020-10-16 00:00:00+00:00,192.2,192.17,0.0,6342.56,,0.0,-0.24,,67.24,67.23,66.18,69.8171
2020-10-19 00:00:00+00:00,196.9,196.88,0.0,6498.2,,0.0,-0.24,,68.96,68.89,67.28,70.72
2020-10-20 00:00:00+00:00,194.7,194.66,0.0,6424.63,,0.0,-0.24,,68.21,68.12,67.73,69.9
2020-10-21 00:00:00+00:00,184.8,184.82,0.0,6100.14,,0.0,-0.24,,64.73,64.67,64.13,69.8
2020-10-22 00:00:00+00:00,181.8,181.82,0.0,6001.1,,0.0,-0.24,,63.67,63.66,63.1,65.72
2020-10-23 00:00:00+00:00,181.9,181.85,0.0,6002.04,,0.0,-0.24,,63.75,63.64,62.04,64.47
2020-10-26 00:00:00+00:00,181.5,181.45,0.0,5988.84,,0.0,-0.24,,63.5,63.49,61.68,64.8786
2020-10-27 00:00:00+00:00,193.5,193.54,0.0,6387.84,,0.0,-0.24,,67.72,67.66,64.0129,68.0
2020-10-28 00:00:00+00:00,205.8,205.8,0.0,6792.5,,0.0,-0.24,,72.02,72.01,68.71,72.54
2020-10-29 00:00:00+00:00,193.4,193.4,0.0,6383.13,,0.0,-0.24,,67.7,67.69,67.66,72.5
2020-10-30 00:00:00+00:00,176.1,176.05,0.0,5810.56,,0.0,-0.24,,61.69,61.59,60.61,66.98
2020-11-02 00:00:00+00:00,173.7,173.74,0.0,5734.15,,0.0,-0.24,,60.83,60.66,59.7521,62.56
2020-11-03 00:00:00+00:00,183.6,183.6,0.0,6059.59,,0.0,-0.24,,64.24,64.16,60.4744,65.055
2020-11-04 00:00:00+00:00,191.6,191.6,0.0,6323.7,,0.0,-0.24,,67.11,66.99,65.02,68.45
2020-11-05 00:00:00+00:00,193.2,193.17,0.0,6375.58,,0.0,-0.24,,67.62,67.57,67.25,69.78
2020-11-06 00:00:00+00:00,201.0,200.97,0.0,6633.09,,0.0,-0.24,,70.31,70.3,66.89,70.63
2020-11-09 00:00:00+00:00,177.5,177.45,0.0,5856.78,,0.0,-0.24,,62.09,62.08,60.0,64.76
2020-11-10 00:00:00+00:00,171.2,171.25,0.0,5652.09,,0.0,-0.24,,59.91,59.9,55.81,61.97
2020-11-11 00:00:00+00:00,182.8,182.8,0.0,6033.17,,0.0,-0.24,,63.96,63.95,60.86,64.9
2020-11-12 00:00:00+00:00,181.1,181.14,0.0,5978.46,,0.0,-0.24,,63.45,63.38,61.8418,65.2
2020-11-13 00:00:00+00:00,180.0,180.02,0.0,5941.67,,0.0,-0.24,,62.99,62.86,62.22,64.7829
2020-11-16 00:00:00+00:00,183.9,183.85,0.0,6068.07,,0.0,-0.24,,64.33,64.29,61.0017,65.1
2020-11-17 00:00:00+00:00,184.0,184.0,0.0,6072.79,,0.0,-0.24,,64.43,64.38,63.18,64.92
2020-11-18 00:00:00+00:00,189.8,189.77,0.0,6263.33,,0.0,-0.24,,66.47,66.46,64.1,66.98
2020-11-19 00:00:00+00:00,190.7,190.68,0.0,6293.52,,0.0,-0.21,,66.72,66.68,65.91,68.5
2020-11-20 00:00:00+00:00,196.4,196.37,0.0,6481.23,,0.0,-0.21,,68.7,68.66,66.65,69.72
2020-11-23 00:00:00+00:00,198.0,197.97,0.0,6534.05,,0.0,-0.21,,69.34,69.27,67.16,69.9
2020-11-24 00:00:00+00:00,192.2,192.2,0.0,6343.51,,0.0,-0.21,,67.39,67.31,66.77,69.04
2020-11-25 00:00:00+00:00,198.2,198.17,0.0,6540.65,,0.0,-0.21,,69.4,69.34,67.1462,69.72
2020-11-26 00:00:00+00:00,198.2,198.17,0.0,6540.65,,0.0,-0.21,,,,,
2020-11-27 00:00:00+00:00,212.2,212.2,0.0,7003.8,,0.0,-0.21,,74.24,74.1,69.75,74.47
2020-11-30 00:00:00+00:00,221.7,221.72,0.0,7317.91,,0.0,-0.21,,77.74,77.57,72.6,77.95
2020-12-01 00:00:00+00:00,215.3,215.32,0.0,7180.52,,0.0,-0.21,,75.4,75.34,74.31,78.4965
2020-12-02 00:00:00+00:00,203.6,203.57,0.0,6788.81,,0.0,-0.21,,71.23,71.22,70.51,74.25
2020-12-03 00:00:00+00:00,207.7,207.72,0.0,6927.0,,0.0,-0.21,,72.68,72.64,70.92,73.54
2020-12-04 00:00:00+00:00,214.2,214.18,0.0,7142.4,,0.0,-0.21,,74.9,74.89,72.53,75.1532
2020-12-07 00:00:00+00:00,213.7,213.72,0.0,7127.15,,0.0,-0.21,,74.77,74.75,74.16,77.8309
2020-12-08 00:00:00+00:00,226.2,226.21,0.0,7543.65,,0.0,-0.21,,79.15,79.14,74.8,79.78
2020-12-09 00:00:00+00:00,216.0,215.98,0.0,7202.45,,0.0,-0.21,,75.64,75.57,74.35,82.49
2020-12-10 00:00:00+00:00,223.1,223.12,0.0,7440.72,,0.0,-0.21,,78.07,78.06,75.6,79.35
2020-12-11 00:00:00+00:00,243.2,243.24,0.0,8111.69,,0.0,-0.21,,85.11,85.1,78.76,85.36
2020-12-14 00:00:00+00:00,236.7,236.67,0.0,7892.48,,0.0,-0.21,,82.79,82.74,82.06,85.95
2020-12-15 00:00:00+00:00,260.4,260.45,0.0,8685.44,,0.0,-0.21,,91.2,91.17,82.7,91.37
2020-12-16 00:00:00+00:00,269.0,268.99,0.0,8970.41,,0.0,-0.21,,94.17,94.12,90.56,94.56
2020-12-17 00:00:00+00:00,286.3,286.31,0.0,9547.98,,0.0,-0.11,,100.16,100.11,96.06,101.04
2020-12-18 00:00:00+00:00,286.2,286.17,0.0,9543.22,,0.0,-0.11,,100.21,100.02,98.6,102.71
2020-12-21 00:00:00+00:00,307.2,307.2,0.0,10244.69,,0.0,-0.11,,107.47,107.41,100.1613,109.04
2020-12-22 00:00:00+00:00,304.9,304.92,0.0,10168.44,,0.0,-0.11,,106.82,106.66,102.59,109.73
2020-12-23 00:00:00+00:00,291.7,291.74,0.0,9729.07,,0.0,-0.11,,102.1,102.08,100.82,107.1579
2020-12-24 00:00:00+00:00,297.3,297.26,0.0,9913.02,,0.0,-0.11,,104.15,104.01,102.66,106.5
2020-12-25 00:00:00+00:00,297.3,297.26,0.0,9913.02,,0.0,-0.11,,,,,
2020-12-28 00:00:00+00:00,264.7,264.68,0.0,8826.5,,0.0,-0.11,,92.69,92.6,92.39,105.0
2020-12-29 00:00:00+00:00,259.8,259.85,0.0,8665.43,,0.0,-0.11,,90.91,90.9,89.52,95.99
2020-12-30 00:00:00+00:00,263.9,263.9,0.0,8800.77,,0.0,-0.11,,92.35,92.34,90.39,94.54
2020-12-31 00:00:00+00:00,256.9,256.9,0.0,8567.26,,0.0,-0.11,,89.91,89.9,88.23,92.4
2021-01-01 00:00:00+00:00,256.9,256.9,0.0,8567.26,,0.0,-0.11,,,,,
2021-01-04 00:00:00+00:00,254.1,254.07,0.0,8472.9,,0.0,-0.11,,88.92,88.85,86.5,91.44
2021-01-05 00:00:00+00:00,272.3,272.33,0.0,9081.93,,0.0,-0.11,,95.4,95.3,88.005,95.4
2021-01-06 00:00:00+00:00,268.7,268.71,0.0,8960.88,,0.0,-0.11,,94.2,94.02,90.5828,96.2056
2021-01-07 00:00:00+00:00,280.0,280.02,0.0,9338.3,,0.0,-0.11,,97.98,97.96,94.92,99.38
2021-01-08 00:00:00+00:00,276.9,276.85,0.0,9232.51,,0.0,-0.11,,96.86,96.68,95.83,100.5
2021-01-11 00:00:00+00:00,277.7,277.65,0.0,9259.2,,0.0,-0.11,,97.17,97.15,93.78,98.735
2021-01-12 00:00:00+00:00,297.7,297.66,0.0,9926.36,,0.0,-0.11,,104.24,104.15,97.72,104.55
2021-01-13 00:00:00+00:00,321.4,321.41,0.0,10718.37,,0.0,-0.11,,112.45,112.35,105.01,114.24
2021-01-14 00:00:00+00:00,327.6,327.61,0.0,10925.19,,0.0,-0.1,,114.61,114.54,110.37,115.2735
2021-01-15 00:00:00+00:00,309.0,308.97,0.0,10303.78,,0.0,-0.1,,108.11,108.05,107.33,113.77
2021-01-18 00:00:00+00:00,309.0,308.97,0.0,10303.78,,0.0,-0.1,,,,,
2021-01-19 00:00:00+00:00,306.7,306.72,0.0,10228.48,,0.0,-0.1,,107.31,107.3,104.0,108.94
2021-01-20 00:00:00+00:00,298.3,298.34,0.0,9949.23,,0.0,-0.1,,104.48,104.39,103.79,110.7
2021-01-21 00:00:00+00:00,300.4,300.37,0.0,10016.9,,0.0,-0.1,,105.09,105.01,103.34,107.34
2021-01-22 00:00:00+00:00,300.3,300.31,0.0,10015.0,,0.0,-0.1,,105.07,105.02,101.6027,106.75
2021-01-25 00:00:00+00:00,292.9,292.91,0.0,9768.15,,0.0,-0.1,,102.49,102.35,102.34,111.51
2021-01-26 00:00:00+00:00,292.3,292.34,0.0,9749.08,,0.0,-0.1,,102.43,102.42,101.6,105.48
2021-01-27 00:00:00+00:00,297.2,297.2,0.0,9911.11,,0.0,-0.1,,104.0,103.99,97.8,112.53
2021-01-28 00:00:00+00:00,297.1,297.08,0.0,9907.3,,0.0,-0.1,,103.95,103.94,100.48,107.04
2021-01-29 00:00:00+00:00,291.0,291.0,0.0,9704.29,,0.0,-0.1,,101.99,101.98,98.66,106.29
2021-02-01 00:00:00+00:00,289.9,289.91,0.0,9668.07,,0.0,-0.1,,101.44,101.43,99.2,104.953
2021-02-02 00:00:00+00:00,290.8,290.83,0.0,9698.57,,0.0,-0.1,,101.76,101.75,98.0,104.2
2021-02-03 00:00:00+00:00,296.4,296.4,0.0,9884.42,,0.0,-0.1,,103.71,103.69,100.3,107.3899
2021-02-04 00:00:00+00:00,305.3,305.32,0.0,10181.79,,0.0,-0.1,,106.91,106.84,103.12,107.7973
2021-02-05 00:00:00+00:00,316.4,316.38,0.0,10550.63,,0.0,-0.1,,110.77,110.69,105.83,110.84
2021-02-08 00:00:00+00:00,308.0,307.97,0.0,10270.42,,0.0,-0.1,,107.79,107.67,107.5,112.53
2021-02-09 00:00:00+00:00,313.7,313.66,0.0,10460.08,,0.0,-0.1,,109.94,109.93,107.72,111.11
2021-02-10 00:00:00+00:00,306.1,306.06,0.0,10206.56,,0.0,-0.1,,107.25,107.09,105.76,111.65
2021-02-11 00:00:00+00:00,311.3,311.35,0.0,10382.88,,0.0,-0.1,,108.9,108.89,107.13,111.03
2021-02-12 00:00:00+00:00,339.2,339.21,0.0,11312.14,,0.0,-0.1,,118.71,118.65,108.61,119.63
2021-02-15 00:00:00+00:00,339.2,339.21,0.0,11312.14,,0.0,-0.1,,,,,
2021-02-16 00:00:00+00:00,327.9,327.92,0.0,10935.67,,0.0,-0.1,,114.85,114.8,112.8,120.0
2021-02-17 00:00:00+00:00,315.8,315.78,0.0,10530.61,,0.0,-0.1,,110.51,110.46,107.03,114.84
2021-02-18 00:00:00+00:00,315.2,315.2,0.0,10511.55,,0.0,-0.08,,110.26,110.1,107.6,111.3255
2021-02-19 00:00:00+00:00,325.7,325.66,0.0,10860.38,,0.0,-0.08,,114.07,113.95,111.5452,116.35
2021-02-22 00:00:00+00:00,310.6,310.6,0.0,10358.11,,0.0,-0.08,,108.68,108.56,107.42,112.28
2021-02-23 00:00:00+00:00,313.7,313.75,0.0,10462.94,,0.0,-0.08,,109.78,109.77,95.35,109.82
2021-02-24 00:00:00+00:00,300.7,300.74,0.0,10029.29,,0.0,-0.08,,105.22,105.19,102.86,109.78
2021-02-25 00:00:00+00:00,290.2,290.23,0.0,9678.56,,0.0,-0.08,,101.64,101.56,100.51,109.36
2021-02-26 00:00:00+00:00,290.3,290.25,0.0,9679.51,,0.0,-0.08,,101.55,101.54,98.56,104.274
2021-03-01 00:00:00+00:00,299.5,299.51,0.0,9988.31,,0.0,-0.08,,104.79,104.73,101.5,105.15
2021-03-02 00:00:00+00:00,282.5,282.54,0.0,9422.18,,0.0,-0.08,,98.89,98.87,98.09,105.98
2021-03-03 00:00:00+00:00,261.7,261.7,0.0,8727.38,,0.0,-0.08,,91.57,91.56,88.9048,99.48
2021-03-04 00:00:00+00:00,250.5,250.5,0.0,8353.77,,0.0,-0.08,,87.55,87.54,85.0,92.8699
2021-03-05 00:00:00+00:00,236.8,236.84,0.0,7898.2,,0.0,-0.08,,82.89,82.86,75.14,88.35
2021-03-08 00:00:00+00:00,218.1,218.15,0.0,7274.88,,0.0,-0.08,,76.32,76.26,76.0,84.71
2021-03-09 00:00:00+00:00,229.9,229.87,0.0,7665.64,,0.0,-0.08,,80.43,80.42,77.92,81.9
2021-03-10 00:00:00+00:00,230.3,230.32,0.0,7680.89,,0.0,-0.08,,80.65,80.61,78.87,83.0
2021-03-11 00:00:00+00:00,249.4,249.41,0.0,8317.55,,0.0,-0.08,,87.23,87.21,81.8,87.6
2021-03-12 00:00:00+00:00,244.6,244.64,0.0,8158.39,,0.0,-0.08,,85.6,85.57,82.01,85.95
2021-03-15 00:00:00+00:00,247.4,247.36,0.0,8248.93,,0.0,-0.08,,86.64,86.63,83.985,86.66
2021-03-16 00:00:00+00:00,235.2,235.18,0.0,7842.92,,0.0,-0.08,,82.16,82.15,80.91,88.1
2021-03-17 00:00:00+00:00,233.0,232.98,0.0,7769.53,,0.0,-0.08,,81.58,81.52,79.59,83.2
2021-03-18 00:00:00+00:00,221.5,221.52,0.0,7387.34,,0.0,-0.05,,77.57,77.56,76.9387,81.64
2021-03-19 00:00:00+00:00,235.9,235.87,0.0,7865.79,,0.0,-0.05,,82.43,82.42,78.35,82.56
2021-03-22 00:00:00+00:00,245.4,245.44,0.0,8185.07,,0.0,-0.05,,85.82,85.75,83.408,86.99
2021-03-23 00:00:00+00:00,242.0,242.04,0.0,8293.16,,0.0,-0.05,,84.67,84.66,83.95,87.72
2021-03-24 00:00:00+00:00,225.8,225.78,0.0,7735.98,,0.0,-0.05,,78.84,78.83,78.46,84.25
2021-03-25 00:00:00+00:00,225.9,225.89,0.0,7739.89,,0.0,-0.05,,78.99,78.98,76.238,80.64
2021-03-26 00:00:00+00:00,224.8,224.81,0.0,7702.68,,0.0,-0.05,,78.6,78.57,76.6334,80.84
2021-03-29 00:00:00+00:00,225.4,225.35,0.0,7721.29,,0.0,-0.05,,78.86,78.85,76.7587,80.4187
2021-03-30 00:00:00+00:00,229.7,229.72,0.0,7871.11,,0.0,-0.05,,80.39,80.38,76.6,81.67
2021-03-31 00:00:00+00:00,242.1,242.1,0.0,8295.12,,0.0,-0.05,,84.8,84.79,84.71,92.52
2021-04-01 00:00:00+00:00,236.4,236.38,0.0,8099.27,,0.0,-0.05,,82.71,82.7,81.65,87.27
2021-04-02 00:00:00+00:00,236.4,236.38,0.0,8099.27,,0.0,-0.05,,,,,
2021-04-05 00:00:00+00:00,231.1,231.07,0.0,7917.14,,0.0,-0.05,,80.85,80.84,78.86,83.4171
2021-04-06 00:00:00+00:00,235.9,235.92,0.0,8083.61,,0.0,-0.05,,82.54,82.51,80.96,83.49
2021-04-07 00:00:00+00:00,233.9,233.92,0.0,8015.06,,0.0,-0.05,,81.89,81.82,81.06,83.12
2021-04-08 00:00:00+00:00,233.8,233.84,0.0,8012.13,,0.0,-0.05,,81.93,81.87,80.71,83.2
2021-04-09 00:00:00+00:00,240.4,240.35,0.0,8235.39,,0.0,-0.05,,84.1,84.09,80.48,84.92
2021-04-12 00:00:00+00:00,240.2,240.18,0.0,8229.51,,0.0,-0.05,,84.04,84.01,82.55,86.29
2021-04-13 00:00:00+00:00,249.7,249.73,0.0,8556.58,,0.0,-0.05,,87.38,87.29,82.57,87.73
2021-04-14 00:00:00+00:00,244.5,244.53,0.0,8378.36,,0.0,-0.05,,85.55,85.51,84.62,87.85
2021-04-15 00:00:00+00:00,247.5,247.5,0.0,8480.2,,0.0,0.08,1104.0,86.7,86.61,85.4189,87.83
2021-04-16 00:00:00+00:00,240.5,240.5,0.0,8240.29,,0.0,0.08,1104.0,84.16,84.15,82.55,86.95
2021-04-19 00:00:00+00:00,225.7,225.72,0.0,7734.02,,0.0,0.08,1104.0,79.15,79.1,78.93,84.24
2021-04-20 00:00:00+00:00,220.1,220.06,0.0,7540.13,,0.0,0.08,1104.0,77.08,77.07,76.1,80.3
2021-04-21 00:00:00+00:00,229.3,229.32,0.0,7857.4,,0.0,0.08,1104.0,80.3,80.28,76.05,80.35
2021-04-22 00:00:00+00:00,227.5,227.49,0.0,7794.73,,0.0,0.08,1104.0,79.63,79.61,79.57,82.55
2021-04-23 00:00:00+00:00,230.3,230.32,0.0,7891.68,,0.0,0.08,1104.0,80.55,80.54,78.47,80.71
2021-04-26 00:00:00+00:00,236.1,236.12,0.0,8090.46,,0.0,0.08,1104.0,82.68,82.63,79.88,82.79
2021-04-27 00:00:00+00:00,236.3,236.3,0.0,8096.34,,0.0,0.08,1104.0,82.75,82.66,82.5,84.3598
2021-04-28 00:00:00+00:00,234.0,234.04,0.0,8018.98,,0.0,0.08,1104.0,82.04,81.92,80.88,83.0616
2021-04-29 00:00:00+00:00,232.8,232.78,0.0,7975.89,,0.0,0.08,1104.0,81.53,81.45,79.91,82.2157
2021-04-30 00:00:00+00:00,227.8,227.84,0.0,7806.48,,0.0,0.08,1104.0,79.7,79.69,79.37,81.96
2021-05-03 00:00:00+00:00,230.5,230.49,0.0,7897.55,,0.0,0.08,1104.0,80.84,80.73,79.26,81.43
2021-05-04 00:00:00+00:00,221.0,221.03,0.0,7573.42,,0.0,0.08,1104.0,77.34,77.33,75.7,79.9
2021-05-05 00:00:00+00:00,212.7,212.72,0.0,7288.46,,0.0,0.08,1104.0,74.4,74.39,74.08,78.96
2021-05-06 00:00:00+00:00,204.4,204.37,0.0,7002.53,,0.0,0.08,1104.0,71.58,71.55,70.12,73.75
2021-05-07 00:00:00+00:00,202.9,202.92,0.0,6952.59,,0.0,0.08,1104.0,71.07,71.01,70.17,74.4
2021-05-10 00:00:00+00:00,193.9,193.86,0.0,6642.17,,0.0,0.08,1104.0,67.87,67.86,67.41,70.46
2021-05-11 00:00:00+00:00,204.1,204.12,0.0,6993.71,,0.0,0.08,1104.0,71.47,71.32,65.75,71.78
2021-05-12 00:00:00+00:00,194.3,194.34,0.0,6658.82,,0.0,0.08,1104.0,68.06,68.05,67.22,70.46
2021-05-13 00:00:00+00:00,187.7,187.71,0.0,6431.63,,0.0,0.08,1104.0,65.68,65.67,64.08,68.68
2021-05-14 00:00:00+00:00,193.6,193.63,0.0,6634.34,,0.0,0.08,1104.0,67.77,67.76,65.83,68.98
2021-05-17 00:00:00+00:00,200.7,200.66,0.0,6875.23,,0.0,0.08,1104.0,70.21,70.2,67.09,70.4
2021-05-18 00:00:00+00:00,201.3,201.26,0.0,7338.28,,0.0,0.08,1104.0,70.31,70.3,70.12,72.41
2021-05-19 00:00:00+00:00,201.7,201.74,0.0,7355.99,,0.0,0.08,1104.0,70.59,70.51,68.05,71.22
2021-05-20 00:00:00+00:00,198.9,198.91,0.0,7252.83,,0.0,0.13,557.29,69.6,69.59,69.59,71.59
2021-05-21 00:00:00+00:00,193.7,193.66,0.0,7061.09,,0.0,0.13,557.29,67.81,67.77,67.68,70.0403
2021-05-24 00:00:00+00:00,204.9,204.94,0.0,7472.7,,0.0,0.13,557.29,71.75,71.71,67.9,72.78
2021-05-25 00:00:00+00:00,208.4,208.43,0.0,7599.84,,0.0,0.13,557.29,72.93,72.91,72.09,73.85
2021-05-26 00:00:00+00:00,211.4,211.37,0.0,7707.17,,0.0,0.13,557.29,73.97,73.96,73.4,76.1
2021-05-27 00:00:00+00:00,215.1,215.15,0.0,7844.72,,0.0,0.13,557.29,75.37,75.29,73.07,75.75
2021-05-28 00:00:00+00:00,210.4,210.4,0.0,7671.74,,0.0,0.13,557.29,73.61,73.6,73.3,75.86
2021-05-31 00:00:00+00:00,210.4,210.4,0.0,7671.74,,0.0,0.13,557.29,,,,
2021-06-01 00:00:00+00:00,210.1,210.15,0.0,7662.36,,0.0,0.13,557.29,73.58,73.54,73.07,74.86
2021-06-02 00:00:00+00:00,221.5,221.55,0.0,8078.15,,0.0,0.13,557.29,77.59,77.48,72.4614,78.0
2021-06-03 00:00:00+00:00,214.7,214.72,0.0,7830.71,,0.0,0.13,557.29,75.11,75.1,73.91,77.37
2021-06-04 00:00:00+00:00,214.9,214.95,0.0,7839.05,,0.0,0.13,557.29,75.26,75.25,75.21,77.2276
2021-06-07 00:00:00+00:00,224.5,224.52,0.0,8188.21,,0.0,0.13,557.29,78.64,78.56,74.99,78.9999
2021-06-08 00:00:00+00:00,227.1,227.12,0.0,8283.06,,0.0,0.13,557.29,79.41,79.4,77.53,79.8683
2021-06-09 00:00:00+00:00,222.3,222.26,0.0,8105.87,,0.0,0.13,557.29,77.77,77.7,77.52,80.98
2021-06-10 00:00:00+00:00,226.8,226.78,0.0,8270.55,,0.0,0.13,557.29,79.39,79.38,77.62,80.348
2021-06-11 00:00:00+00:00,213.6,213.6,0.0,7790.06,,0.0,0.13,557.29,74.72,74.71,74.58,78.51
2021-06-14 00:00:00+00:00,214.5,214.55,0.0,7824.45,,0.0,0.13,557.29,75.07,75.06,73.65,75.55
2021-06-15 00:00:00+00:00,211.2,211.2,0.0,7702.5,,0.0,0.13,557.29,73.9,73.89,73.62,76.125
2021-06-16 00:00:00+00:00,220.6,220.63,0.0,8046.46,,0.0,0.13,557.29,77.25,77.21,73.68,77.28
2021-06-17 00:00:00+00:00,222.0,221.98,0.0,8095.45,,0.0,0.21,360.47,77.73,77.71,76.0778,78.52
2021-06-18 00:00:00+00:00,224.3,224.35,0.0,8181.96,,0.0,0.21,360.47,78.38,78.37,76.97,78.8
2021-06-21 00:00:00+00:00,222.5,222.49,0.0,8114.21,,0.0,0.21,360.47,77.84,77.83,76.68,79.43
2021-06-22 00:00:00+00:00,220.7,220.69,0.0,8048.55,,0.0,0.21,360.47,77.23,77.22,76.35,77.75
2021-06-23 00:00:00+00:00,225.4,225.35,0.0,8218.44,,0.0,0.21,360.47,78.82,78.81,78.04,79.52
2021-06-24 00:00:00+00:00,230.4,230.41,0.0,8402.93,,0.0,0.21,360.47,80.63,80.62,79.06,81.6
2021-06-25 00:00:00+00:00,229.6,229.64,0.0,8374.78,,0.0,0.21,360.47,80.36,80.35,79.77,82.03
2021-06-28 00:00:00+00:00,237.2,237.21,0.0,8650.99,,0.0,0.21,360.47,83.0,82.99,80.192,83.85
2021-06-29 00:00:00+00:00,234.0,234.01,0.0,8534.25,,0.0,0.21,360.47,81.93,81.92,81.51,83.94
2021-06-30 00:00:00+00:00,227.8,227.81,0.0,8308.07,,0.0,0.21,360.47,79.88,79.87,79.71,81.6703
2021-07-01 00:00:00+00:00,230.5,230.47,0.0,8405.01,,0.0,0.21,360.47,80.65,80.61,78.55,80.9
2021-07-02 00:00:00+00:00,230.2,230.21,0.0,8395.63,,0.0,0.21,360.47,80.54,80.53,79.4801,81.45
2021-07-05 00:00:00+00:00,230.2,230.21,0.0,8395.63,,0.0,0.21,360.47,,,,
2021-07-06 00:00:00+00:00,241.3,241.27,0.0,8798.99,,0.0,0.21,360.47,84.42,84.41,80.9,84.43
2021-07-07 00:00:00+00:00,239.0,239.04,0.0,8717.7,,0.0,0.21,360.47,83.63,83.53,82.11,85.3285
2021-07-08 00:00:00+00:00,232.2,232.18,0.0,8467.55,,0.0,0.21,360.47,81.26,81.23,76.61,81.7
2021-07-09 00:00:00+00:00,244.6,244.56,0.0,8918.86,,0.0,0.21,360.47,85.61,85.6,80.6501,85.61
2021-07-12 00:00:00+00:00,241.1,241.07,0.0,8791.7,,0.0,0.21,360.47,84.36,84.35,83.385,87.17
2021-07-13 00:00:00+00:00,240.7,240.7,0.0,8778.15,,0.0,0.21,360.47,84.15,84.14,83.261,86.09
2021-07-14 00:00:00+00:00,225.5,225.52,0.0,8224.69,,0.0,0.21,360.47,78.92,78.91,78.84,84.75
2021-07-15 00:00:00+00:00,221.5,221.46,0.0,8076.69,,0.0,0.24,328.79,77.49,77.42,75.91,80.08
2021-07-16 00:00:00+00:00,220.0,220.01,0.0,8023.53,,0.0,0.24,328.79,77.04,76.97,76.31,78.97
2021-07-19 00:00:00+00:00,235.0,235.04,0.0,8571.77,,0.0,0.24,328.79,82.23,82.19,75.13,82.62
2021-07-20 00:00:00+00:00,236.4,236.35,0.0,8619.72,,0.0,0.24,328.79,82.7,82.69,81.03,83.16
2021-07-21 00:00:00+00:00,237.8,237.78,0.0,8671.84,,0.0,0.24,328.79,83.22,83.2,82.34,83.9799
2021-07-22 00:00:00+00:00,242.0,241.98,0.0,8825.05,,0.0,0.24,328.79,84.77,84.66,82.61,84.79
2021-07-23 00:00:00+00:00,247.9,247.9,0.0,9040.8,,0.0,0.24,328.79,86.7,86.68,83.38,87.265
2021-07-26 00:00:00+00:00,246.8,246.78,0.0,9000.15,,0.0,0.24,328.79,86.24,86.23,85.77,90.2399
2021-07-27 00:00:00+00:00,243.9,243.93,0.0,8895.93,,0.0,0.24,328.79,85.37,85.36,82.55,86.47
2021-07-28 00:00:00+00:00,255.6,255.59,0.0,9321.18,,0.0,0.24,328.79,89.46,89.45,85.4801,89.47
2021-07-29 00:00:00+00:00,247.7,247.7,0.0,9033.51,,0.0,0.24,328.79,86.68,86.62,86.56,90.18
2021-07-30 00:00:00+00:00,239.2,239.21,0.0,8723.95,,0.0,0.24,328.79,83.7,83.64,83.42,86.3099
2021-08-02 00:00:00+00:00,244.0,244.01,0.0,8899.05,,0.0,0.24,328.79,85.38,85.33,81.5,86.3
2021-08-03 00:00:00+00:00,247.9,247.93,0.0,9041.85,,0.0,0.24,328.79,86.84,86.83,84.63,87.21
2021-08-04 00:00:00+00:00,257.3,257.33,0.0,9384.76,,0.0,0.24,328.79,90.12,90.05,86.58,90.75
2021-08-05 00:00:00+00:00,262.8,262.76,0.0,9582.79,,0.0,0.24,328.79,91.94,91.93,88.9,92.0
2021-08-06 00:00:00+00:00,255.0,254.99,0.0,9299.29,,0.0,0.24,328.79,89.21,89.08,88.43,92.47
2021-08-09 00:00:00+00:00,260.5,260.47,0.0,9499.41,,0.0,0.24,328.79,91.14,91.01,88.41,91.4799
2021-08-10 00:00:00+00:00,259.3,259.3,0.0,9456.68,,0.0,0.24,328.79,90.73,90.6,89.55,91.91
2021-08-11 00:00:00+00:00,261.0,261.05,0.0,9520.26,,0.0,0.24,328.79,91.37,91.36,90.24,94.32
2021-08-12 00:00:00+00:00,271.7,271.73,0.0,9910.07,,0.0,0.24,328.79,95.07,95.06,91.26,95.28
2021-08-13 00:00:00+00:00,273.5,273.51,0.0,9974.69,,0.0,0.24,328.79,95.7,95.59,94.87,97.74
2021-08-16 00:00:00+00:00,262.3,262.3,0.0,9566.12,,0.0,0.24,328.79,91.98,91.74,90.5201,94.98
2021-08-17 00:00:00+00:00,264.6,264.62,0.0,9650.54,,0.0,0.24,328.79,92.71,92.53,90.67,93.33
2021-08-18 00:00:00+00:00,260.3,260.27,0.0,9492.11,,0.0,0.24,328.79,91.09,91.08,91.07,94.25
2021-08-19 00:00:00+00:00,256.4,256.36,0.0,9349.32,,0.0,0.27,342.58,89.79,89.71,89.355,91.25
2021-08-20 00:00:00+00:00,247.3,247.27,0.0,9017.88,,0.0,0.27,342.58,86.54,86.53,86.26,89.92
2021-08-23 00:00:00+00:00,252.4,252.44,0.0,9206.53,,0.0,0.27,342.58,88.33,88.28,86.6,89.22
2021-08-24 00:00:00+00:00,263.2,263.22,0.0,9599.47,,0.0,0.27,342.58,92.14,92.13,88.53,92.29
2021-08-25 00:00:00+00:00,263.5,263.53,0.0,9827.27,,0.0,0.27,342.58,92.18,92.17,90.7501,92.76
2021-08-26 00:00:00+00:00,255.9,255.93,0.0,9543.78,,0.0,0.27,342.58,89.59,89.58,88.47,92.405
2021-08-27 00:00:00+00:00,251.8,251.81,0.0,9390.31,,0.0,0.27,342.58,88.23,88.19,88.07,91.22
2021-08-30 00:00:00+00:00,257.5,257.5,0.0,9602.4,,0.0,0.27,342.58,90.11,90.07,88.2701,91.35
2021-08-31 00:00:00+00:00,251.8,251.84,0.0,9391.38,,0.0,0.27,342.58,88.22,88.1,87.92,91.12
2021-09-01 00:00:00+00:00,249.9,249.87,0.0,9317.84,,0.0,0.27,342.58,87.56,87.55,86.6,89.0491
2021-09-02 00:00:00+00:00,226.7,226.66,0.0,8452.45,,0.0,0.27,342.58,79.31,79.3,78.5,81.37
2021-09-03 00:00:00+00:00,219.3,219.35,0.0,8179.62,3197.9,0.02,0.27,342.58,76.72,76.71,76.55,79.98
2021-09-06 00:00:00+00:00,219.3,219.35,0.0,8179.62,3197.9,0.02,0.27,342.58,,,,
2021-09-07 00:00:00+00:00,216.7,216.69,0.0,8080.51,3159.2,0.02,0.27,342.58,75.82,75.8,75.1585,77.29
2021-09-08 00:00:00+00:00,217.1,217.06,0.0,8094.36,3164.6,0.02,0.27,342.58,75.98,75.97,73.9,76.3999
2021-09-09 00:00:00+00:00,218.9,218.92,0.0,8163.64,3191.7,0.02,0.27,342.58,76.59,76.58,75.5367,76.89
2021-09-10 00:00:00+00:00,214.3,214.32,0.0,7992.05,3124.6,0.02,0.27,342.58,75.0,74.99,74.68,77.9
2021-09-13 00:00:00+00:00,210.5,210.46,0.0,7848.18,3068.3,0.02,0.27,342.58,73.69,73.66,71.93,74.879
2021-09-14 00:00:00+00:00,206.4,206.4,0.0,7696.84,3009.2,0.02,0.27,342.58,72.14,72.13,71.75,74.15
2021-09-15 00:00:00+00:00,210.5,210.49,0.0,7849.24,3068.8,0.02,0.27,342.58,73.65,73.58,71.71,73.77
2021-09-16 00:00:00+00:00,214.1,214.12,0.0,7984.59,3121.7,0.02,0.23,320.22,74.99,74.98,73.04,75.06
2021-09-17 00:00:00+00:00,216.1,216.12,0.0,8059.19,3150.8,0.02,0.23,320.22,75.63,75.62,74.905,76.3238
2021-09-20 00:00:00+00:00,216.1,216.15,0.0,8060.26,3151.3,0.02,0.23,320.22,75.62,75.56,74.0,75.89
2021-09-21 00:00:00+00:00,214.8,214.78,0.0,8009.1,3131.3,0.02,0.23,320.22,75.06,75.05,74.3,76.47
2021-09-22 00:00:00+00:00,211.0,211.03,0.0,7869.49,3076.7,0.02,0.23,320.22,73.7,73.69,73.56,75.89
2021-09-23 00:00:00+00:00,209.9,209.92,0.0,7827.93,3060.4,0.02,0.23,320.22,73.46,73.45,73.44,75.25
2021-09-24 00:00:00+00:00,199.6,199.57,0.0,7442.13,2909.6,0.02,0.23,320.22,69.84,69.83,68.68,72.8
2021-09-27 00:00:00+00:00,201.5,201.49,0.0,7513.53,2937.5,0.02,0.23,320.22,70.52,70.51,67.89,70.84
2021-09-28 00:00:00+00:00,199.0,199.03,0.0,7421.88,2901.7,0.02,0.23,320.22,69.7,69.65,68.31,71.64
2021-09-29 00:00:00+00:00,193.5,193.51,0.0,7216.18,2821.3,0.02,0.23,320.22,67.77,67.73,67.7,69.87
2021-09-30 00:00:00+00:00,194.7,194.66,0.0,7258.81,2837.9,0.02,0.23,320.22,68.05,67.97,67.58,69.09
2021-10-01 00:00:00+00:00,192.6,192.6,0.0,7182.08,2807.9,0.02,0.23,320.22,67.4,67.39,66.1,68.0
2021-10-04 00:00:00+00:00,183.6,183.57,0.0,6845.3,2676.3,0.02,0.23,320.22,64.25,64.24,63.42,67.26
2021-10-05 00:00:00+00:00,182.8,182.8,0.0,6816.53,2665.0,0.02,0.23,320.22,63.97,63.96,63.63,65.27
2021-10-06 00:00:00+00:00,184.5,184.45,0.0,6878.34,2689.2,0.02,0.23,320.22,64.55,64.54,63.47,65.5137
2021-10-07 00:00:00+00:00,185.2,185.17,0.0,6904.98,2699.6,0.02,0.23,320.22,64.75,64.74,64.65,66.515
2021-10-08 00:00:00+00:00,178.9,178.91,0.0,6671.59,2608.3,0.02,0.23,320.22,62.61,62.6,62.07,65.01
2021-10-11 00:00:00+00:00,175.7,175.65,0.0,6550.09,2560.8,0.02,0.23,320.22,61.48,61.47,61.4,62.65
2021-10-12 00:00:00+00:00,179.7,179.68,0.0,6700.36,2619.6,0.02,0.23,320.22,62.89,62.87,60.4501,63.56
2021-10-13 00:00:00+00:00,179.3,179.28,0.0,6685.44,2613.8,0.02,0.23,320.22,62.73,62.72,61.31,63.395
2021-10-14 00:00:00+00:00,178.9,178.94,0.0,6672.65,2608.8,0.02,0.25,250.92,62.65,62.62,62.37,63.87
2021-10-15 00:00:00+00:00,181.6,181.57,0.0,6770.7,2647.1,0.02,0.25,250.92,63.59,63.58,61.9,64.09
2021-10-18 00:00:00+00:00,188.4,188.37,0.0,7024.35,2746.3,0.02,0.25,250.92,65.87,65.86,62.75,65.96
2021-10-19 00:00:00+00:00,189.6,189.6,0.0,7070.18,2764.2,0.02,0.25,250.92,66.38,66.37,64.76,67.03
2021-10-20 00:00:00+00:00,188.3,188.34,0.0,7023.29,2745.8,0.02,0.25,250.92,65.89,65.88,65.4,67.1
2021-10-21 00:00:00+00:00,187.2,187.2,0.0,6980.66,2729.2,0.02,0.25,250.92,65.5,65.49,65.39,66.61
2021-10-22 00:00:00+00:00,187.1,187.11,0.0,6977.46,2727.9,0.02,0.25,250.92,65.47,65.42,64.92,66.22
2021-10-25 00:00:00+00:00,194.2,194.2,0.0,7241.76,2831.3,0.02,0.25,250.92,67.93,67.92,64.81,68.2
2021-10-26 00:00:00+00:00,194.3,194.31,0.0,7246.03,2832.9,0.02,0.25,250.92,67.93,67.92,67.5063,69.94
2021-10-27 00:00:00+00:00,192.3,192.31,0.0,7171.42,2803.8,0.02,0.25,250.92,67.28,67.25,67.01,69.89
2021-10-28 00:00:00+00:00,207.6,207.57,0.0,7740.54,3026.3,0.02,0.25,250.92,72.65,72.64,66.92,74.73
2021-10-29 00:00:00+00:00,216.6,216.63,0.0,8078.38,3158.3,0.02,0.25,250.92,75.83,75.71,71.03,76.35
2021-11-01 00:00:00+00:00,213.5,213.52,0.0,7962.21,3112.9,0.02,0.25,250.92,74.72,74.7,74.23,77.17
2021-11-02 00:00:00+00:00,209.7,209.75,0.0,7821.53,3057.9,0.02,0.25,250.92,73.36,73.35,72.63,74.91
2021-11-03 00:00:00+00:00,209.1,209.09,0.0,7797.02,3048.3,0.02,0.25,250.92,73.23,73.15,72.71,74.43
2021-11-04 00:00:00+00:00,227.6,227.55,0.0,8485.49,3317.5,0.02,0.25,250.92,79.56,79.55,73.1,80.575
2021-11-05 00:00:00+00:00,212.6,212.63,0.0,7929.17,3100.0,0.02,0.25,250.92,74.42,74.41,73.92,79.16
2021-11-08 00:00:00+00:00,216.0,216.0,0.0,8054.93,3149.2,0.02,0.25,250.92,75.62,75.55,74.49,76.54
2021-11-09 00:00:00+00:00,219.0,218.98,0.0,8165.77,3192.5,0.02,0.25,250.92,76.73,76.72,75.4,77.44
2021-11-10 00:00:00+00:00,206.2,206.2,0.0,7689.38,3006.3,0.02,0.25,250.92,72.2,72.17,71.53,76.055
2021-11-11 00:00:00+00:00,203.8,203.77,0.0,7598.79,2970.8,0.02,0.25,250.92,71.26,71.25,71.17,73.8
2021-11-12 00:00:00+00:00,219.8,219.81,0.0,8196.68,3204.6,0.02,0.25,250.92,76.89,76.88,70.85,77.08
2021-11-15 00:00:00+00:00,213.7,213.66,0.0,7967.54,3115.0,0.02,0.25,250.92,74.78,74.73,74.4012,77.59
2021-11-16 00:00:00+00:00,217.1,217.15,0.0,8097.56,3165.8,0.02,0.25,250.92,76.03,76.02,73.88,76.58
2021-11-17 00:00:00+00:00,209.6,209.63,0.0,7817.27,3056.3,0.02,0.25,250.92,73.35,73.34,73.27,76.2
2021-11-18 00:00:00+00:00,208.4,208.4,0.0,7771.44,3038.3,0.02,0.27,271.67,72.91,72.9,72.66,74.5499
2021-11-19 00:00:00+00:00,208.4,208.4,0.0,7771.44,3038.3,0.02,0.27,271.67,72.91,72.9,72.9,75.68
2021-11-22 00:00:00+00:00,188.7,188.74,0.0,7038.2,2751.7,0.02,0.27,271.67,65.93,65.92,65.57,73.1182
2021-11-23 00:00:00+00:00,184.4,184.42,0.0,6877.28,2688.8,0.02,0.27,271.67,64.55,64.48,62.28,65.6
2021-11-24 00:00:00+00:00,191.8,191.77,0.0,7151.18,2795.8,0.02,0.27,271.67,67.04,67.03,63.63,67.3905
2021-11-25 00:00:00+00:00,191.8,191.77,0.0,7151.18,2795.8,0.02,0.27,271.67,,,,
2021-11-26 00:00:00+00:00,198.3,198.31,0.0,7395.23,2891.3,0.02,0.27,271.67,69.45,69.43,67.6,70.05
2021-11-29 00:00:00+00:00,196.2,196.23,0.0,7317.43,2860.8,0.02,0.27,271.67,68.6,68.59,66.21,69.48
2021-11-30 00:00:00+00:00,195.1,195.08,0.0,7274.8,2844.2,0.02,0.27,271.67,68.32,68.19,65.85,69.0899
2021-12-01 00:00:00+00:00,190.1,190.05,0.0,7087.23,2770.8,0.02,0.27,271.67,66.46,66.45,65.32,69.38
2021-12-02 00:00:00+00:00,188.6,188.63,0.0,7033.94,2750.0,0.02,0.27,271.67,65.89,65.88,62.82,66.35
2021-12-03 00:00:00+00:00,179.2,179.17,0.0,6681.18,2612.1,0.02,0.27,271.67,62.72,62.71,60.25,66.4
2021-12-06 00:00:00+00:00,170.2,170.16,0.0,6345.47,2480.8,0.02,0.27,271.67,59.55,59.54,57.52,60.66
2021-12-07 00:00:00+00:00,173.7,173.68,0.0,6476.55,2532.1,0.02,0.27,271.67,60.76,60.75,60.31,62.54
2021-12-08 00:00:00+00:00,171.8,171.76,0.0,6405.15,2504.2,0.02,0.27,271.67,60.09,60.05,58.52,61.24
2021-12-09 00:00:00+00:00,160.9,160.9,0.0,6000.16,2345.8,0.02,0.27,271.67,56.32,56.31,55.95,60.4008
2021-12-10 00:00:00+00:00,147.9,147.93,0.0,5516.31,2156.7,0.02,0.27,271.67,51.76,51.75,50.05,53.4299
2021-12-13 00:00:00+00:00,157.9,157.93,0.0,5889.33,2302.5,0.02,0.27,271.67,55.27,55.26,51.43,55.37
2021-12-14 00:00:00+00:00,156.8,156.82,0.0,5847.76,2110.4,0.03,0.27,271.67,54.89,54.86,53.52,56.22
2021-12-15 00:00:00+00:00,161.1,161.1,0.0,6007.63,2168.1,0.03,0.27,271.67,56.35,56.32,52.86,56.99
2021-12-16 00:00:00+00:00,152.6,152.61,0.0,5691.1,2053.8,0.03,0.0,67644.06,53.45,53.44,52.52,56.62
2021-12-17 00:00:00+00:00,156.5,156.5,0.0,5836.04,2106.2,0.03,0.0,67644.06,54.85,54.8,51.6,54.99
2021-12-20 00:00:00+00:00,161.5,161.53,0.0,6023.61,2173.8,0.03,0.0,67644.06,56.56,56.52,53.3067,57.0424
2021-12-21 00:00:00+00:00,157.8,157.82,0.0,5885.06,2123.8,0.03,0.0,67644.06,55.25,55.24,54.45,57.66
2021-12-22 00:00:00+00:00,159.4,159.36,0.0,5942.61,2144.6,0.03,0.0,67644.06,55.78,55.77,53.9395,56.4298
2021-12-23 00:00:00+00:00,169.4,169.36,0.0,6315.63,2279.2,0.03,0.0,67644.06,59.25,59.24,56.5,60.11
2021-12-24 00:00:00+00:00,169.4,169.36,0.0,6315.63,2279.2,0.03,0.0,67644.06,,,,
2021-12-27 00:00:00+00:00,172.2,172.25,0.0,6423.27,2318.1,0.03,0.0,67644.06,60.29,60.26,58.23,60.79
2021-12-28 00:00:00+00:00,171.5,171.48,0.0,6394.49,2307.7,0.03,0.0,67644.06,60.0,59.98,59.92,61.47
2021-12-29 00:00:00+00:00,165.2,165.22,0.0,6161.09,2223.5,0.03,0.0,67644.06,57.84,57.83,57.07,59.71
2021-12-30 00:00:00+00:00,169.8,169.85,0.0,6333.75,2285.8,0.03,0.0,67644.06,59.45,59.44,57.59,60.33
2021-12-31 00:00:00+00:00,168.5,168.53,0.0,6284.72,2268.1,0.03,0.0,67644.06,59.0,58.98,58.9,61.2
2022-01-03 00:00:00+00:00,164.3,164.28,0.0,6125.93,2210.8,0.03,0.0,67644.06,57.5,57.49,57.26,60.51
2022-01-04 00:00:00+00:00,155.5,155.47,0.0,5797.67,2092.3,0.03,0.0,67644.06,54.36,54.35,52.87,57.395
2022-01-05 00:00:00+00:00,148.6,148.64,0.0,5542.96,2000.4,0.03,0.0,67644.06,51.99,51.94,51.53,55.2
2022-01-06 00:00:00+00:00,151.2,151.16,0.0,5636.75,2034.2,0.03,0.0,67644.06,52.85,52.8,50.05,54.28
2022-01-07 00:00:00+00:00,138.7,138.67,0.0,5171.02,1866.2,0.03,0.0,67644.06,48.61,48.56,48.03,51.25
2022-01-10 00:00:00+00:00,142.6,142.64,0.0,5319.15,1919.6,0.03,0.0,67644.06,49.83,49.82,46.45,49.92
2022-01-11 00:00:00+00:00,145.6,145.56,0.0,5427.86,1958.8,0.03,0.0,67644.06,50.98,50.97,49.02,51.99
2022-01-12 00:00:00+00:00,138.8,138.84,0.0,5177.41,1868.5,0.03,0.0,67644.06,48.64,48.63,48.19,51.89
2022-01-13 00:00:00+00:00,131.7,131.72,0.0,4912.04,1772.7,0.03,0.0,67644.06,46.08,46.07,46.03,49.36
2022-01-14 00:00:00+00:00,128.2,128.21,0.0,4780.95,1725.4,0.03,0.0,67644.06,44.86,44.85,43.12,46.49
2022-01-17 00:00:00+00:00,128.2,128.21,0.0,4780.95,1725.4,0.03,0.0,67644.06,,,,
2022-01-18 00:00:00+00:00,123.6,123.61,0.0,4609.36,1663.5,0.03,0.0,67644.06,43.3,43.29,42.98,46.26
2022-01-19 00:00:00+00:00,120.6,120.58,0.0,4496.39,1622.7,0.03,0.0,67644.06,42.2,42.19,41.92,44.1999
2022-01-20 00:00:00+00:00,116.3,116.26,0.0,4335.46,1564.6,0.03,-0.05,,40.71,40.69,40.62,44.21
2022-01-21 00:00:00+00:00,108.7,108.75,0.0,4055.18,1463.5,0.03,-0.05,,38.05,38.04,37.68,40.49
2022-01-24 00:00:00+00:00,123.7,123.66,0.0,4611.5,1664.2,0.03,-0.05,,43.28,43.27,36.7,43.3
2022-01-25 00:00:00+00:00,121.3,121.29,0.0,4523.04,1632.3,0.03,-0.05,,42.45,42.44,41.71,44.3
2022-01-26 00:00:00+00:00,124.1,124.15,0.0,4629.61,1670.8,0.03,-0.05,,43.43,43.42,42.15,45.86
2022-01-27 00:00:00+00:00,122.1,122.06,0.0,4551.81,1642.7,0.03,-0.05,,42.72,42.71,42.48,44.87
2022-01-28 00:00:00+00:00,125.6,125.61,0.0,4683.96,1690.4,0.03,-0.05,,43.95,43.94,41.3491,44.32
2022-01-31 00:00:00+00:00,136.1,136.07,0.0,5074.03,1831.2,0.03,-0.05,,47.61,47.6,44.41,47.76
2022-02-01 00:00:00+00:00,136.8,136.78,0.0,5100.67,1840.8,0.03,-0.05,,47.9,47.86,45.98,48.32
2022-02-02 00:00:00+00:00,125.6,125.61,0.0,4683.96,1690.4,0.03,-0.05,,43.91,43.89,43.82,48.025
2022-02-03 00:00:00+00:00,124.9,124.86,0.0,4656.26,1680.4,0.03,-0.05,,43.71,43.67,41.31,44.1481
2022-02-04 00:00:00+00:00,140.9,140.87,0.0,5253.07,1895.8,0.03,-0.05,,49.27,49.26,44.65,50.5
2022-02-07 00:00:00+00:00,131.0,130.95,0.0,4883.26,1762.3,0.03,-0.05,,45.83,45.82,45.61,49.48
2022-02-08 00:00:00+00:00,134.3,134.27,0.0,5006.89,1806.9,0.03,-0.05,,46.92,46.91,44.61,47.24
2022-02-09 00:00:00+00:00,149.3,149.33,0.0,5568.54,2009.6,0.03,-0.05,,52.27,52.26,47.69,52.3
2022-02-10 00:00:00+00:00,149.8,149.81,0.0,5586.66,2016.2,0.03,-0.05,,52.42,52.41,50.64,53.9
2022-02-11 00:00:00+00:00,148.9,148.9,0.0,5552.55,2003.8,0.03,-0.05,,52.14,52.13,50.78,53.1499
2022-02-14 00:00:00+00:00,150.4,150.41,0.0,5609.04,2024.2,0.03,-0.05,,52.61,52.6,50.96,53.85
2022-02-15 00:00:00+00:00,154.3,154.33,0.0,5755.04,2076.9,0.03,-0.05,,54.0,53.99,51.91,54.0763
2022-02-16 00:00:00+00:00,141.6,141.64,0.0,5281.85,1906.2,0.03,-0.05,,49.56,49.55,48.87,54.19
2022-02-17 00:00:00+00:00,130.5,130.49,0.0,4866.21,1756.2,0.03,-0.03,,45.67,45.65,45.53,50.3
2022-02-18 00:00:00+00:00,126.2,126.24,0.0,4707.41,1698.8,0.03,-0.03,,44.17,44.16,43.89,47.09
2022-02-21 00:00:00+00:00,126.2,126.24,0.0,4707.41,1698.8,0.03,-0.03,,,,,
2022-02-22 00:00:00+00:00,118.8,118.83,0.0,4431.38,1599.2,0.03,-0.03,,41.58,41.57,41.54,44.91
2022-02-23 00:00:00+00:00,109.9,109.86,0.0,4096.74,1478.5,0.03,-0.03,,38.44,38.43,38.43,42.22
2022-02-24 00:00:00+00:00,116.0,116.0,0.0,4325.88,1561.2,0.03,-0.03,,40.58,40.51,36.69,41.09
2022-02-25 00:00:00+00:00,120.5,120.52,0.0,4494.26,1621.9,0.03,-0.03,,42.16,42.15,38.917,42.23
2022-02-28 00:00:00+00:00,134.7,134.72,0.0,5023.94,1813.1,0.03,-0.03,,47.18,47.17,42.11,47.49
2022-03-01 00:00:00+00:00,134.1,134.07,0.0,4999.43,1804.2,0.03,-0.03,,46.9,46.88,45.7,48.0
2022-03-02 00:00:00+00:00,128.9,128.92,0.0,4807.59,1735.0,0.03,-0.03,,45.1,45.07,43.82,46.91
2022-03-03 00:00:00+00:00,125.7,125.72,0.0,4688.23,1691.9,0.03,-0.03,,43.97,43.95,43.13,45.66
2022-03-04 00:00:00+00:00,129.4,129.38,0.0,4824.64,1741.2,0.03,-0.03,,45.27,45.26,43.2701,45.49
2022-03-07 00:00:00+00:00,122.4,122.41,0.0,4564.6,1647.3,0.03,-0.03,,42.8,42.79,42.79,47.12
2022-03-08 00:00:00+00:00,120.1,120.15,0.0,4480.41,1616.9,0.03,-0.03,,42.1,42.09,39.35,43.58
2022-03-09 00:00:00+00:00,119.0,119.03,0.0,4438.84,1601.9,0.03,-0.03,,41.67,41.66,41.195,43.86
2022-03-10 00:00:00+00:00,109.7,109.66,0.0,4089.28,1475.8,0.03,-0.03,,38.38,38.37,37.725,41.57
2022-03-11 00:00:00+00:00,112.1,112.15,0.0,4182.0,1509.2,0.03,-0.03,,39.25,39.24,38.3,40.05
2022-03-14 00:00:00+00:00,105.4,105.37,0.0,3929.42,1418.1,0.03,-0.03,,36.88,36.87,36.61,39.16
2022-03-15 00:00:00+00:00,106.4,106.37,0.0,3966.72,1431.5,0.03,-0.03,,37.22,37.21,35.59,37.5
2022-03-16 00:00:00+00:00,117.7,117.72,0.0,4389.82,1584.2,0.03,-0.03,,41.21,41.2,37.66,41.21
2022-03-17 00:00:00+00:00,120.7,120.72,0.0,4501.72,1624.6,0.03,-0.02,,42.19,42.18,40.0,42.32
2022-03-18 00:00:00+00:00,126.4,126.35,0.0,4711.68,1700.4,0.03,-0.02,,44.2,44.14,41.4584,44.52
2022-03-21 00:00:00+00:00,118.0,117.98,0.0,4399.41,1587.7,0.03,-0.02,,41.28,41.24,40.61,44.0331
2022-03-22 00:00:00+00:00,129.8,129.81,0.0,4964.12,1746.9,0.03,-0.02,,45.43,45.42,41.46,46.18
2022-03-23 00:00:00+00:00,131.9,131.89,0.0,5043.91,1775.0,0.03,-0.02,,46.16,46.15,44.26,49.765
2022-03-24 00:00:00+00:00,131.2,131.18,0.0,5016.58,1765.4,0.03,-0.02,,45.9,45.87,43.16,47.23
2022-03-25 00:00:00+00:00,130.8,130.78,0.0,5001.28,1760.0,0.03,-0.02,,45.75,45.73,43.52,46.635
2022-03-28 00:00:00+00:00,139.5,139.47,0.0,5333.54,1876.9,0.03,-0.02,,48.8,48.79,46.1,49.41
2022-03-29 00:00:00+00:00,145.8,145.76,0.0,5573.98,1961.5,0.03,-0.02,,51.0,50.99,48.43,52.39
2022-03-30 00:00:00+00:00,122.3,122.29,0.0,4676.68,1645.8,0.03,-0.02,,42.78,42.77,41.8,45.29
2022-03-31 00:00:00+00:00,116.5,116.55,0.0,4457.0,,0.0,-0.02,,40.78,40.77,40.75,42.97
2022-04-01 00:00:00+00:00,117.0,116.98,0.0,4473.39,,0.0,-0.02,,40.93,40.92,39.86,42.2
2022-04-04 00:00:00+00:00,131.0,130.95,0.0,5007.84,,0.0,-0.02,,45.87,45.82,40.4212,46.34
2022-04-05 00:00:00+00:00,126.4,126.44,0.0,4835.16,,0.0,-0.02,,44.29,44.26,43.88,47.14
2022-04-06 00:00:00+00:00,120.8,120.83,0.0,4620.94,,0.0,-0.02,,42.29,42.28,40.04,43.53
2022-04-07 00:00:00+00:00,124.6,124.58,0.0,4764.11,,0.0,-0.02,,43.6,43.59,41.57,43.8
2022-04-08 00:00:00+00:00,123.4,123.44,0.0,4720.4,,0.0,-0.02,,43.23,43.22,42.3,44.44
2022-04-11 00:00:00+00:00,123.7,123.66,0.0,4729.14,,0.0,-0.02,,43.34,43.33,41.6101,44.0
2022-04-12 00:00:00+00:00,123.7,123.75,0.0,4732.42,,0.0,-0.02,,43.38,43.35,43.23,45.6293
2022-04-13 00:00:00+00:00,123.2,123.18,0.0,4710.56,,0.0,-0.02,,43.09,43.08,41.835,43.79
2022-04-14 00:00:00+00:00,114.1,114.12,0.0,4364.1,,0.0,-0.37,,39.96,39.95,39.35,42.9
2022-04-15 00:00:00+00:00,114.1,114.12,0.0,4364.1,,0.0,-0.37,,,,,
2022-04-18 00:00:00+00:00,113.4,113.4,0.0,4336.77,,0.0,-0.37,,39.72,39.71,38.26,40.39
2022-04-19 00:00:00+00:00,121.1,121.15,0.0,4632.96,,0.0,-0.37,,42.36,42.35,39.27,42.67
2022-04-20 00:00:00+00:00,113.2,113.2,0.0,4329.13,,0.0,-0.37,,39.61,39.6,39.56,42.46
2022-04-21 00:00:00+00:00,106.1,106.12,0.0,4058.08,,0.0,-0.37,,37.12,37.09,36.63,40.06
2022-04-22 00:00:00+00:00,98.9,98.94,0.0,3783.75,,0.0,-0.37,,34.6,34.59,34.48,37.95
2022-04-25 00:00:00+00:00,99.1,99.06,0.0,3788.12,,0.0,-0.37,,34.64,34.62,33.34,35.2
2022-04-26 00:00:00+00:00,89.8,89.8,0.0,3434.01,,0.0,-0.37,,31.42,31.41,31.18,34.65
2022-04-27 00:00:00+00:00,88.1,88.08,0.0,3368.44,,0.0,-0.37,,30.82,30.81,30.19,31.8095
2022-04-28 00:00:00+00:00,92.2,92.2,0.0,3525.82,,0.0,-0.37,,32.31,32.3,29.05,32.84
2022-04-29 00:00:00+00:00,83.1,83.05,0.0,3176.08,,0.0,-0.37,,29.07,29.06,28.835,32.303
2022-05-02 00:00:00+00:00,86.8,86.8,0.0,3319.25,,0.0,-0.37,,30.35,30.32,28.2,30.5
2022-05-03 00:00:00+00:00,86.6,86.6,0.0,3311.6,,0.0,-0.37,,30.25,30.24,29.58,31.01
2022-05-04 00:00:00+00:00,92.9,92.91,0.0,3553.14,,0.0,-0.37,,32.51,32.47,28.84,32.67
2022-05-05 00:00:00+00:00,82.8,82.82,0.0,3167.33,,0.0,-0.37,,29.02,28.98,28.6,31.21
2022-05-06 00:00:00+00:00,78.3,78.31,0.0,2994.65,,0.0,-0.37,,27.4,27.39,26.34,29.18
2022-05-09 00:00:00+00:00,75.3,75.25,0.0,2877.7,,0.0,-0.37,,26.33,26.29,26.0801,27.9
2022-05-10 00:00:00+00:00,77.0,76.99,0.0,2944.37,,0.0,-0.37,,26.94,26.93,25.445,27.85
2022-05-11 00:00:00+00:00,67.6,67.65,0.0,2586.98,,0.0,-0.37,,23.69,23.67,23.35,27.48
2022-05-12 00:00:00+00:00,74.3,74.31,0.0,2841.64,,0.0,-0.37,,26.0,25.99,22.6799,27.85
2022-05-13 00:00:00+00:00,79.9,79.94,0.0,3056.95,,0.0,-0.37,,27.99,27.98,26.86,28.52
2022-05-16 00:00:00+00:00,75.9,75.94,0.0,2903.94,,0.0,-0.37,,26.56,26.54,26.44,28.55
2022-05-17 00:00:00+00:00,79.0,79.02,0.0,3025.42,,0.0,-0.37,,27.67,27.65,25.89,27.94
2022-05-18 00:00:00+00:00,69.4,69.42,0.0,2657.78,,0.0,-0.37,,24.33,24.3,24.092,27.08
2022-05-19 00:00:00+00:00,71.4,71.36,0.0,2732.18,,0.0,-0.35,,24.93,24.92,23.5,25.71
2022-05-20 00:00:00+00:00,69.9,69.93,0.0,2677.47,,0.0,-0.35,,24.49,24.47,23.5583,25.68
2022-05-23 00:00:00+00:00,71.2,71.16,0.0,2724.52,,0.0,-0.35,,24.87,24.84,23.86,25.06
2022-05-24 00:00:00+00:00,66.6,66.62,0.0,2550.55,,0.0,-0.35,,23.31,23.3,22.22,24.25
2022-05-25 00:00:00+00:00,69.1,69.13,0.0,2646.83,,0.0,-0.35,,24.19,24.18,22.65,25.03
2022-05-26 00:00:00+00:00,73.0,72.99,0.0,2794.55,,0.0,-0.35,,25.54,25.53,24.06,26.13
2022-05-27 00:00:00+00:00,77.5,77.48,0.0,2966.34,,0.0,-0.35,,27.11,27.1,25.32,27.155
2022-05-30 00:00:00+00:00,77.5,77.48,0.0,2966.34,,0.0,-0.35,,,,,
2022-05-31 00:00:00+00:00,70.9,70.88,0.0,2713.58,,0.0,-0.35,,24.84,24.83,24.76,27.92
2022-06-01 00:00:00+00:00,67.1,67.13,0.0,2570.24,,0.0,-0.35,,23.5,23.49,22.96,25.51
2022-06-02 00:00:00+00:00,83.4,83.4,0.0,3192.83,,0.0,-0.35,,29.19,29.18,25.8,29.47
2022-06-03 00:00:00+00:00,82.3,82.31,0.0,3151.25,,0.0,-0.35,,28.81,28.8,27.92,29.79
2022-06-06 00:00:00+00:00,79.3,79.34,0.0,3037.46,,0.0,-0.35,,27.79,27.77,27.31,30.11
2022-06-07 00:00:00+00:00,81.8,81.79,0.0,3131.56,,0.0,-0.35,,28.61,28.6,27.2245,28.99
2022-06-08 00:00:00+00:00,82.9,82.85,0.0,3172.04,,0.0,-0.35,,28.98,28.97,28.54,29.54
2022-06-09 00:00:00+00:00,85.0,85.02,0.0,3255.2,,0.0,-0.35,,29.75,29.74,29.49,31.72
2022-06-10 00:00:00+00:00,82.1,82.08,0.0,3142.5,,0.0,-0.35,,28.7,28.69,28.41,30.09
2022-06-13 00:00:00+00:00,77.4,77.36,0.0,2961.96,,0.0,-0.35,,27.1,27.08,26.685,28.58
2022-06-14 00:00:00+00:00,77.3,77.31,0.0,2959.77,,0.0,-0.35,,27.04,27.02,26.47,27.98
2022-06-15 00:00:00+00:00,83.6,83.57,0.0,3199.4,,0.0,-0.35,,29.25,29.24,27.13,30.01
2022-06-16 00:00:00+00:00,81.3,81.25,0.0,3110.77,,0.0,-0.25,,28.44,28.43,27.795,29.02
2022-06-17 00:00:00+00:00,82.0,82.02,0.0,3140.31,,0.0,-0.25,,28.7,28.69,28.23,29.38
2022-06-20 00:00:00+00:00,82.0,82.02,0.0,3140.31,,0.0,-0.25,,,,,
2022-06-21 00:00:00+00:00,91.0,91.03,0.0,3484.98,,0.0,-0.25,,31.83,31.82,30.61,33.14
2022-06-22 00:00:00+00:00,93.2,93.23,0.0,3569.23,,0.0,-0.25,,32.62,32.61,31.1,33.43
2022-06-23 00:00:00+00:00,104.7,104.74,0.0,4010.19,,0.0,-0.25,,36.67,36.64,33.0,36.68
2022-06-24 00:00:00+00:00,109.1,109.06,0.0,4175.41,,0.0,-0.25,,38.23,38.21,36.15,38.3598
2022-06-27 00:00:00+00:00,109.0,109.0,0.0,4173.22,,0.0,-0.25,,38.19,38.17,37.08,40.4
2022-06-28 00:00:00+00:00,100.7,100.71,0.0,3855.91,,0.0,-0.25,,35.28,35.27,35.24,38.698
2022-06-29 00:00:00+00:00,101.0,101.0,0.0,3866.85,,0.0,-0.25,,35.32,35.31,34.36,35.8
2022-06-30 00:00:00+00:00,99.2,99.23,0.0,3799.01,,0.0,-0.25,,34.75,34.71,34.0241,35.845
2022-07-01 00:00:00+00:00,106.3,106.29,0.0,4069.28,,0.0,-0.25,,37.15,37.14,34.64,37.2
2022-07-04 00:00:00+00:00,106.3,106.29,0.0,4069.28,,0.0,-0.25,,,,,
2022-07-05 00:00:00+00:00,115.9,115.86,0.0,4435.82,,0.0,-0.25,,40.55,40.52,36.6,41.03
2022-07-06 00:00:00+00:00,113.8,113.83,0.0,4358.14,,0.0,-0.25,,39.83,39.81,38.82,41.1
2022-07-07 00:00:00+00:00,121.2,121.23,0.0,4641.53,,0.0,-0.25,,42.43,42.42,39.5,43.07
2022-07-08 00:00:00+00:00,126.1,126.12,0.0,4828.64,,0.0,-0.25,,44.15,44.14,40.76,45.5
2022-07-11 00:00:00+00:00,123.3,123.26,0.0,4719.22,,0.0,-0.25,,43.13,43.12,41.84,43.73
2022-07-12 00:00:00+00:00,121.9,121.95,0.0,4668.89,,0.0,-0.25,,42.66,42.64,40.9501,44.25
2022-07-13 00:00:00+00:00,122.4,122.43,0.0,4687.49,,0.0,-0.25,,42.83,42.81,40.81,45.7
2022-07-14 00:00:00+00:00,119.6,119.61,0.0,4579.16,,0.0,-0.23,,41.84,41.81,41.1701,43.42
2022-07-15 00:00:00+00:00,121.9,121.89,0.0,4666.7,,0.0,-0.23,,42.72,42.71,41.32,43.24
2022-07-18 00:00:00+00:00,122.8,122.84,0.0,4702.8,,0.0,-0.23,,42.98,42.97,42.645,44.86
2022-07-19 00:00:00+00:00,123.8,123.78,0.0,4738.91,,0.0,-0.23,,43.31,43.27,42.43,44.225
2022-07-20 00:00:00+00:00,122.0,122.01,0.0,4671.08,,0.0,-0.23,,42.7,42.68,42.35,45.44
2022-07-21 00:00:00+00:00,129.1,129.12,0.0,4943.53,,0.0,-0.23,,45.19,45.15,42.39,45.485
2022-07-22 00:00:00+00:00,121.5,121.52,0.0,4652.48,,0.0,-0.23,,42.53,42.52,42.46,47.49
2022-07-25 00:00:00+00:00,119.3,119.32,0.0,4568.22,,0.0,-0.23,,41.75,41.74,40.93,42.7
2022-07-26 00:00:00+00:00,109.7,109.75,0.0,4201.67,,0.0,-0.23,,38.4,38.39,37.24,39.0816
2022-07-27 00:00:00+00:00,111.3,111.29,0.0,4260.75,,0.0,-0.23,,38.94,38.93,37.755,39.72
2022-07-28 00:00:00+00:00,111.8,111.83,0.0,4281.54,,0.0,-0.23,,39.14,39.12,36.28,39.6
2022-07-29 00:00:00+00:00,110.9,110.92,0.0,4246.53,,0.0,-0.23,,38.81,38.79,37.55,39.38
2022-08-01 00:00:00+00:00,117.0,117.0,0.0,4479.59,,0.0,-0.23,,40.92,40.88,37.55,41.05
2022-08-02 00:00:00+00:00,116.6,116.6,0.0,4464.27,,0.0,-0.23,,40.83,40.8,40.0,42.64
2022-08-03 00:00:00+00:00,120.4,120.43,0.0,4610.89,,0.0,-0.23,,42.17,42.13,40.841,42.4135
2022-08-04 00:00:00+00:00,123.5,123.55,0.0,4730.16,,0.0,-0.23,,43.25,43.24,41.62,43.58
2022-08-05 00:00:00+00:00,127.0,127.01,0.0,4862.56,,0.0,-0.23,,44.4,44.38,41.68,44.56
2022-08-08 00:00:00+00:00,136.4,136.35,0.0,5220.36,,0.0,-0.23,,47.77,47.75,44.8925,48.86
2022-08-09 00:00:00+00:00,131.3,131.27,0.0,5025.59,,0.0,-0.23,,45.99,45.97,45.78,47.58
2022-08-10 00:00:00+00:00,139.6,139.61,0.0,5345.09,,0.0,-0.23,,48.82,48.81,46.745,48.875
2022-08-11 00:00:00+00:00,138.0,138.04,0.0,5284.91,,0.0,-0.23,,48.35,48.32,48.01,51.87
2022-08-12 00:00:00+00:00,142.8,142.84,0.0,5468.74,,0.0,-0.23,,49.99,49.97,47.87,50.07
2022-08-15 00:00:00+00:00,141.3,141.27,0.0,5408.55,,0.0,-0.23,,49.49,49.45,48.63,50.95
2022-08-16 00:00:00+00:00,142.9,142.93,0.0,5472.02,,0.0,-0.23,,50.07,50.06,46.49,51.97
2022-08-17 00:00:00+00:00,137.9,137.9,0.0,5279.44,,0.0,-0.23,,48.24,48.2,47.66,49.66
2022-08-18 00:00:00+00:00,131.4,131.44,0.0,5032.16,,0.0,-0.2,,46.0,45.99,45.51,47.87
2022-08-19 00:00:00+00:00,122.3,122.26,0.0,4680.92,,0.0,-0.2,,42.75,42.74,42.1,45.318
2022-08-22 00:00:00+00:00,117.6,117.6,0.0,4502.57,,0.0,-0.2,,41.15,41.11,41.09,42.51
2022-08-23 00:00:00+00:00,117.9,117.92,0.0,4601.62,,0.0,-0.2,,41.28,41.27,41.25,43.325
2022-08-24 00:00:00+00:00,115.0,115.03,0.0,4488.98,,0.0,-0.2,,40.31,40.3,40.21,41.79
2022-08-25 00:00:00+00:00,115.9,115.95,0.0,4524.66,,0.0,-0.2,,40.59,40.56,39.52,40.89
2022-08-26 00:00:00+00:00,108.9,108.89,0.0,4249.2,,0.0,-0.2,,38.07,38.06,37.26,41.09
2022-08-29 00:00:00+00:00,108.6,108.63,0.0,4239.15,,0.0,-0.2,,38.01,38.0,37.39,38.77
2022-08-30 00:00:00+00:00,106.9,106.86,0.0,4170.01,,0.0,-0.2,,37.45,37.41,36.87,39.1181
2022-08-31 00:00:00+00:00,98.1,98.11,0.0,3828.74,,0.0,-0.2,,34.44,34.43,33.5203,35.94
2022-09-01 00:00:00+00:00,96.8,96.8,0.0,3777.43,,0.0,-0.2,,33.87,33.86,32.14,34.31
2022-09-02 00:00:00+00:00,93.6,93.6,0.0,3652.52,,0.0,-0.2,,32.82,32.78,31.95,34.39
2022-09-05 00:00:00+00:00,93.6,93.6,0.0,3652.52,,0.0,-0.2,,,,,
2022-09-06 00:00:00+00:00,94.4,94.4,0.0,3683.75,,0.0,-0.2,,33.06,33.03,32.08,33.97
2022-09-07 00:00:00+00:00,97.9,97.91,0.0,3820.93,,0.0,-0.2,,34.25,34.23,32.65,34.83
2022-09-08 00:00:00+00:00,101.8,101.83,0.0,3973.72,,0.0,-0.2,,35.62,35.61,33.52,35.65
2022-09-09 00:00:00+00:00,102.8,102.83,0.0,4012.75,,0.0,-0.2,,36.01,36.0,35.36,36.93
2022-09-12 00:00:00+00:00,105.2,105.17,0.0,4104.21,,0.0,-0.2,,36.85,36.83,36.0913,37.35
2022-09-13 00:00:00+00:00,99.2,99.2,0.0,3871.12,,0.0,-0.2,,34.71,34.68,33.46,35.16
2022-09-14 00:00:00+00:00,102.3,102.29,0.0,3991.56,,0.0,-0.2,,35.78,35.77,34.16,35.83
2022-09-15 00:00:00+00:00,104.2,104.17,0.0,4065.17,,0.0,0.0,10736.97,36.45,36.42,34.8,36.49
2022-09-16 00:00:00+00:00,100.5,100.51,0.0,3922.42,,0.0,0.0,10736.97,35.22,35.2,34.75,35.65
2022-09-19 00:00:00+00:00,101.7,101.71,0.0,3969.26,,0.0,0.0,10736.97,35.6,35.59,34.54,35.65
2022-09-20 00:00:00+00:00,92.9,92.86,0.0,3623.53,,0.0,0.0,10736.97,32.49,32.48,32.215,35.47
2022-09-21 00:00:00+00:00,94.6,94.6,0.0,3691.56,,0.0,0.0,10736.97,33.15,33.14,32.61,34.75
2022-09-22 00:00:00+00:00,90.3,90.31,0.0,3524.26,,0.0,0.0,10736.97,31.61,31.59,31.29,32.98
2022-09-23 00:00:00+00:00,90.8,90.77,0.0,3542.11,,0.0,0.0,10736.97,31.79,31.78,30.265,32.3
2022-09-26 00:00:00+00:00,91.6,91.6,0.0,3574.45,,0.0,0.0,10736.97,32.09,32.08,31.66,34.08
2022-09-27 00:00:00+00:00,93.4,93.43,0.0,3645.83,,0.0,0.0,10736.97,32.76,32.75,31.89,33.7062
2022-09-28 00:00:00+00:00,94.6,94.57,0.0,3690.44,,0.0,0.0,10736.97,33.08,33.06,32.33,33.38
2022-09-29 00:00:00+00:00,88.8,88.83,0.0,3466.27,,0.0,0.0,10736.97,31.1,31.08,30.94,32.585
2022-09-30 00:00:00+00:00,87.8,87.8,0.0,3426.12,,0.0,0.0,10736.97,30.71,30.7,30.36,32.0314
2022-10-03 00:00:00+00:00,89.2,89.23,0.0,3481.88,,0.0,0.0,10736.97,31.22,31.21,29.5401,31.83
2022-10-04 00:00:00+00:00,94.7,94.66,0.0,3693.79,,0.0,0.0,10736.97,33.14,33.13,32.04,33.16
2022-10-05 00:00:00+00:00,104.8,104.8,0.0,4089.71,,0.0,0.0,10736.97,36.7,36.67,32.565,37.17
2022-10-06 00:00:00+00:00,108.4,108.43,0.0,4231.35,,0.0,0.0,10736.97,37.91,37.9,36.36,38.65
2022-10-07 00:00:00+00:00,103.9,103.86,0.0,4052.9,,0.0,0.0,10736.97,36.35,36.34,35.68,38.39
2022-10-10 00:00:00+00:00,101.0,101.0,0.0,3941.38,,0.0,0.0,10736.97,35.31,35.3,34.8,37.02
2022-10-11 00:00:00+00:00,97.3,97.26,0.0,3795.28,,0.0,0.0,10736.97,34.06,34.05,33.33,35.7
2022-10-12 00:00:00+00:00,99.7,99.69,0.0,3890.08,,0.0,0.0,10736.97,34.87,34.85,32.29,34.95
2022-10-13 00:00:00+00:00,103.1,103.14,0.0,4025.02,,0.0,0.0,10736.97,36.16,36.14,32.01,36.395
2022-10-14 00:00:00+00:00,94.3,94.28,0.0,3679.29,,0.0,0.0,10736.97,33.03,33.01,32.83,36.77
2022-10-17 00:00:00+00:00,104.4,104.43,0.0,4075.21,,0.0,0.0,10736.97,36.55,36.52,33.85,36.7973
2022-10-18 00:00:00+00:00,104.2,104.2,0.0,4066.29,,0.0,0.0,10736.97,36.5,36.49,36.05,38.1
2022-10-19 00:00:00+00:00,99.6,99.57,0.0,3885.61,,0.0,0.0,10736.97,34.83,34.8,34.22,36.45
2022-10-20 00:00:00+00:00,99.6,99.57,0.0,3885.61,,0.0,0.0,,34.82,34.81,34.45,36.76
2022-10-21 00:00:00+00:00,106.8,106.83,0.0,4168.89,,0.0,0.0,,37.37,37.35,34.96,37.48
2022-10-24 00:00:00+00:00,109.2,109.17,0.0,4260.34,,0.0,0.0,,38.21,38.2,36.06,38.315
2022-10-25 00:00:00+00:00,113.7,113.72,0.0,4437.67,,0.0,0.0,,39.77,39.76,38.3,40.665
2022-10-26 00:00:00+00:00,114.3,114.35,0.0,4462.21,,0.0,0.0,,40.02,39.99,38.82,41.84
2022-10-27 00:00:00+00:00,112.9,112.86,0.0,4404.21,,0.0,0.0,,39.54,39.52,38.9493,40.7999
2022-10-28 00:00:00+00:00,112.6,112.63,0.0,4395.29,,0.0,0.0,,39.44,39.43,37.1,39.58
2022-10-31 00:00:00+00:00,110.7,110.69,0.0,4319.45,,0.0,0.0,,38.75,38.74,38.72,40.22
2022-11-01 00:00:00+00:00,108.7,108.75,0.0,4243.62,,0.0,0.0,,37.99,37.95,37.95,40.58
2022-11-02 00:00:00+00:00,101.1,101.09,0.0,3944.72,,0.0,0.0,,35.37,35.35,35.35,38.35
2022-11-03 00:00:00+00:00,101.3,101.31,0.0,3953.65,,0.0,0.0,,35.46,35.45,35.11,36.41
2022-11-04 00:00:00+00:00,96.8,96.8,0.0,3777.43,,0.0,0.0,,33.85,33.84,31.89,36.4
2022-11-07 00:00:00+00:00,101.1,101.09,0.0,3944.72,,0.0,0.0,,35.33,35.32,32.7538,35.46
2022-11-08 00:00:00+00:00,99.7,99.74,0.0,3892.31,,0.0,0.0,,34.95,34.91,34.05,36.24
2022-11-09 00:00:00+00:00,91.4,91.43,0.0,3567.76,,0.0,0.0,,32.0,31.97,31.74,34.39
2022-11-10 00:00:00+00:00,109.6,109.57,0.0,4275.96,,0.0,0.0,,38.32,38.3,34.12,38.34
2022-11-11 00:00:00+00:00,117.6,117.58,0.0,4588.23,,0.0,0.0,,41.14,41.13,37.73,41.26
2022-11-14 00:00:00+00:00,123.5,123.49,0.0,4819.1,,0.0,0.0,,43.21,43.2,39.74,44.229
2022-11-15 00:00:00+00:00,122.5,122.46,0.0,4778.95,,0.0,0.0,,42.94,42.92,42.42,45.73
2022-11-16 00:00:00+00:00,120.7,120.72,0.0,4710.91,,0.0,0.0,,42.27,42.22,39.89,42.2791
2022-11-17 00:00:00+00:00,117.1,117.09,0.0,4569.28,,0.0,0.01,5068.8,41.02,41.01,40.13,41.675
2022-11-18 00:00:00+00:00,116.9,116.95,0.0,4563.7,,0.0,0.01,5068.8,40.92,40.88,40.16,42.8
2022-11-21 00:00:00+00:00,118.3,118.29,0.0,4616.12,,0.0,0.01,5068.8,41.43,41.42,40.3,42.05
2022-11-22 00:00:00+00:00,117.3,117.35,0.0,4579.31,,0.0,0.01,5068.8,41.1,41.08,39.9,41.67
2022-11-23 00:00:00+00:00,119.3,119.35,0.0,4657.38,,0.0,0.01,5068.8,41.83,41.81,41.11,42.44
2022-11-24 00:00:00+00:00,119.3,119.35,0.0,4657.38,,0.0,0.01,5068.8,,,,
2022-11-25 00:00:00+00:00,117.7,117.75,0.0,4594.93,,0.0,0.01,5068.8,41.23,41.21,40.75,41.87
2022-11-28 00:00:00+00:00,117.1,117.06,0.0,4568.16,,0.0,0.01,5068.8,41.0,40.99,40.7,42.63
2022-11-29 00:00:00+00:00,114.9,114.89,0.0,4483.4,,0.0,0.01,5068.8,40.22,40.2,39.49,41.42
2022-11-30 00:00:00+00:00,123.3,123.26,0.0,4810.18,,0.0,0.01,5068.8,43.14,43.12,40.39,43.17
2022-12-01 00:00:00+00:00,126.8,126.75,0.0,4974.3,,0.0,0.01,5068.8,44.38,44.34,42.69,44.47
2022-12-02 00:00:00+00:00,128.4,128.38,0.0,5038.23,,0.0,0.01,5068.8,44.95,44.92,42.43,45.635
2022-12-05 00:00:00+00:00,123.8,123.78,0.0,4857.65,,0.0,0.01,5068.8,43.3,43.29,42.99,45.63
2022-12-06 00:00:00+00:00,119.2,119.23,0.0,4679.32,,0.0,0.01,5068.8,41.74,41.72,41.57,44.17
2022-12-07 00:00:00+00:00,117.8,117.83,0.0,4624.36,,0.0,0.01,5068.8,41.2,41.19,40.2,41.93
2022-12-08 00:00:00+00:00,119.9,119.95,0.0,4707.36,,0.0,0.01,5068.8,42.04,41.98,40.285,42.73
2022-12-09 00:00:00+00:00,124.7,124.75,0.0,4895.78,,0.0,0.01,5068.8,43.66,43.65,40.28,45.45
2022-12-12 00:00:00+00:00,129.0,129.01,0.0,5062.9,,0.0,0.01,5068.8,45.13,45.12,43.47,45.37
2022-12-13 00:00:00+00:00,127.4,127.38,0.0,4998.97,,0.0,0.01,5068.8,44.63,44.62,44.2,48.01
2022-12-14 00:00:00+00:00,122.5,122.46,0.0,4806.05,,0.0,0.01,5068.8,42.83,42.82,41.76,44.6
2022-12-15 00:00:00+00:00,117.0,116.98,0.0,4590.71,,0.0,0.1,435.76,40.92,40.91,39.64,42.6874
2022-12-16 00:00:00+00:00,121.2,121.21,0.0,4756.71,,0.0,0.1,435.76,42.42,42.4,40.46,42.675
2022-12-19 00:00:00+00:00,116.0,116.03,0.0,4553.7,,0.0,0.1,435.76,40.61,40.6,40.57,43.65
2022-12-20 00:00:00+00:00,113.1,113.12,0.0,4439.29,,0.0,0.1,435.76,39.6,39.57,39.1757,40.98
2022-12-21 00:00:00+00:00,117.7,117.75,0.0,4620.99,,0.0,0.1,435.76,41.21,41.2,39.465,42.03
2022-12-22 00:00:00+00:00,112.7,112.75,0.0,4424.71,,0.0,0.1,435.76,39.46,39.45,38.0388,40.83
2022-12-23 00:00:00+00:00,112.4,112.37,0.0,4410.13,,0.0,0.1,435.76,39.32,39.31,37.71,39.5428
2022-12-26 00:00:00+00:00,112.4,112.37,0.0,4410.13,,0.0,0.1,435.76,,,,
2022-12-27 00:00:00+00:00,107.3,107.34,0.0,4212.73,,0.0,0.1,435.76,37.57,37.56,37.425,39.243
2022-12-28 00:00:00+00:00,101.4,101.43,0.0,3980.56,,0.0,0.1,435.76,35.51,35.5,35.44,37.4
2022-12-29 00:00:00+00:00,107.5,107.52,0.0,4219.46,,0.0,0.1,435.76,37.64,37.63,35.6,37.8
2022-12-30 00:00:00+00:00,106.0,105.97,0.0,4158.89,,0.0,0.1,435.76,37.09,37.08,36.23,37.2
2023-01-02 00:00:00+00:00,106.0,105.97,0.0,4158.89,,0.0,0.1,435.76,,,,
2023-01-03 00:00:00+00:00,101.3,101.34,0.0,3977.2,,0.0,0.1,435.76,35.46,35.44,34.77,38.22
2023-01-04 00:00:00+00:00,101.4,101.37,0.0,3978.32,,0.0,0.1,435.76,35.48,35.46,33.96,36.17
2023-01-05 00:00:00+00:00,103.3,103.32,0.0,4054.58,,0.0,0.1,435.76,36.16,36.14,34.38,36.27
2023-01-06 00:00:00+00:00,107.2,107.23,0.0,4208.24,,0.0,0.1,435.76,37.53,37.51,35.24,38.16
2023-01-09 00:00:00+00:00,114.7,114.69,0.0,4500.98,,0.0,0.1,435.76,40.13,40.12,37.6,40.4108
2023-01-10 00:00:00+00:00,117.1,117.15,0.0,4597.44,,0.0,0.1,435.76,41.0,40.98,39.64,41.18
2023-01-11 00:00:00+00:00,125.1,125.09,0.0,4909.24,,0.0,0.1,435.76,43.77,43.76,41.29,43.97
2023-01-12 00:00:00+00:00,125.0,125.04,0.0,4907.0,,0.0,0.1,435.76,43.75,43.73,42.41,44.33
2023-01-13 00:00:00+00:00,125.1,125.06,0.0,4908.12,,0.0,0.1,435.76,43.78,43.77,42.7,44.43
2023-01-16 00:00:00+00:00,125.1,125.06,0.0,4908.12,,0.0,0.1,435.76,,,,
2023-01-17 00:00:00+00:00,125.5,125.52,0.0,4926.07,,0.0,0.1,435.76,43.92,43.91,43.14,44.6
2023-01-18 00:00:00+00:00,119.8,119.81,0.0,4701.75,,0.0,0.1,435.76,41.93,41.92,41.73,44.9738
2023-01-19 00:00:00+00:00,114.0,114.03,0.0,4475.18,,0.0,0.11,381.09,39.91,39.9,39.13,40.73
2023-01-20 00:00:00+00:00,118.1,118.12,0.0,4635.57,,0.0,0.11,381.09,41.34,41.32,39.97,41.68
2023-01-23 00:00:00+00:00,124.1,124.09,0.0,4869.98,,0.0,0.11,381.09,43.43,43.42,41.76,44.37
2023-01-24 00:00:00+00:00,124.3,124.32,0.0,4878.96,,0.0,0.11,381.09,43.53,43.5,43.0,44.5522
2023-01-25 00:00:00+00:00,128.1,128.07,0.0,5025.89,,0.0,0.11,381.09,44.8,44.79,41.21,45.14
2023-01-26 00:00:00+00:00,125.7,125.66,0.0,4931.68,,0.0,0.11,381.09,43.99,43.98,43.77,47.6
2023-01-27 00:00:00+00:00,131.2,131.21,0.0,5149.27,,0.0,0.11,381.09,45.91,45.9,45.2008,47.55
2023-01-30 00:00:00+00:00,123.6,123.64,0.0,4852.04,,0.0,0.11,381.09,43.26,43.25,43.07,46.319
2023-01-31 00:00:00+00:00,128.8,128.78,0.0,5053.93,,0.0,0.11,381.09,45.04,45.03,43.41,45.16
2023-02-01 00:00:00+00:00,134.4,134.38,0.0,5273.77,,0.0,0.11,381.09,47.05,47.01,44.02,47.615
2023-02-02 00:00:00+00:00,141.2,141.18,0.0,5540.7,,0.0,0.11,381.09,49.41,49.39,44.0,49.51
2023-02-03 00:00:00+00:00,139.3,139.27,0.0,5465.56,,0.0,0.11,381.09,48.74,48.73,47.19,52.88
2023-02-06 00:00:00+00:00,137.7,137.67,0.0,5402.75,,0.0,0.11,381.09,48.18,48.17,48.0,49.65
2023-02-07 00:00:00+00:00,133.7,133.67,0.0,5245.72,,0.0,0.11,381.09,46.77,46.76,45.02,47.63
2023-02-08 00:00:00+00:00,131.0,130.98,0.0,5140.29,,0.0,0.11,381.09,45.84,45.83,45.8,46.96
2023-02-09 00:00:00+00:00,129.1,129.07,0.0,5065.14,,0.0,0.11,381.09,45.17,45.15,44.75,46.72
2023-02-10 00:00:00+00:00,128.9,128.89,0.0,5058.42,,0.0,0.11,381.09,45.11,45.1,44.06,46.21
2023-02-13 00:00:00+00:00,133.4,133.41,0.0,5235.63,,0.0,0.11,381.09,46.7,46.69,45.01,47.83
2023-02-14 00:00:00+00:00,136.9,136.87,0.0,5371.34,,0.0,0.11,381.09,47.89,47.88,45.75,48.4
2023-02-15 00:00:00+00:00,140.2,140.24,0.0,5503.69,,0.0,0.11,381.09,49.13,49.12,47.5,49.54
2023-02-16 00:00:00+00:00,135.0,134.98,0.0,5297.32,,0.0,0.13,363.48,47.25,47.24,47.06,49.2899
2023-02-17 00:00:00+00:00,127.5,127.49,0.0,5003.46,,0.0,0.13,363.48,44.63,44.62,44.51,47.37
2023-02-20 00:00:00+00:00,127.5,127.49,0.0,5003.46,,0.0,0.13,363.48,,,,
2023-02-21 00:00:00+00:00,116.0,116.03,0.0,4553.7,,0.0,0.13,363.48,40.6,40.59,40.47,43.7199
2023-02-22 00:00:00+00:00,115.3,115.26,0.0,4523.41,,0.0,0.13,363.48,40.34,40.33,39.8,41.53
2023-02-23 00:00:00+00:00,113.6,113.63,0.0,4459.48,,0.0,0.13,363.48,39.79,39.77,38.281,40.67
2023-02-24 00:00:00+00:00,113.1,113.06,0.0,4437.05,,0.0,0.13,363.48,39.59,39.56,39.02,39.8
2023-02-27 00:00:00+00:00,116.7,116.72,0.0,4580.61,,0.0,0.13,363.48,40.88,40.87,39.5,40.98
2023-02-28 00:00:00+00:00,115.9,115.89,0.0,4548.09,,0.0,0.13,363.48,40.56,40.55,39.8723,40.71
2023-03-01 00:00:00+00:00,113.0,113.0,0.0,4434.8,,0.0,0.13,363.48,39.55,39.53,39.36,40.61
2023-03-02 00:00:00+00:00,114.3,114.32,0.0,4486.4,,0.0,0.13,363.48,40.0,39.98,38.98,40.17
2023-03-03 00:00:00+00:00,115.2,115.18,0.0,4520.05,,0.0,0.13,363.48,40.31,40.3,39.82,40.69
2023-03-06 00:00:00+00:00,115.5,115.55,0.0,4534.63,,0.0,0.13,363.48,40.42,40.41,40.2,41.93
2023-03-07 00:00:00+00:00,117.4,117.4,0.0,4607.53,,0.0,0.13,363.48,41.08,41.07,40.18,42.127
2023-03-08 00:00:00+00:00,115.2,115.18,0.0,4520.05,,0.0,0.13,363.48,40.3,40.28,39.83,41.35
2023-03-09 00:00:00+00:00,114.0,113.98,0.0,4472.94,,0.0,0.13,363.48,39.88,39.87,39.47,40.775
2023-03-10 00:00:00+00:00,110.9,110.89,0.0,4351.81,,0.0,0.13,363.48,38.82,38.8,38.095,39.8
2023-03-13 00:00:00+00:00,112.2,112.2,0.0,4403.4,,0.0,0.13,363.48,39.27,39.24,36.73,40.84
2023-03-14 00:00:00+00:00,110.3,110.32,0.0,4329.38,,0.0,0.13,363.48,38.6,38.59,37.72,40.49
2023-03-15 00:00:00+00:00,109.1,109.06,0.0,4417.29,,0.0,0.13,363.48,38.18,38.16,36.02,38.22
2023-03-16 00:00:00+00:00,110.7,110.72,0.0,4484.43,,0.0,0.16,243.57,38.74,38.73,36.6165,38.96
2023-03-17 00:00:00+00:00,110.3,110.35,0.0,4469.38,,0.0,0.16,243.57,38.62,38.61,38.32,40.24
2023-03-20 00:00:00+00:00,108.6,108.6,0.0,4398.77,,0.0,0.16,243.57,38.0,37.99,37.295,38.5
2023-03-21 00:00:00+00:00,114.0,113.98,0.0,4616.39,,0.0,0.16,243.57,39.86,39.85,38.41,40.57
2023-03-22 00:00:00+00:00,107.9,107.92,0.0,4370.99,,0.0,0.16,243.57,37.72,37.71,37.61,39.5248
2023-03-23 00:00:00+00:00,99.8,99.83,0.0,4043.4,,0.0,0.16,243.57,34.91,34.9,33.81,36.8
2023-03-24 00:00:00+00:00,96.0,96.0,0.0,3888.28,292.1,0.11,0.16,243.57,33.59,33.58,32.94,35.7
2023-03-27 00:00:00+00:00,98.3,98.26,0.0,3979.73,299.0,0.11,0.16,243.57,34.38,34.35,33.51,34.61
2023-03-28 00:00:00+00:00,101.6,101.57,0.0,4114.0,309.0,0.11,0.16,243.57,35.55,35.54,34.295,35.77
2023-03-29 00:00:00+00:00,106.6,106.6,0.0,4317.74,324.3,0.11,0.16,243.57,37.31,37.3,35.87,37.31
2023-03-30 00:00:00+00:00,105.4,105.4,0.0,4269.13,320.7,0.11,0.16,243.57,36.9,36.88,36.315,38.73
2023-03-31 00:00:00+00:00,106.8,106.83,0.0,4327.0,325.0,0.11,0.16,243.57,37.38,37.37,36.61,38.25
2023-04-03 00:00:00+00:00,106.1,106.14,0.0,4299.22,323.0,0.11,0.16,243.57,37.14,37.13,35.925,37.275
2023-04-04 00:00:00+00:00,103.3,103.32,0.0,4184.62,314.3,0.11,0.16,243.57,36.16,36.14,35.92,37.8897
2023-04-05 00:00:00+00:00,100.5,100.51,0.0,4071.18,305.8,0.11,0.16,243.57,35.19,35.16,34.4561,35.975
2023-04-06 00:00:00+00:00,100.6,100.63,0.0,4075.81,306.2,0.11,0.16,243.57,35.2,35.19,34.135,36.089
2023-04-07 00:00:00+00:00,100.6,100.63,0.0,4075.81,306.2,0.11,0.16,243.57,,,,
2023-04-10 00:00:00+00:00,100.7,100.69,0.0,4078.12,306.3,0.11,0.16,243.57,35.24,35.22,34.51,36.47
2023-04-11 00:00:00+00:00,101.7,101.69,0.0,4118.64,309.4,0.11,0.16,243.57,35.58,35.57,35.0201,36.31
2023-04-12 00:00:00+00:00,98.3,98.29,0.0,3980.89,299.0,0.11,0.16,243.57,34.38,34.37,34.34,36.33
2023-04-13 00:00:00+00:00,99.6,99.6,0.0,4034.14,303.0,0.11,0.16,243.57,34.86,34.84,34.39,35.3
2023-04-14 00:00:00+00:00,98.0,97.97,0.0,3968.15,298.1,0.11,0.16,243.57,34.29,34.28,33.83,34.85
2023-04-17 00:00:00+00:00,96.2,96.23,0.0,3897.54,292.8,0.11,0.16,243.57,33.68,33.67,33.1017,34.98
2023-04-18 00:00:00+00:00,93.3,93.34,0.0,3780.63,284.0,0.11,0.16,243.57,32.66,32.65,32.62,34.04
2023-04-19 00:00:00+00:00,94.2,94.17,0.0,3814.2,286.5,0.11,0.16,243.57,32.97,32.95,31.76,33.02
2023-04-20 00:00:00+00:00,93.8,93.77,0.0,3797.99,285.3,0.11,-0.01,,32.82,32.81,31.92,32.84
2023-04-21 00:00:00+00:00,93.9,93.94,0.0,3804.94,285.8,0.11,-0.01,,32.87,32.86,32.33,33.02
2023-04-24 00:00:00+00:00,95.7,95.68,0.0,3875.55,291.1,0.11,-0.01,,33.48,33.47,32.63,33.49
2023-04-25 00:00:00+00:00,89.3,89.31,0.0,3617.41,271.7,0.11,-0.01,,31.27,31.25,31.24,33.22
2023-04-26 00:00:00+00:00,88.6,88.6,0.0,3588.47,269.6,0.11,-0.01,,31.01,30.99,30.83,31.9
2023-04-27 00:00:00+00:00,89.9,89.94,0.0,3642.88,273.7,0.11,-0.01,,31.48,31.46,30.71,31.96
2023-04-28 00:00:00+00:00,88.6,88.63,0.0,3589.63,269.7,0.11,-0.01,,31.02,30.99,30.7301,31.955
2023-05-01 00:00:00+00:00,89.9,89.88,0.0,3640.56,273.5,0.11,-0.01,,31.46,31.43,30.87,31.68
2023-05-02 00:00:00+00:00,88.9,88.88,0.0,3600.05,270.4,0.11,-0.01,,31.12,31.1,30.34,31.415
2023-05-03 00:00:00+00:00,91.6,91.57,0.0,3708.86,278.6,0.11,-0.01,,32.05,32.02,31.25,32.7
2023-05-04 00:00:00+00:00,91.6,91.6,0.0,3710.02,278.7,0.11,-0.01,,32.05,32.04,31.07,32.21
2023-05-05 00:00:00+00:00,94.7,94.66,0.0,3833.88,288.0,0.11,-0.01,,33.13,33.12,32.25,33.47
2023-05-08 00:00:00+00:00,95.5,95.48,0.0,3867.45,290.5,0.11,-0.01,,33.42,33.41,32.54,33.63
2023-05-09 00:00:00+00:00,94.3,94.34,0.0,3821.14,287.0,0.11,-0.01,,33.03,33.01,32.91,33.48
2023-05-10 00:00:00+00:00,97.2,97.17,0.0,3935.74,295.7,0.11,-0.01,,34.0,33.99,33.365,34.35
2023-05-11 00:00:00+00:00,100.2,100.2,0.0,4058.44,304.9,0.11,-0.01,,35.07,35.06,33.951,35.14
2023-05-12 00:00:00+00:00,97.0,96.97,0.0,3927.64,295.0,0.11,-0.01,,33.93,33.92,33.73,35.8083
2023-05-15 00:00:00+00:00,99.0,99.03,0.0,4010.98,301.3,0.11,-0.01,,34.66,34.65,33.8,34.79
2023-05-16 00:00:00+00:00,96.1,96.06,0.0,3890.6,292.3,0.11,-0.01,,33.62,33.61,33.37,34.415
2023-05-17 00:00:00+00:00,97.2,97.2,0.0,3953.29,295.7,0.11,-0.01,,34.01,34.0,33.14,34.165
2023-05-18 00:00:00+00:00,96.5,96.54,0.0,3926.56,293.7,0.11,0.01,5101.5,33.78,33.75,33.37,34.23
2023-05-19 00:00:00+00:00,90.4,90.43,0.0,3677.81,275.1,0.11,0.01,5101.5,31.62,31.61,31.62,33.68
2023-05-22 00:00:00+00:00,92.9,92.88,0.0,3777.77,282.6,0.11,0.01,5101.5,32.48,32.47,31.64,32.57
2023-05-23 00:00:00+00:00,91.6,91.57,0.0,3724.3,278.6,0.11,0.01,5101.5,32.04,32.03,31.95,33.1
2023-05-24 00:00:00+00:00,90.3,90.25,0.0,3670.83,274.6,0.11,0.01,5101.5,31.58,31.57,30.18,32.315
2023-05-25 00:00:00+00:00,86.2,86.2,0.0,3505.77,262.3,0.11,0.01,5101.5,30.18,30.15,30.15,31.97
2023-05-26 00:00:00+00:00,87.2,87.17,0.0,3545.29,265.2,0.11,0.01,5101.5,30.51,30.5,29.77,31.01
2023-05-29 00:00:00+00:00,87.2,87.17,0.0,3545.29,265.2,0.11,0.01,5101.5,,,,
2023-05-30 00:00:00+00:00,86.3,86.31,0.0,3510.42,262.6,0.11,0.01,5101.5,30.2,30.19,30.12,31.6
2023-05-31 00:00:00+00:00,84.3,84.28,0.0,3427.89,256.4,0.11,0.01,5101.5,29.5,29.47,29.1,30.21
2023-06-01 00:00:00+00:00,102.5,102.46,0.0,4167.17,311.7,0.11,0.04,814.77,35.87,35.84,35.23,37.49
2023-06-02 00:00:00+00:00,101.5,101.49,0.0,4127.65,288.7,0.12,0.04,814.77,35.52,35.51,34.87,36.49
2023-06-05 00:00:00+00:00,,,,,,,0.04,814.77,36.8,36.79,35.44,37.16
2023-06-06 00:00:00+00:00,,,,,,,0.05,771.34,38.32,38.3,36.75,38.99
